0.000000000000000000e+00 0.000000000000000000e+00 0.000000000000000000e+00 0.000000000000000000e+00 0.000000000000000000e+00 0.000000000000000000e+00 5.478374660015106201e-02 4.019623622298240662e-02 0.000000000000000000e+00 0.000000000000000000e+00 0.000000000000000000e+00
1.554087847471237183e-01 0.000000000000000000e+00 8.670394122600555420e-02 3.231321647763252258e-02 0.000000000000000000e+00 1.209967024624347687e-02 0.000000000000000000e+00 2.646682411432266235e-02 0.000000000000000000e+00 3.241093829274177551e-02 0.000000000000000000e+00
5.051622912287712097e-02 4.906456544995307922e-02 7.890428602695465088e-02 5.632125306874513626e-03 2.571453526616096497e-02 1.484554260969161987e-01 7.942596822977066040e-02 0.000000000000000000e+00 0.000000000000000000e+00 1.183510571718215942e-01 0.000000000000000000e+00
1.165541931986808777e-01 0.000000000000000000e+00 0.000000000000000000e+00 0.000000000000000000e+00 8.018524944782257080e-02 3.266404382884502411e-03 1.032616868615150452e-01 5.739583168178796768e-03 8.448044955730438232e-02 0.000000000000000000e+00 0.000000000000000000e+00
1.930313766933977604e-03 2.182436874136328697e-03 1.600629300810396671e-03 1.826926600188016891e-03 0.000000000000000000e+00 2.147057093679904938e-03 2.034171484410762787e-03 1.610325998626649380e-03 1.985998125746846199e-03 3.335292683914303780e-03 7.003607694059610367e-03
0.000000000000000000e+00 0.000000000000000000e+00 0.000000000000000000e+00 0.000000000000000000e+00 0.000000000000000000e+00 0.000000000000000000e+00 0.000000000000000000e+00 0.000000000000000000e+00 0.000000000000000000e+00 0.000000000000000000e+00 3.054746054112911224e-02
1.816707290709018707e-02 0.000000000000000000e+00 0.000000000000000000e+00 2.080357447266578674e-02 0.000000000000000000e+00 2.910008281469345093e-02 0.000000000000000000e+00 1.752056032419204712e-01 8.385095000267028809e-02 0.000000000000000000e+00 1.305664181709289551e-01
0.000000000000000000e+00 9.843838214874267578e-02 0.000000000000000000e+00 0.000000000000000000e+00 8.773322403430938721e-02 3.062807209789752960e-02 5.536587163805961609e-02 0.000000000000000000e+00 1.209575086832046509e-01 0.000000000000000000e+00 0.000000000000000000e+00
1.038294192403554916e-02 2.960295416414737701e-02 0.000000000000000000e+00 6.617106962949037552e-03 0.000000000000000000e+00 0.000000000000000000e+00 6.880749948322772980e-03 0.000000000000000000e+00 4.049511253833770752e-02 3.580062091350555420e-02 0.000000000000000000e+00
0.000000000000000000e+00 0.000000000000000000e+00 1.553149819374084473e-01 0.000000000000000000e+00 4.720861613750457764e-01 0.000000000000000000e+00 0.000000000000000000e+00 0.000000000000000000e+00 1.015503853559494019e-01 0.000000000000000000e+00 2.648346722126007080e-01
0.000000000000000000e+00 0.000000000000000000e+00 4.304845424485392869e-05 2.419350857962854207e-05 7.935172470752149820e-05 0.000000000000000000e+00 2.392744318058248609e-05 3.076863208661961835e-07 0.000000000000000000e+00 3.040027877432294190e-05 0.000000000000000000e+00
