0.000000000000000000e+00 0.000000000000000000e+00 0.000000000000000000e+00 0.000000000000000000e+00 0.000000000000000000e+00 0.000000000000000000e+00 2.570186974480748177e-03 3.442640975117683411e-02 6.515427678823471069e-02 0.000000000000000000e+00 0.000000000000000000e+00
1.231235340237617493e-01 0.000000000000000000e+00 0.000000000000000000e+00 2.370680496096611023e-02 0.000000000000000000e+00 0.000000000000000000e+00 8.100748993456363678e-03 0.000000000000000000e+00 2.566179726272821426e-03 0.000000000000000000e+00 0.000000000000000000e+00
0.000000000000000000e+00 8.923660218715667725e-02 0.000000000000000000e+00 2.374491421505808830e-03 6.507863104343414307e-02 0.000000000000000000e+00 0.000000000000000000e+00 0.000000000000000000e+00 3.494185954332351685e-02 0.000000000000000000e+00 0.000000000000000000e+00
0.000000000000000000e+00 4.377401247620582581e-02 0.000000000000000000e+00 1.434793882071971893e-02 0.000000000000000000e+00 0.000000000000000000e+00 7.928913459181785583e-03 1.231445223093032837e-01 0.000000000000000000e+00 1.350384019315242767e-02 0.000000000000000000e+00
1.088800374418497086e-03 2.698002848774194717e-03 2.889970783144235611e-03 1.848494750447571278e-03 0.000000000000000000e+00 2.550041070207953453e-03 1.552518806420266628e-03 1.597887719981372356e-03 2.768497914075851440e-03 3.436613827943801880e-03 5.679670255631208420e-03
0.000000000000000000e+00 0.000000000000000000e+00 0.000000000000000000e+00 0.000000000000000000e+00 0.000000000000000000e+00 0.000000000000000000e+00 0.000000000000000000e+00 0.000000000000000000e+00 0.000000000000000000e+00 0.000000000000000000e+00 0.000000000000000000e+00
1.149248108267784119e-01 2.176738716661930084e-02 0.000000000000000000e+00 1.294320914894342422e-02 0.000000000000000000e+00 0.000000000000000000e+00 1.929515972733497620e-02 8.080602623522281647e-03 7.538627088069915771e-02 7.451563328504562378e-02 2.981380932033061981e-02
0.000000000000000000e+00 5.166616663336753845e-02 0.000000000000000000e+00 3.096632659435272217e-03 1.628070510923862457e-02 6.645157933235168457e-02 2.465179190039634705e-02 0.000000000000000000e+00 7.349813729524612427e-02 2.475772611796855927e-02 0.000000000000000000e+00
5.449620634317398071e-02 0.000000000000000000e+00 5.857118591666221619e-02 4.188169166445732117e-02 0.000000000000000000e+00 0.000000000000000000e+00 1.916231587529182434e-02 0.000000000000000000e+00 0.000000000000000000e+00 2.736607007682323456e-02 3.541611507534980774e-02
1.167858615517616272e-01 3.790934383869171143e-02 1.355954911559820175e-02 0.000000000000000000e+00 3.175256848335266113e-01 0.000000000000000000e+00 3.663814641186036170e-05 9.234415367245674133e-03 0.000000000000000000e+00 0.000000000000000000e+00 7.330927997827529907e-02
0.000000000000000000e+00 2.630343260534573346e-06 6.302796100499108434e-05 0.000000000000000000e+00 5.788349881186150014e-05 0.000000000000000000e+00 0.000000000000000000e+00 0.000000000000000000e+00 0.000000000000000000e+00 1.488024099671747535e-05 0.000000000000000000e+00
