0.000000000000000000e+00 0.000000000000000000e+00 0.000000000000000000e+00 0.000000000000000000e+00 0.000000000000000000e+00 0.000000000000000000e+00 0.000000000000000000e+00 2.098876517266035080e-03 2.712944708764553070e-02 0.000000000000000000e+00 0.000000000000000000e+00
5.067338049411773682e-02 0.000000000000000000e+00 0.000000000000000000e+00 4.905939102172851562e-02 2.347795851528644562e-02 0.000000000000000000e+00 3.412118181586265564e-02 3.629256412386894226e-02 0.000000000000000000e+00 0.000000000000000000e+00 7.642546296119689941e-02
0.000000000000000000e+00 3.908749669790267944e-03 0.000000000000000000e+00 1.426376309245824814e-02 0.000000000000000000e+00 5.791915580630302429e-02 7.994814962148666382e-02 0.000000000000000000e+00 3.298567235469818115e-02 6.978740543127059937e-02 2.172747068107128143e-02
1.382941007614135742e-02 0.000000000000000000e+00 0.000000000000000000e+00 0.000000000000000000e+00 2.724078856408596039e-02 0.000000000000000000e+00 0.000000000000000000e+00 7.097531855106353760e-02 0.000000000000000000e+00 8.136384189128875732e-03 0.000000000000000000e+00
3.966206568293273449e-04 1.795045216567814350e-03 2.067437628284096718e-03 1.113473437726497650e-03 0.000000000000000000e+00 9.668206912465393543e-04 8.920744876377284527e-04 0.000000000000000000e+00 1.337253255769610405e-03 2.636638237163424492e-03 4.980748519301414490e-03
0.000000000000000000e+00 0.000000000000000000e+00 0.000000000000000000e+00 0.000000000000000000e+00 0.000000000000000000e+00 0.000000000000000000e+00 0.000000000000000000e+00 0.000000000000000000e+00 0.000000000000000000e+00 0.000000000000000000e+00 0.000000000000000000e+00
2.858923934400081635e-02 0.000000000000000000e+00 0.000000000000000000e+00 5.832865368574857712e-03 0.000000000000000000e+00 0.000000000000000000e+00 0.000000000000000000e+00 0.000000000000000000e+00 2.813533321022987366e-02 5.366400629281997681e-02 0.000000000000000000e+00
0.000000000000000000e+00 0.000000000000000000e+00 5.927784834057092667e-03 0.000000000000000000e+00 4.262100905179977417e-02 0.000000000000000000e+00 0.000000000000000000e+00 1.081632748246192932e-01 0.000000000000000000e+00 0.000000000000000000e+00 0.000000000000000000e+00
0.000000000000000000e+00 0.000000000000000000e+00 3.589848428964614868e-02 2.129203872755169868e-03 0.000000000000000000e+00 3.307968378067016602e-02 0.000000000000000000e+00 0.000000000000000000e+00 0.000000000000000000e+00 2.835961058735847473e-03 0.000000000000000000e+00
5.445441976189613342e-02 1.157614439725875854e-01 6.666526198387145996e-02 0.000000000000000000e+00 3.788059949874877930e-01 6.187251955270767212e-02 0.000000000000000000e+00 0.000000000000000000e+00 3.791492432355880737e-02 0.000000000000000000e+00 1.464171260595321655e-01
0.000000000000000000e+00 0.000000000000000000e+00 3.166830356349237263e-05 1.802924543881090358e-06 4.689446723205037415e-05 0.000000000000000000e+00 2.662905671968474053e-06 1.687799340288620442e-05 0.000000000000000000e+00 9.339650205220095813e-06 0.000000000000000000e+00
