0.000000000000000000e+00 0.000000000000000000e+00 2.427675202488899231e-02 0.000000000000000000e+00 0.000000000000000000e+00 0.000000000000000000e+00 0.000000000000000000e+00 1.676087384112179279e-03 9.335888922214508057e-02 0.000000000000000000e+00 0.000000000000000000e+00
7.199431955814361572e-02 0.000000000000000000e+00 4.691229760646820068e-02 2.958475984632968903e-02 0.000000000000000000e+00 0.000000000000000000e+00 4.989445954561233521e-02 0.000000000000000000e+00 0.000000000000000000e+00 0.000000000000000000e+00 0.000000000000000000e+00
0.000000000000000000e+00 7.709812372922897339e-02 0.000000000000000000e+00 0.000000000000000000e+00 2.752645686268806458e-02 5.737185105681419373e-02 2.837084792554378510e-02 0.000000000000000000e+00 8.412899076938629150e-02 1.914545334875583649e-02 3.232383355498313904e-02
6.847489625215530396e-02 0.000000000000000000e+00 0.000000000000000000e+00 0.000000000000000000e+00 6.504084914922714233e-02 0.000000000000000000e+00 0.000000000000000000e+00 1.138443872332572937e-01 2.992273867130279541e-02 1.870059035718441010e-02 0.000000000000000000e+00
0.000000000000000000e+00 2.743358490988612175e-04 6.833909428678452969e-04 3.006914630532264709e-04 0.000000000000000000e+00 0.000000000000000000e+00 0.000000000000000000e+00 6.079920422052964568e-05 1.298996212426573038e-04 5.858667427673935890e-04 1.714998506940901279e-03
0.000000000000000000e+00 0.000000000000000000e+00 0.000000000000000000e+00 0.000000000000000000e+00 0.000000000000000000e+00 0.000000000000000000e+00 0.000000000000000000e+00 0.000000000000000000e+00 0.000000000000000000e+00 0.000000000000000000e+00 3.469446951953614189e-18
9.314925223588943481e-02 9.408175200223922729e-02 0.000000000000000000e+00 0.000000000000000000e+00 1.408961322158575058e-02 1.789155974984169006e-02 0.000000000000000000e+00 0.000000000000000000e+00 5.623912811279296875e-02 4.738100618124008179e-02 1.094880700111389160e-02
0.000000000000000000e+00 0.000000000000000000e+00 0.000000000000000000e+00 0.000000000000000000e+00 2.894450165331363678e-02 0.000000000000000000e+00 0.000000000000000000e+00 3.643047064542770386e-02 9.855844080448150635e-02 0.000000000000000000e+00 0.000000000000000000e+00
0.000000000000000000e+00 3.379677981138229370e-02 4.867591336369514465e-02 0.000000000000000000e+00 2.401046827435493469e-02 0.000000000000000000e+00 9.193517267704010010e-03 0.000000000000000000e+00 0.000000000000000000e+00 1.130635943263769150e-02 0.000000000000000000e+00
5.168251320719718933e-02 1.072157025337219238e-01 5.799343436956405640e-02 0.000000000000000000e+00 2.891895174980163574e-01 0.000000000000000000e+00 4.954012483358383179e-02 1.720051839947700500e-02 6.384550034999847412e-02 0.000000000000000000e+00 8.674280345439910889e-02
0.000000000000000000e+00 0.000000000000000000e+00 1.571684515511151403e-05 0.000000000000000000e+00 2.294018304382916540e-05 0.000000000000000000e+00 3.653518660939880647e-06 2.662698307176469825e-06 0.000000000000000000e+00 3.586692628232412972e-06 0.000000000000000000e+00
