0.000000000000000000e+00 1.098619699478149414e-01 0.000000000000000000e+00 0.000000000000000000e+00 0.000000000000000000e+00 0.000000000000000000e+00 4.125382751226425171e-02 4.220897331833839417e-02 0.000000000000000000e+00 0.000000000000000000e+00 0.000000000000000000e+00
7.966616004705429077e-02 0.000000000000000000e+00 0.000000000000000000e+00 0.000000000000000000e+00 0.000000000000000000e+00 0.000000000000000000e+00 1.168991439044475555e-03 3.382990509271621704e-02 2.735359035432338715e-02 0.000000000000000000e+00 0.000000000000000000e+00
0.000000000000000000e+00 1.335470229387283325e-01 1.106162741780281067e-01 0.000000000000000000e+00 4.836214706301689148e-03 1.962683349847793579e-01 6.565804034471511841e-02 0.000000000000000000e+00 3.231353685259819031e-02 3.068708255887031555e-02 0.000000000000000000e+00
1.864427626132965088e-01 0.000000000000000000e+00 0.000000000000000000e+00 0.000000000000000000e+00 4.707936942577362061e-02 1.439243461936712265e-02 0.000000000000000000e+00 1.296663563698530197e-02 7.823835313320159912e-02 7.807581126689910889e-02 0.000000000000000000e+00
1.209296984598040581e-03 2.651768270879983902e-03 3.140197135508060455e-03 3.595336340367794037e-03 0.000000000000000000e+00 3.198519814759492874e-03 3.038493683561682701e-03 1.955360639840364456e-03 2.705632941797375679e-03 6.180190481245517731e-03 8.751230314373970032e-03
0.000000000000000000e+00 0.000000000000000000e+00 0.000000000000000000e+00 0.000000000000000000e+00 0.000000000000000000e+00 0.000000000000000000e+00 0.000000000000000000e+00 0.000000000000000000e+00 0.000000000000000000e+00 0.000000000000000000e+00 6.938893903907228378e-18
9.788624942302703857e-02 1.140487566590309143e-02 0.000000000000000000e+00 0.000000000000000000e+00 0.000000000000000000e+00 0.000000000000000000e+00 9.462789446115493774e-02 1.346821039915084839e-01 1.012220308184623718e-01 4.922217875719070435e-02 5.206015706062316895e-02
0.000000000000000000e+00 2.766345068812370300e-02 0.000000000000000000e+00 0.000000000000000000e+00 0.000000000000000000e+00 0.000000000000000000e+00 0.000000000000000000e+00 0.000000000000000000e+00 7.400927692651748657e-02 0.000000000000000000e+00 4.191500693559646606e-02
0.000000000000000000e+00 6.060564890503883362e-02 0.000000000000000000e+00 0.000000000000000000e+00 0.000000000000000000e+00 6.601889431476593018e-02 0.000000000000000000e+00 1.317403372377157211e-02 0.000000000000000000e+00 0.000000000000000000e+00 0.000000000000000000e+00
4.319011047482490540e-02 3.726731240749359131e-02 1.119719818234443665e-01 0.000000000000000000e+00 3.476458787918090820e-01 1.676572300493717194e-02 0.000000000000000000e+00 0.000000000000000000e+00 1.311865895986557007e-01 0.000000000000000000e+00 1.062185987830162048e-01
0.000000000000000000e+00 0.000000000000000000e+00 6.201360520208254457e-05 1.979637454496696591e-05 7.248178008012473583e-05 0.000000000000000000e+00 3.627937257988378406e-05 4.618533785105682909e-05 0.000000000000000000e+00 2.224788295279722661e-05 0.000000000000000000e+00
