0.000000000000000000e+00 0.000000000000000000e+00 3.719650954008102417e-02 0.000000000000000000e+00 0.000000000000000000e+00 0.000000000000000000e+00 0.000000000000000000e+00 3.509397793095558882e-04 2.517798356711864471e-02 0.000000000000000000e+00 0.000000000000000000e+00
5.628553032875061035e-02 0.000000000000000000e+00 9.809431433677673340e-02 0.000000000000000000e+00 1.284186542034149170e-02 0.000000000000000000e+00 0.000000000000000000e+00 1.905797631479799747e-03 0.000000000000000000e+00 0.000000000000000000e+00 4.228107631206512451e-02
0.000000000000000000e+00 3.594501689076423645e-02 0.000000000000000000e+00 4.986952245235443115e-02 0.000000000000000000e+00 1.639292687177658081e-01 2.483974397182464600e-02 0.000000000000000000e+00 0.000000000000000000e+00 0.000000000000000000e+00 3.904124896507710218e-04
1.566026359796524048e-01 0.000000000000000000e+00 0.000000000000000000e+00 0.000000000000000000e+00 8.097416162490844727e-02 5.316456407308578491e-02 0.000000000000000000e+00 1.365417689085006714e-01 4.639404825866222382e-03 0.000000000000000000e+00 0.000000000000000000e+00
1.546808052808046341e-03 1.334576052613556385e-03 1.432704972103238106e-03 1.353916246443986893e-03 0.000000000000000000e+00 5.130988429300487041e-04 1.362180802971124649e-03 1.098296139389276505e-03 1.635285094380378723e-03 2.416702685877680779e-03 5.495450459420681000e-03
0.000000000000000000e+00 0.000000000000000000e+00 0.000000000000000000e+00 0.000000000000000000e+00 0.000000000000000000e+00 0.000000000000000000e+00 0.000000000000000000e+00 0.000000000000000000e+00 0.000000000000000000e+00 0.000000000000000000e+00 1.927472651004791260e-02
0.000000000000000000e+00 1.751498505473136902e-02 0.000000000000000000e+00 2.983081620186567307e-03 0.000000000000000000e+00 1.390578877180814743e-02 0.000000000000000000e+00 0.000000000000000000e+00 6.540708988904953003e-02 1.521944701671600342e-01 6.134236697107553482e-03
0.000000000000000000e+00 5.662073940038681030e-02 1.078097242861986160e-02 0.000000000000000000e+00 0.000000000000000000e+00 0.000000000000000000e+00 0.000000000000000000e+00 2.872632443904876709e-02 0.000000000000000000e+00 0.000000000000000000e+00 0.000000000000000000e+00
1.154308486729860306e-02 3.493023663759231567e-02 1.173806842416524887e-02 0.000000000000000000e+00 0.000000000000000000e+00 6.929422914981842041e-02 4.317582771182060242e-02 0.000000000000000000e+00 4.345897212624549866e-02 2.615452511236071587e-03 7.200998812913894653e-02
1.251412834972143173e-02 3.003751114010810852e-02 1.392116397619247437e-01 0.000000000000000000e+00 3.814526796340942383e-01 0.000000000000000000e+00 0.000000000000000000e+00 0.000000000000000000e+00 5.342676490545272827e-02 0.000000000000000000e+00 1.017100140452384949e-01
0.000000000000000000e+00 0.000000000000000000e+00 2.370970832998864353e-05 1.064197203959338367e-05 4.270263161743059754e-05 0.000000000000000000e+00 1.274898295378079638e-05 2.641291939653456211e-05 0.000000000000000000e+00 1.028432234306819737e-05 0.000000000000000000e+00
