0.000000000000000000e+00 7.589792013168334961e-01 2.558536834716796875e+02 0.000000000000000000e+00 0.000000000000000000e+00 0.000000000000000000e+00 7.592156982421875000e+02 1.052910156250000000e+03 3.424229125976562500e+02 8.385412597656250000e+01 0.000000000000000000e+00
2.477270317077636719e+01 0.000000000000000000e+00 1.758335418701171875e+02 7.430409240722656250e+01 3.508179321289062500e+02 4.813090324401855469e+00 4.416800498962402344e+00 1.126652304083108902e-02 1.086622314453125000e+03 8.893222808837890625e+00 2.498837890625000000e+03
5.310560913085937500e+02 4.066102294921875000e+02 3.854987792968750000e+02 1.131652736663818359e+01 1.335055947303771973e+00 8.841886596679687500e+02 6.569599151611328125e+01 1.454135894775390625e+02 1.631848144531250000e+02 1.553416992187500000e+03 7.388414144515991211e-01
1.579439697265625000e+02 9.018964767456054688e-01 0.000000000000000000e+00 8.309623718261718750e+01 2.406916351318359375e+02 1.903556060791015625e+01 1.346766967773437500e+03 1.148967773437500000e+03 5.718824462890625000e+02 9.351449012756347656e+00 3.274874267578125000e+02
9.378945350646972656e+00 1.098844718933105469e+01 6.177141666412353516e+00 2.477139949798583984e+00 0.000000000000000000e+00 2.458087801933288574e-01 3.190837621688842773e+00 3.231166839599609375e+00 2.678395509719848633e-01 6.468211650848388672e+00 2.751533126831054688e+01
0.000000000000000000e+00 0.000000000000000000e+00 0.000000000000000000e+00 0.000000000000000000e+00 0.000000000000000000e+00 0.000000000000000000e+00 0.000000000000000000e+00 0.000000000000000000e+00 0.000000000000000000e+00 0.000000000000000000e+00 0.000000000000000000e+00
5.753289222717285156e+00 2.170975112915039062e+01 0.000000000000000000e+00 3.580984375000000000e+03 6.552348327636718750e+01 2.729347944259643555e-01 1.948661132812500000e+03 1.261678314208984375e+01 3.153749511718750000e+03 2.157360107421875000e+03 1.603158325195312500e+03
0.000000000000000000e+00 1.207144165039062500e+02 4.235825729370117188e+01 1.472778525203466415e-02 7.399312133789062500e+02 1.955402069091796875e+02 4.051668930053710938e+01 9.063735351562500000e+02 1.794779510498046875e+02 1.538190736027900130e-05 2.801013365387916565e-02
0.000000000000000000e+00 1.719819488525390625e+02 1.086881103515625000e+03 1.076384735107421875e+02 6.007443428039550781e+00 9.573054199218750000e+02 7.504951477050781250e+01 8.303485870361328125e+00 2.986484527587890625e+00 6.106452941894531250e+01 1.488687255859375000e+03
0.000000000000000000e+00 0.000000000000000000e+00 0.000000000000000000e+00 0.000000000000000000e+00 2.124182510375976562e+01 0.000000000000000000e+00 0.000000000000000000e+00 0.000000000000000000e+00 0.000000000000000000e+00 0.000000000000000000e+00 1.856192830018699169e-04
0.000000000000000000e+00 2.986131235957145691e-03 1.683350801467895508e-01 0.000000000000000000e+00 2.260524779558181763e-01 0.000000000000000000e+00 6.669317185878753662e-02 1.250377744436264038e-01 3.771289717406034470e-03 9.560281783342361450e-02 5.215654964558780193e-04
