0.000000000000000000e+00 2.146976627409458160e-02 4.697362706065177917e-02 0.000000000000000000e+00 0.000000000000000000e+00 0.000000000000000000e+00 0.000000000000000000e+00 0.000000000000000000e+00 1.811833493411540985e-02 0.000000000000000000e+00 0.000000000000000000e+00
1.275199204683303833e-01 0.000000000000000000e+00 1.518421806395053864e-02 6.043670326471328735e-02 0.000000000000000000e+00 0.000000000000000000e+00 5.856407433748245239e-02 0.000000000000000000e+00 0.000000000000000000e+00 0.000000000000000000e+00 4.614635929465293884e-02
0.000000000000000000e+00 4.044002667069435120e-02 4.823728278279304504e-02 1.726584509015083313e-02 0.000000000000000000e+00 6.379473209381103516e-02 1.400645226240158081e-01 0.000000000000000000e+00 1.841853559017181396e-02 4.628162831068038940e-02 4.018700122833251953e-02
1.136093363165855408e-01 0.000000000000000000e+00 0.000000000000000000e+00 0.000000000000000000e+00 0.000000000000000000e+00 0.000000000000000000e+00 0.000000000000000000e+00 2.960880473256111145e-02 9.311189502477645874e-02 1.112163066864013672e-01 0.000000000000000000e+00
5.215668352320790291e-04 1.202853629365563393e-03 1.352510298602283001e-03 8.693307172507047653e-04 0.000000000000000000e+00 1.877895090728998184e-03 1.605090219527482986e-03 6.578487809747457504e-04 2.566993935033679008e-03 2.418279182165861130e-03 6.476112175732851028e-03
0.000000000000000000e+00 0.000000000000000000e+00 0.000000000000000000e+00 0.000000000000000000e+00 0.000000000000000000e+00 0.000000000000000000e+00 0.000000000000000000e+00 0.000000000000000000e+00 0.000000000000000000e+00 0.000000000000000000e+00 1.217677164822816849e-02
2.762449719011783600e-02 0.000000000000000000e+00 0.000000000000000000e+00 3.817973658442497253e-03 0.000000000000000000e+00 0.000000000000000000e+00 4.295828938484191895e-02 4.676640033721923828e-02 9.708485007286071777e-02 7.151061296463012695e-02 0.000000000000000000e+00
0.000000000000000000e+00 2.633176743984222412e-02 3.160421550273895264e-02 0.000000000000000000e+00 6.197800394147634506e-03 1.571776531636714935e-02 0.000000000000000000e+00 0.000000000000000000e+00 1.052052713930606842e-03 0.000000000000000000e+00 0.000000000000000000e+00
1.346475817263126373e-02 2.834941446781158447e-02 0.000000000000000000e+00 0.000000000000000000e+00 0.000000000000000000e+00 0.000000000000000000e+00 6.239540502429008484e-02 0.000000000000000000e+00 0.000000000000000000e+00 2.696320042014122009e-02 8.502565324306488037e-03
3.446703031659126282e-02 4.173653572797775269e-02 8.113480359315872192e-02 0.000000000000000000e+00 3.928712904453277588e-01 0.000000000000000000e+00 0.000000000000000000e+00 0.000000000000000000e+00 3.090409003198146820e-02 2.019093371927738190e-02 1.541676372289657593e-01
0.000000000000000000e+00 3.545546860550530255e-06 6.511429091915488243e-05 8.062880624493118376e-06 6.020088403602130711e-05 0.000000000000000000e+00 7.758901119814254344e-06 2.713010144361760467e-05 0.000000000000000000e+00 2.995968861796427518e-05 0.000000000000000000e+00
