0.000000000000000000e+00 0.000000000000000000e+00 0.000000000000000000e+00 0.000000000000000000e+00 0.000000000000000000e+00 0.000000000000000000e+00 1.150836348533630371e-01 2.602678909897804260e-02 0.000000000000000000e+00 0.000000000000000000e+00 0.000000000000000000e+00
6.456041336059570312e-02 0.000000000000000000e+00 5.695110559463500977e-02 1.674080640077590942e-02 0.000000000000000000e+00 0.000000000000000000e+00 0.000000000000000000e+00 0.000000000000000000e+00 5.802286043763160706e-02 0.000000000000000000e+00 0.000000000000000000e+00
0.000000000000000000e+00 1.150561571121215820e-01 5.203650146722793579e-02 0.000000000000000000e+00 3.074094094336032867e-02 5.081585794687271118e-02 0.000000000000000000e+00 0.000000000000000000e+00 0.000000000000000000e+00 8.940349519252777100e-02 1.508071087300777435e-02
4.154207184910774231e-02 0.000000000000000000e+00 0.000000000000000000e+00 0.000000000000000000e+00 0.000000000000000000e+00 0.000000000000000000e+00 0.000000000000000000e+00 6.346581876277923584e-02 0.000000000000000000e+00 3.830739855766296387e-02 0.000000000000000000e+00
6.135313306003808975e-04 3.813839517533779144e-03 1.199676189571619034e-03 1.386897289194166660e-03 0.000000000000000000e+00 3.905069082975387573e-03 4.815868567675352097e-03 0.000000000000000000e+00 3.147164592519402504e-03 4.196347668766975403e-03 7.811029907315969467e-03
0.000000000000000000e+00 0.000000000000000000e+00 0.000000000000000000e+00 0.000000000000000000e+00 0.000000000000000000e+00 0.000000000000000000e+00 0.000000000000000000e+00 0.000000000000000000e+00 0.000000000000000000e+00 0.000000000000000000e+00 0.000000000000000000e+00
1.160660386085510254e-02 3.615803271532058716e-02 0.000000000000000000e+00 9.898505359888076782e-02 0.000000000000000000e+00 2.634309232234954834e-02 0.000000000000000000e+00 2.136004716157913208e-02 1.764659583568572998e-02 5.976180732250213623e-02 1.337711215019226074e-01
0.000000000000000000e+00 1.303765326738357544e-01 0.000000000000000000e+00 1.330541726201772690e-02 0.000000000000000000e+00 0.000000000000000000e+00 0.000000000000000000e+00 0.000000000000000000e+00 7.739732414484024048e-02 0.000000000000000000e+00 0.000000000000000000e+00
0.000000000000000000e+00 2.094392105937004089e-02 1.388762518763542175e-02 4.147276282310485840e-03 0.000000000000000000e+00 0.000000000000000000e+00 1.087400019168853760e-01 1.352627947926521301e-02 0.000000000000000000e+00 5.983504001051187515e-03 2.532559260725975037e-02
1.424126476049423218e-01 9.055349975824356079e-02 1.153973639011383057e-01 2.803089097142219543e-02 4.284986853599548340e-01 1.041001733392477036e-02 0.000000000000000000e+00 0.000000000000000000e+00 0.000000000000000000e+00 0.000000000000000000e+00 1.117313057184219360e-01
0.000000000000000000e+00 0.000000000000000000e+00 6.980262696743011475e-05 1.212006736750481650e-06 9.628077532397583127e-05 0.000000000000000000e+00 1.022168180497828871e-05 3.136604573228396475e-05 4.399709268909646198e-06 3.650090729934163392e-05 0.000000000000000000e+00
