0.000000000000000000e+00 7.217582315206527710e-03 5.537446122616529465e-03 0.000000000000000000e+00 0.000000000000000000e+00 0.000000000000000000e+00 2.228748239576816559e-02 2.162752905860543251e-03 2.120233513414859772e-02 0.000000000000000000e+00 0.000000000000000000e+00
5.989869590848684311e-03 0.000000000000000000e+00 1.054066233336925507e-02 6.807876750826835632e-03 0.000000000000000000e+00 2.982516889460384846e-04 9.975146502256393433e-03 0.000000000000000000e+00 0.000000000000000000e+00 0.000000000000000000e+00 0.000000000000000000e+00
0.000000000000000000e+00 1.987230964004993439e-02 1.115522161126136780e-02 0.000000000000000000e+00 4.819482099264860153e-03 1.451903115957975388e-02 1.397472713142633438e-02 0.000000000000000000e+00 0.000000000000000000e+00 1.891825534403324127e-02 7.956485264003276825e-03
1.068159658461809158e-02 0.000000000000000000e+00 3.061651717871427536e-03 3.277104580774903297e-03 0.000000000000000000e+00 0.000000000000000000e+00 5.262152291834354401e-03 1.557056512683629990e-02 1.586605235934257507e-02 2.004289813339710236e-02 0.000000000000000000e+00
1.637867826502770185e-04 2.428612671792507172e-03 9.836445096880197525e-04 1.690356177277863026e-03 0.000000000000000000e+00 1.913134474307298660e-03 2.036611782386898994e-03 9.038261487148702145e-04 1.429004012607038021e-03 1.226661959663033485e-03 4.595001228153705597e-03
0.000000000000000000e+00 1.994391158223152161e-02 3.930372372269630432e-02 1.182592194527387619e-02 0.000000000000000000e+00 7.579510658979415894e-02 2.988602966070175171e-03 4.479205701500177383e-03 0.000000000000000000e+00 1.560941059142351151e-02 1.068057566881179810e-01
1.715911179780960083e-02 0.000000000000000000e+00 0.000000000000000000e+00 3.174351900815963745e-02 0.000000000000000000e+00 1.742786914110183716e-02 0.000000000000000000e+00 1.402195170521736145e-02 1.872342824935913086e-02 0.000000000000000000e+00 0.000000000000000000e+00
0.000000000000000000e+00 1.324438489973545074e-02 1.373942475765943527e-02 0.000000000000000000e+00 0.000000000000000000e+00 0.000000000000000000e+00 5.111226812005043030e-03 0.000000000000000000e+00 1.836736500263214111e-02 0.000000000000000000e+00 6.174902897328138351e-03
0.000000000000000000e+00 0.000000000000000000e+00 7.385826669633388519e-03 7.288074120879173279e-04 0.000000000000000000e+00 0.000000000000000000e+00 1.309664454311132431e-02 0.000000000000000000e+00 0.000000000000000000e+00 0.000000000000000000e+00 4.878580570220947266e-03
2.634609863162040710e-02 0.000000000000000000e+00 1.640570163726806641e-02 1.390629075467586517e-02 7.691997289657592773e-02 0.000000000000000000e+00 1.148275285959243774e-02 0.000000000000000000e+00 2.571064420044422150e-02 0.000000000000000000e+00 4.459108412265777588e-02
0.000000000000000000e+00 1.677007094258442521e-05 1.260638382518664002e-04 1.341889037576038390e-05 1.044468517648056149e-04 0.000000000000000000e+00 6.482461321866139770e-05 5.075201625004410744e-05 0.000000000000000000e+00 6.235628097783774137e-05 1.515869917056988925e-05
