0.000000000000000000e+00 0.000000000000000000e+00 9.475995600223541260e-02 0.000000000000000000e+00 0.000000000000000000e+00 0.000000000000000000e+00 0.000000000000000000e+00 1.341678202152252197e-01 1.013944391161203384e-02 0.000000000000000000e+00 0.000000000000000000e+00
1.687179803848266602e-01 0.000000000000000000e+00 6.136316061019897461e-02 2.751846425235271454e-02 0.000000000000000000e+00 0.000000000000000000e+00 2.032881043851375580e-02 0.000000000000000000e+00 5.767451599240303040e-02 9.237191826105117798e-02 0.000000000000000000e+00
0.000000000000000000e+00 0.000000000000000000e+00 0.000000000000000000e+00 1.583094708621501923e-02 0.000000000000000000e+00 8.130603283643722534e-02 0.000000000000000000e+00 8.533291518688201904e-03 0.000000000000000000e+00 1.410271376371383667e-01 5.680007115006446838e-02
1.469497084617614746e-01 0.000000000000000000e+00 0.000000000000000000e+00 0.000000000000000000e+00 1.201419308781623840e-01 4.242283850908279419e-02 5.410664528608322144e-02 1.212367415428161621e-01 4.048487544059753418e-02 0.000000000000000000e+00 0.000000000000000000e+00
0.000000000000000000e+00 9.831105126067996025e-04 8.219537448894698173e-06 1.564911566674709320e-03 0.000000000000000000e+00 2.314310055226087570e-03 1.250786008313298225e-03 0.000000000000000000e+00 0.000000000000000000e+00 2.927622990682721138e-03 4.552273545414209366e-03
0.000000000000000000e+00 0.000000000000000000e+00 0.000000000000000000e+00 0.000000000000000000e+00 0.000000000000000000e+00 0.000000000000000000e+00 0.000000000000000000e+00 0.000000000000000000e+00 0.000000000000000000e+00 0.000000000000000000e+00 0.000000000000000000e+00
4.217871278524398804e-02 1.395206898450851440e-01 0.000000000000000000e+00 0.000000000000000000e+00 0.000000000000000000e+00 4.075596109032630920e-02 0.000000000000000000e+00 1.165653765201568604e-01 4.149968177080154419e-02 2.279736101627349854e-01 1.343135088682174683e-01
0.000000000000000000e+00 3.292793035507202148e-02 0.000000000000000000e+00 0.000000000000000000e+00 1.474020909518003464e-02 7.731318008154630661e-03 0.000000000000000000e+00 0.000000000000000000e+00 1.041852682828903198e-01 5.112086609005928040e-02 3.314485028386116028e-02
0.000000000000000000e+00 6.127702072262763977e-02 0.000000000000000000e+00 0.000000000000000000e+00 0.000000000000000000e+00 1.292969938367605209e-02 4.987324774265289307e-02 1.660213060677051544e-02 1.597985439002513885e-02 3.653610838227905333e-05 1.640037447214126587e-02
1.708854138851165771e-01 1.573777943849563599e-01 7.113286107778549194e-02 0.000000000000000000e+00 4.055972397327423096e-01 0.000000000000000000e+00 0.000000000000000000e+00 0.000000000000000000e+00 4.036929830908775330e-02 0.000000000000000000e+00 6.037248298525810242e-02
0.000000000000000000e+00 1.658578526075871196e-06 1.103254544432274997e-04 0.000000000000000000e+00 1.924856478581205010e-04 0.000000000000000000e+00 1.421499910065904260e-04 2.359363179493811913e-06 0.000000000000000000e+00 0.000000000000000000e+00 0.000000000000000000e+00
