0.000000000000000000e+00 0.000000000000000000e+00 2.083386480808258057e-02 0.000000000000000000e+00 0.000000000000000000e+00 0.000000000000000000e+00 1.024982891976833344e-02 2.134931087493896484e-02 0.000000000000000000e+00 2.745614387094974518e-03 0.000000000000000000e+00
1.423588991165161133e-01 0.000000000000000000e+00 1.237837672233581543e-01 3.881287062540650368e-03 0.000000000000000000e+00 0.000000000000000000e+00 0.000000000000000000e+00 0.000000000000000000e+00 1.980254985392093658e-02 0.000000000000000000e+00 0.000000000000000000e+00
6.684198975563049316e-03 0.000000000000000000e+00 0.000000000000000000e+00 2.919892035424709320e-02 0.000000000000000000e+00 0.000000000000000000e+00 0.000000000000000000e+00 0.000000000000000000e+00 0.000000000000000000e+00 4.884606599807739258e-02 0.000000000000000000e+00
6.434415280818939209e-02 0.000000000000000000e+00 0.000000000000000000e+00 4.507520049810409546e-02 1.284260153770446777e-01 1.479976624250411987e-02 4.180940240621566772e-02 4.433375597000122070e-02 2.131086587905883789e-02 0.000000000000000000e+00 0.000000000000000000e+00
2.239299792563542724e-04 7.563937106169760227e-05 6.056971033103764057e-04 2.265818620799109340e-04 0.000000000000000000e+00 6.719969678670167923e-04 3.573484718799591064e-05 0.000000000000000000e+00 0.000000000000000000e+00 3.164819499943405390e-04 1.653428189456462860e-03
0.000000000000000000e+00 0.000000000000000000e+00 0.000000000000000000e+00 0.000000000000000000e+00 0.000000000000000000e+00 0.000000000000000000e+00 0.000000000000000000e+00 0.000000000000000000e+00 0.000000000000000000e+00 0.000000000000000000e+00 0.000000000000000000e+00
5.236209928989410400e-02 6.857594102621078491e-02 0.000000000000000000e+00 0.000000000000000000e+00 0.000000000000000000e+00 0.000000000000000000e+00 5.079038068652153015e-02 5.326694250106811523e-02 2.103998512029647827e-02 7.370583713054656982e-02 7.621960341930389404e-02
0.000000000000000000e+00 3.772705048322677612e-02 0.000000000000000000e+00 3.003859892487525940e-03 1.281006075441837311e-02 0.000000000000000000e+00 1.312298141419887543e-02 0.000000000000000000e+00 7.199990749359130859e-02 2.253888919949531555e-02 0.000000000000000000e+00
0.000000000000000000e+00 8.194346725940704346e-02 0.000000000000000000e+00 0.000000000000000000e+00 0.000000000000000000e+00 0.000000000000000000e+00 5.022748187184333801e-02 2.690559066832065582e-02 4.356477037072181702e-02 7.637693081051111221e-03 1.837050076574087143e-03
0.000000000000000000e+00 0.000000000000000000e+00 9.082859754562377930e-02 0.000000000000000000e+00 2.834319174289703369e-01 0.000000000000000000e+00 0.000000000000000000e+00 0.000000000000000000e+00 6.799826025962829590e-02 0.000000000000000000e+00 1.690709739923477173e-01
0.000000000000000000e+00 0.000000000000000000e+00 1.327514382865047082e-05 8.729010119168378878e-07 2.030952418863307685e-05 0.000000000000000000e+00 8.623324902146123350e-06 3.644806838565273210e-06 4.322653694543987513e-06 6.576779469469329342e-06 0.000000000000000000e+00
