0.000000000000000000e+00 0.000000000000000000e+00 7.175606489181518555e-02 0.000000000000000000e+00 0.000000000000000000e+00 0.000000000000000000e+00 0.000000000000000000e+00 7.282217592000961304e-02 0.000000000000000000e+00 0.000000000000000000e+00 0.000000000000000000e+00
0.000000000000000000e+00 0.000000000000000000e+00 5.863286927342414856e-02 0.000000000000000000e+00 0.000000000000000000e+00 1.450889557600021362e-01 4.912343621253967285e-02 0.000000000000000000e+00 0.000000000000000000e+00 0.000000000000000000e+00 0.000000000000000000e+00
2.796675311401486397e-03 1.128614321351051331e-01 4.112014081329107285e-03 0.000000000000000000e+00 6.235481798648834229e-02 1.458066850900650024e-01 0.000000000000000000e+00 0.000000000000000000e+00 0.000000000000000000e+00 6.456013023853302002e-02 5.942870676517486572e-02
5.880554020404815674e-02 0.000000000000000000e+00 1.121813524514436722e-02 0.000000000000000000e+00 5.458697304129600525e-02 0.000000000000000000e+00 3.836350888013839722e-02 3.735237196087837219e-02 8.086248487234115601e-02 0.000000000000000000e+00 2.080070599913597107e-02
2.285769674926996231e-03 1.729981973767280579e-03 1.460167579352855682e-03 3.412501886487007141e-03 0.000000000000000000e+00 6.148047395981848240e-04 3.143985988572239876e-03 2.272082725539803505e-03 2.667070599272847176e-03 2.715133829042315483e-03 8.177842013537883759e-03
0.000000000000000000e+00 0.000000000000000000e+00 0.000000000000000000e+00 0.000000000000000000e+00 0.000000000000000000e+00 0.000000000000000000e+00 0.000000000000000000e+00 0.000000000000000000e+00 0.000000000000000000e+00 0.000000000000000000e+00 0.000000000000000000e+00
3.286864608526229858e-02 0.000000000000000000e+00 0.000000000000000000e+00 6.491652876138687134e-02 0.000000000000000000e+00 2.608245983719825745e-02 0.000000000000000000e+00 1.490621082484722137e-02 0.000000000000000000e+00 1.237293034791946411e-01 9.722572565078735352e-02
0.000000000000000000e+00 6.509006023406982422e-02 0.000000000000000000e+00 0.000000000000000000e+00 0.000000000000000000e+00 0.000000000000000000e+00 0.000000000000000000e+00 0.000000000000000000e+00 3.259357064962387085e-02 0.000000000000000000e+00 0.000000000000000000e+00
8.599778264760971069e-02 1.827705502510070801e-01 1.414045840501785278e-01 2.829005122184753418e-01 0.000000000000000000e+00 1.618893295526504517e-01 2.345990240573883057e-01 2.083634436130523682e-01 2.601347863674163818e-01 1.103578135371208191e-01 2.980709075927734375e-01
1.037893146276473999e-01 0.000000000000000000e+00 3.266448527574539185e-02 2.507931785658001900e-03 4.074197113513946533e-01 0.000000000000000000e+00 1.107852682471275330e-01 0.000000000000000000e+00 5.230649188160896301e-02 0.000000000000000000e+00 2.096018940210342407e-01
0.000000000000000000e+00 0.000000000000000000e+00 2.414465780020691454e-05 3.013148125319276005e-05 8.569565397920086980e-05 0.000000000000000000e+00 0.000000000000000000e+00 3.421568180783651769e-05 0.000000000000000000e+00 8.336313476320356131e-05 0.000000000000000000e+00
