0.000000000000000000e+00 2.762787044048309326e-02 0.000000000000000000e+00 0.000000000000000000e+00 0.000000000000000000e+00 0.000000000000000000e+00 6.639251112937927246e-02 2.601259946823120117e-02 1.326749771833419800e-01 0.000000000000000000e+00 0.000000000000000000e+00
1.457219719886779785e-01 0.000000000000000000e+00 0.000000000000000000e+00 1.114274784922599792e-01 0.000000000000000000e+00 0.000000000000000000e+00 1.934695243835449219e-02 0.000000000000000000e+00 2.058752626180648804e-02 0.000000000000000000e+00 5.086642876267433167e-02
0.000000000000000000e+00 7.124173641204833984e-02 0.000000000000000000e+00 5.601605772972106934e-02 5.191292613744735718e-03 6.396269053220748901e-02 7.893132418394088745e-02 0.000000000000000000e+00 4.886409640312194824e-02 4.157977551221847534e-02 0.000000000000000000e+00
1.546653509140014648e-01 0.000000000000000000e+00 0.000000000000000000e+00 0.000000000000000000e+00 3.591349348425865173e-02 0.000000000000000000e+00 0.000000000000000000e+00 1.181205138564109802e-01 3.643072023987770081e-02 0.000000000000000000e+00 0.000000000000000000e+00
2.544543938711285591e-03 4.185529891401529312e-03 5.678338464349508286e-03 2.601440297439694405e-03 0.000000000000000000e+00 1.020918251015245914e-03 1.111088437028229237e-03 3.179151332005858421e-03 1.597716589458286762e-03 5.750591866672039032e-03 1.082348078489303589e-02
0.000000000000000000e+00 0.000000000000000000e+00 0.000000000000000000e+00 0.000000000000000000e+00 0.000000000000000000e+00 0.000000000000000000e+00 0.000000000000000000e+00 0.000000000000000000e+00 0.000000000000000000e+00 0.000000000000000000e+00 0.000000000000000000e+00
5.113311856985092163e-02 4.045016318559646606e-02 0.000000000000000000e+00 0.000000000000000000e+00 0.000000000000000000e+00 0.000000000000000000e+00 0.000000000000000000e+00 3.881528973579406738e-02 1.522949337959289551e-01 8.311903476715087891e-02 0.000000000000000000e+00
0.000000000000000000e+00 0.000000000000000000e+00 3.139018267393112183e-02 0.000000000000000000e+00 4.618245642632246017e-03 0.000000000000000000e+00 0.000000000000000000e+00 5.469028372317552567e-03 8.272869139909744263e-02 9.502327302470803261e-04 1.840457692742347717e-02
0.000000000000000000e+00 1.293994039297103882e-01 9.140382707118988037e-02 0.000000000000000000e+00 0.000000000000000000e+00 0.000000000000000000e+00 0.000000000000000000e+00 0.000000000000000000e+00 0.000000000000000000e+00 3.821050003170967102e-02 5.549660325050354004e-02
7.453528791666030884e-02 9.283816069364547729e-02 1.222655028104782104e-01 0.000000000000000000e+00 3.448413312435150146e-01 2.378655225038528442e-02 0.000000000000000000e+00 0.000000000000000000e+00 7.959592342376708984e-02 5.272899568080902100e-02 4.934979602694511414e-02
0.000000000000000000e+00 0.000000000000000000e+00 8.125051681417971849e-05 0.000000000000000000e+00 2.026005968218669295e-04 0.000000000000000000e+00 3.229164212825708091e-05 4.882822031504474580e-05 0.000000000000000000e+00 0.000000000000000000e+00 0.000000000000000000e+00
