0.000000000000000000e+00 0.000000000000000000e+00 0.000000000000000000e+00 0.000000000000000000e+00 0.000000000000000000e+00 0.000000000000000000e+00 0.000000000000000000e+00 2.061999402940273285e-02 7.247757166624069214e-03 0.000000000000000000e+00 0.000000000000000000e+00
1.118782311677932739e-01 0.000000000000000000e+00 8.193354308605194092e-02 1.156277433037757874e-01 2.201801165938377380e-02 0.000000000000000000e+00 0.000000000000000000e+00 0.000000000000000000e+00 5.410040169954299927e-02 0.000000000000000000e+00 6.170509755611419678e-02
3.170092403888702393e-02 1.773524470627307892e-02 2.630010992288589478e-02 4.759017005562782288e-02 0.000000000000000000e+00 3.083474934101104736e-02 1.700772345066070557e-02 0.000000000000000000e+00 6.408320739865303040e-03 8.802879601716995239e-02 3.560290858149528503e-02
4.258136078715324402e-02 0.000000000000000000e+00 0.000000000000000000e+00 1.504869945347309113e-02 7.017224282026290894e-02 4.225157573819160461e-02 1.723762229084968567e-02 1.570854932069778442e-01 3.886803169734776020e-04 0.000000000000000000e+00 0.000000000000000000e+00
9.115324355661869049e-04 1.844513579271733761e-03 1.264451304450631142e-03 8.983575971797108650e-04 0.000000000000000000e+00 1.325318124145269394e-03 3.949732927139848471e-04 0.000000000000000000e+00 3.557813761290162802e-04 2.081800717860460281e-03 5.657710134983062744e-03
0.000000000000000000e+00 0.000000000000000000e+00 0.000000000000000000e+00 0.000000000000000000e+00 0.000000000000000000e+00 0.000000000000000000e+00 0.000000000000000000e+00 0.000000000000000000e+00 0.000000000000000000e+00 0.000000000000000000e+00 0.000000000000000000e+00
0.000000000000000000e+00 1.712014898657798767e-02 0.000000000000000000e+00 0.000000000000000000e+00 0.000000000000000000e+00 0.000000000000000000e+00 5.281668528914451599e-02 1.418333780020475388e-02 1.577937901020050049e-01 1.371236592531204224e-01 1.386906653642654419e-01
0.000000000000000000e+00 0.000000000000000000e+00 0.000000000000000000e+00 0.000000000000000000e+00 0.000000000000000000e+00 0.000000000000000000e+00 0.000000000000000000e+00 3.876920044422149658e-02 7.663448154926300049e-02 0.000000000000000000e+00 0.000000000000000000e+00
0.000000000000000000e+00 1.076656132936477661e-01 4.584812745451927185e-02 9.507669508457183838e-02 0.000000000000000000e+00 0.000000000000000000e+00 7.687376346439123154e-03 6.435653567314147949e-02 5.298066884279251099e-02 1.997141726315021515e-02 3.203779086470603943e-02
5.218872427940368652e-02 4.692695289850234985e-02 1.708912551403045654e-01 0.000000000000000000e+00 4.009197354316711426e-01 0.000000000000000000e+00 4.256618767976760864e-02 0.000000000000000000e+00 8.721669018268585205e-02 0.000000000000000000e+00 1.378581523895263672e-01
0.000000000000000000e+00 0.000000000000000000e+00 6.443954043788835406e-05 3.522970473568420857e-06 8.651102689327672124e-05 0.000000000000000000e+00 2.958868753921706229e-05 6.701024176436476409e-06 0.000000000000000000e+00 2.437572948110755533e-05 0.000000000000000000e+00
