0.000000000000000000e+00 1.579172849655151367e+00 1.135601806640625000e+03 0.000000000000000000e+00 0.000000000000000000e+00 0.000000000000000000e+00 2.996336936950683594e+01 1.671502075195312500e+03 2.989512939453125000e+02 1.890439300537109375e+02 0.000000000000000000e+00
1.374393188476562500e+03 8.758820513321552426e-06 5.979086303710937500e+01 1.371418457031250000e+02 9.098331298828125000e+02 9.255031585693359375e+00 2.029697753906250000e+03 1.320564208984375000e+03 3.719844970703125000e+02 7.296035289764404297e+00 1.780406982421875000e+03
7.645054626464843750e+01 4.033487701416015625e+01 1.177088975906372070e+00 1.000251708984375000e+03 6.592933959960937500e+02 1.734421844482421875e+02 2.402051269531250000e+03 2.541004943847656250e+02 7.733219909667968750e+01 3.859884521484375000e+03 1.440650146484375000e+03
1.058623046875000000e+03 1.252034679055213928e-03 1.272525146484375000e+03 2.095659942626953125e+02 9.219347534179687500e+02 1.502235565185546875e+02 1.843820312500000000e+03 9.899284057617187500e+02 1.271243164062500000e+03 2.877139282226562500e+02 1.097606933593750000e+03
1.394406080245971680e+00 6.038715362548828125e+00 2.000749111175537109e+00 3.326711177825927734e+00 3.079211091971956193e-05 1.269138336181640625e+00 4.038776397705078125e+00 2.466514348983764648e+00 3.022282123565673828e+00 8.562171936035156250e+00 2.949155426025390625e+01
0.000000000000000000e+00 0.000000000000000000e+00 0.000000000000000000e+00 0.000000000000000000e+00 0.000000000000000000e+00 0.000000000000000000e+00 0.000000000000000000e+00 0.000000000000000000e+00 0.000000000000000000e+00 0.000000000000000000e+00 0.000000000000000000e+00
3.858541992187500000e+03 3.054604003906250000e+03 0.000000000000000000e+00 6.845050781250000000e+03 0.000000000000000000e+00 3.328918212890625000e+03 1.525796051025390625e+02 2.217168948845937848e-04 2.309631103515625000e+03 5.373699218750000000e+03 1.579983154296875000e+03
1.837974679119724897e-07 4.031253906250000000e+03 8.067141601562500000e+03 8.228388061523437500e+02 8.921769531250000000e+03 8.101007080078125000e+02 6.793576049804687500e+02 1.063865890502929688e+02 4.298381835937500000e+03 2.157243347167968750e+01 3.728921630859375000e+03
0.000000000000000000e+00 1.106214477539062500e+03 1.931394195556640625e+02 1.370469665527343750e+02 2.578740882873535156e+01 3.596982421875000000e+02 1.243481323242187500e+03 1.432552978515625000e+03 5.553146362304687500e+02 9.993457794189453125e-01 6.180700683593750000e+01
0.000000000000000000e+00 0.000000000000000000e+00 0.000000000000000000e+00 0.000000000000000000e+00 2.452087974548339844e+01 0.000000000000000000e+00 0.000000000000000000e+00 0.000000000000000000e+00 0.000000000000000000e+00 0.000000000000000000e+00 5.501725710928440094e-03
0.000000000000000000e+00 6.285302806645631790e-03 1.089028269052505493e-01 1.704785859146795701e-06 2.549741268157958984e-01 0.000000000000000000e+00 4.293653368949890137e-02 2.985548600554466248e-02 1.818833879951853305e-06 6.554985046386718750e-02 1.477697677910327911e-02
