0.000000000000000000e+00 0.000000000000000000e+00 3.959444165229797363e-02 0.000000000000000000e+00 0.000000000000000000e+00 0.000000000000000000e+00 4.484125599265098572e-02 7.723259180784225464e-02 1.028170436620712280e-01 0.000000000000000000e+00 0.000000000000000000e+00
5.454332754015922546e-02 0.000000000000000000e+00 7.008609920740127563e-02 0.000000000000000000e+00 0.000000000000000000e+00 0.000000000000000000e+00 7.716626673936843872e-02 0.000000000000000000e+00 0.000000000000000000e+00 0.000000000000000000e+00 0.000000000000000000e+00
0.000000000000000000e+00 0.000000000000000000e+00 0.000000000000000000e+00 0.000000000000000000e+00 5.307233426719903946e-03 5.781297013163566589e-02 0.000000000000000000e+00 0.000000000000000000e+00 0.000000000000000000e+00 1.883524097502231598e-02 0.000000000000000000e+00
9.524405747652053833e-02 0.000000000000000000e+00 0.000000000000000000e+00 0.000000000000000000e+00 4.222226515412330627e-02 0.000000000000000000e+00 0.000000000000000000e+00 1.163877695798873901e-01 6.192070245742797852e-02 0.000000000000000000e+00 0.000000000000000000e+00
3.139240434393286705e-04 1.411408651620149612e-03 1.807016436941921711e-03 0.000000000000000000e+00 0.000000000000000000e+00 9.160215267911553383e-05 5.216535646468400955e-04 0.000000000000000000e+00 7.438928587362170219e-04 1.736491452902555466e-03 4.469724372029304504e-03
0.000000000000000000e+00 0.000000000000000000e+00 0.000000000000000000e+00 0.000000000000000000e+00 0.000000000000000000e+00 3.782388567924499512e-02 0.000000000000000000e+00 0.000000000000000000e+00 0.000000000000000000e+00 0.000000000000000000e+00 0.000000000000000000e+00
4.343436285853385925e-02 1.113235279917716980e-01 0.000000000000000000e+00 3.588784486055374146e-02 0.000000000000000000e+00 3.159541636705398560e-02 3.434982523322105408e-02 0.000000000000000000e+00 6.157441437244415283e-02 7.975318282842636108e-02 4.222971200942993164e-02
0.000000000000000000e+00 0.000000000000000000e+00 0.000000000000000000e+00 0.000000000000000000e+00 2.981271222233772278e-02 0.000000000000000000e+00 0.000000000000000000e+00 0.000000000000000000e+00 1.390848658047616482e-03 0.000000000000000000e+00 0.000000000000000000e+00
0.000000000000000000e+00 2.201328426599502563e-02 1.172563582658767700e-01 0.000000000000000000e+00 1.615994982421398163e-02 0.000000000000000000e+00 6.246840953826904297e-02 4.058404639363288879e-02 1.556178089231252670e-02 0.000000000000000000e+00 2.743331901729106903e-02
8.987481705844402313e-03 2.383827418088912964e-02 7.114801555871963501e-02 0.000000000000000000e+00 2.710567712783813477e-01 0.000000000000000000e+00 0.000000000000000000e+00 0.000000000000000000e+00 4.716947674751281738e-02 1.524304877966642380e-02 9.376030415296554565e-02
0.000000000000000000e+00 0.000000000000000000e+00 2.948992187157273293e-05 1.548041109344922006e-05 5.211784809944219887e-05 0.000000000000000000e+00 1.849300497269723564e-05 3.297737930552102625e-05 0.000000000000000000e+00 3.847489642794243991e-05 0.000000000000000000e+00
