0.000000000000000000e+00 2.102527469396591187e-01 1.659608364105224609e+00 0.000000000000000000e+00 0.000000000000000000e+00 0.000000000000000000e+00 1.801249146461486816e+00 1.933761715888977051e+00 2.621928974986076355e-02 1.510048627853393555e+00 0.000000000000000000e+00
6.777968406677246094e-01 0.000000000000000000e+00 2.383108139038085938e-01 2.175800316035747528e-02 4.580071568489074707e-02 0.000000000000000000e+00 1.642086207866668701e-01 5.843552947044372559e-02 0.000000000000000000e+00 0.000000000000000000e+00 1.209611967206001282e-01
8.475614339113235474e-02 1.452343612909317017e-01 5.431379005312919617e-02 9.629709646105766296e-03 3.262195363640785217e-02 2.754447460174560547e-01 1.173778623342514038e-01 0.000000000000000000e+00 1.475468277931213379e-01 3.688065409660339355e-01 1.495444178581237793e-01
3.145236372947692871e-01 3.589383140206336975e-02 6.298695504665374756e-02 1.147226244211196899e-01 4.963227510452270508e-01 8.082044869661331177e-02 2.687180638313293457e-01 2.346447557210922241e-01 8.437903225421905518e-02 8.413606882095336914e-02 4.954188317060470581e-02
8.021159097552299500e-03 1.292694918811321259e-02 1.364960428327322006e-02 1.299976836889982224e-02 0.000000000000000000e+00 1.787606254220008850e-02 1.021781470626592636e-02 6.562486756592988968e-03 8.592689409852027893e-03 1.846284419298171997e-02 5.023689195513725281e-02
0.000000000000000000e+00 0.000000000000000000e+00 0.000000000000000000e+00 0.000000000000000000e+00 0.000000000000000000e+00 0.000000000000000000e+00 0.000000000000000000e+00 0.000000000000000000e+00 0.000000000000000000e+00 0.000000000000000000e+00 0.000000000000000000e+00
3.972449302673339844e-01 1.029503047466278076e-01 0.000000000000000000e+00 6.022857502102851868e-02 0.000000000000000000e+00 1.167971938848495483e-01 0.000000000000000000e+00 1.694375127553939819e-01 9.853421151638031006e-02 3.388512134552001953e-01 2.161899395287036896e-02
0.000000000000000000e+00 1.007256209850311279e-01 1.415409743785858154e-01 7.035992573946714401e-03 1.388404816389083862e-01 6.358014885336160660e-03 2.680801749229431152e-01 1.206340938806533813e-01 3.262645006179809570e-01 2.053459611488506198e-04 3.342154435813426971e-03
1.628697812557220459e-01 1.510765552520751953e-01 2.383349239826202393e-01 7.232051342725753784e-02 7.878055796027183533e-03 2.000123709440231323e-01 2.247906029224395752e-01 1.144154071807861328e-01 0.000000000000000000e+00 5.441917106509208679e-02 2.768782377243041992e-01
1.209582835435867310e-01 4.119626283645629883e-01 5.369511246681213379e-02 0.000000000000000000e+00 1.646003484725952148e+00 0.000000000000000000e+00 3.682412952184677124e-02 2.820080518722534180e-02 2.477719075977802277e-02 0.000000000000000000e+00 4.789329767227172852e-01
0.000000000000000000e+00 4.045035166200250387e-05 1.311052183154970407e-04 4.923705273540690541e-05 1.499051286373287439e-04 1.509260755483410321e-06 8.289157267427071929e-05 7.176758663263171911e-05 1.583565972396172583e-05 8.611969678895547986e-05 0.000000000000000000e+00
