0.000000000000000000e+00 1.633710227906703949e-02 2.191293984651565552e-03 0.000000000000000000e+00 0.000000000000000000e+00 0.000000000000000000e+00 1.569077186286449432e-02 1.589875295758247375e-02 0.000000000000000000e+00 0.000000000000000000e+00 0.000000000000000000e+00
6.131213903427124023e-02 0.000000000000000000e+00 9.667983651161193848e-02 1.508690044283866882e-02 0.000000000000000000e+00 6.888972222805023193e-02 0.000000000000000000e+00 0.000000000000000000e+00 3.134330501779913902e-03 0.000000000000000000e+00 0.000000000000000000e+00
0.000000000000000000e+00 8.588381111621856689e-02 0.000000000000000000e+00 3.828338161110877991e-02 0.000000000000000000e+00 1.422705203294754028e-01 0.000000000000000000e+00 0.000000000000000000e+00 0.000000000000000000e+00 1.615982204675674438e-01 0.000000000000000000e+00
2.263459190726280212e-02 0.000000000000000000e+00 0.000000000000000000e+00 4.111292213201522827e-02 5.473344773054122925e-02 0.000000000000000000e+00 2.239757962524890900e-02 7.817066460847854614e-02 2.261492237448692322e-02 5.969530437141656876e-03 0.000000000000000000e+00
5.273136193864047527e-04 2.471935003995895386e-03 1.993445446714758873e-03 2.105077728629112244e-03 0.000000000000000000e+00 1.566087943501770496e-03 2.242316259071230888e-03 1.141816610470414162e-03 2.368815708905458450e-03 3.509691683575510979e-03 6.276830565184354782e-03
0.000000000000000000e+00 0.000000000000000000e+00 0.000000000000000000e+00 0.000000000000000000e+00 0.000000000000000000e+00 0.000000000000000000e+00 0.000000000000000000e+00 0.000000000000000000e+00 0.000000000000000000e+00 0.000000000000000000e+00 6.260457634925842285e-02
1.472766846418380737e-01 0.000000000000000000e+00 0.000000000000000000e+00 4.869382828474044800e-02 5.728187412023544312e-02 0.000000000000000000e+00 3.325146809220314026e-02 1.262469440698623657e-01 1.063089966773986816e-01 0.000000000000000000e+00 1.099424734711647034e-01
0.000000000000000000e+00 1.831845343112945557e-01 2.335631847381591797e-02 0.000000000000000000e+00 8.013429120182991028e-03 0.000000000000000000e+00 0.000000000000000000e+00 5.563462153077125549e-02 1.195586919784545898e-01 0.000000000000000000e+00 0.000000000000000000e+00
2.933496609330177307e-02 0.000000000000000000e+00 0.000000000000000000e+00 0.000000000000000000e+00 0.000000000000000000e+00 0.000000000000000000e+00 1.508039981126785278e-01 2.476315945386886597e-02 5.264214798808097839e-02 0.000000000000000000e+00 0.000000000000000000e+00
4.140240699052810669e-02 0.000000000000000000e+00 1.676744520664215088e-01 0.000000000000000000e+00 4.716143608093261719e-01 8.929356187582015991e-02 2.593867946416139603e-03 0.000000000000000000e+00 6.654327362775802612e-02 0.000000000000000000e+00 1.839658468961715698e-01
0.000000000000000000e+00 0.000000000000000000e+00 4.174550485913641751e-05 1.361584236292401329e-05 8.884719136403873563e-05 0.000000000000000000e+00 6.648908311035484076e-06 2.743790355452802032e-05 0.000000000000000000e+00 4.123311373405158520e-05 0.000000000000000000e+00
