0.000000000000000000e+00 1.734837703406810760e-02 1.827440410852432251e-02 0.000000000000000000e+00 0.000000000000000000e+00 0.000000000000000000e+00 1.840639673173427582e-02 5.017677322030067444e-02 4.018606618046760559e-02 0.000000000000000000e+00 0.000000000000000000e+00
6.949573755264282227e-02 0.000000000000000000e+00 8.977383375167846680e-03 7.282511144876480103e-02 0.000000000000000000e+00 0.000000000000000000e+00 6.023920327425003052e-02 0.000000000000000000e+00 0.000000000000000000e+00 0.000000000000000000e+00 2.669836860150098801e-03
4.058761149644851685e-02 2.826491743326187134e-02 0.000000000000000000e+00 0.000000000000000000e+00 7.766267657279968262e-02 1.322190165519714355e-01 0.000000000000000000e+00 0.000000000000000000e+00 5.183101072907447815e-02 3.611274808645248413e-02 1.123546902090311050e-02
1.709025204181671143e-01 0.000000000000000000e+00 0.000000000000000000e+00 0.000000000000000000e+00 6.625338643789291382e-02 0.000000000000000000e+00 6.571874767541885376e-02 8.689894527196884155e-02 3.173523116856813431e-03 0.000000000000000000e+00 0.000000000000000000e+00
5.760462954640388489e-04 0.000000000000000000e+00 1.885740668512880802e-03 0.000000000000000000e+00 0.000000000000000000e+00 0.000000000000000000e+00 0.000000000000000000e+00 0.000000000000000000e+00 0.000000000000000000e+00 2.445603953674435616e-03 6.204349920153617859e-03
0.000000000000000000e+00 0.000000000000000000e+00 0.000000000000000000e+00 0.000000000000000000e+00 0.000000000000000000e+00 0.000000000000000000e+00 0.000000000000000000e+00 0.000000000000000000e+00 0.000000000000000000e+00 0.000000000000000000e+00 0.000000000000000000e+00
0.000000000000000000e+00 7.068096846342086792e-02 0.000000000000000000e+00 0.000000000000000000e+00 0.000000000000000000e+00 0.000000000000000000e+00 2.940568956546485424e-04 6.744980812072753906e-02 0.000000000000000000e+00 5.980229005217552185e-02 2.940969308838248253e-03
0.000000000000000000e+00 0.000000000000000000e+00 0.000000000000000000e+00 0.000000000000000000e+00 1.030896604061126709e-02 0.000000000000000000e+00 0.000000000000000000e+00 7.385601848363876343e-02 9.940139949321746826e-03 1.927412673830986023e-02 0.000000000000000000e+00
0.000000000000000000e+00 5.553769692778587341e-02 0.000000000000000000e+00 4.688061028718948364e-02 0.000000000000000000e+00 0.000000000000000000e+00 0.000000000000000000e+00 1.554837945150211453e-04 2.115439996123313904e-02 1.019117049872875214e-02 0.000000000000000000e+00
6.993304193019866943e-02 1.339684575796127319e-01 1.545728892087936401e-01 0.000000000000000000e+00 3.320428729057312012e-01 3.655642271041870117e-02 1.001238357275724411e-02 0.000000000000000000e+00 1.481393992435187101e-04 0.000000000000000000e+00 1.545430570840835571e-01
0.000000000000000000e+00 0.000000000000000000e+00 6.737601506756618619e-05 1.652870741963852197e-05 1.665082381805405021e-04 0.000000000000000000e+00 1.444494137103902176e-05 7.610754437337163836e-06 0.000000000000000000e+00 4.802047988050617278e-05 0.000000000000000000e+00
