0.000000000000000000e+00 0.000000000000000000e+00 4.658086597919464111e-02 0.000000000000000000e+00 0.000000000000000000e+00 0.000000000000000000e+00 0.000000000000000000e+00 0.000000000000000000e+00 0.000000000000000000e+00 0.000000000000000000e+00 0.000000000000000000e+00
1.136422902345657349e-01 0.000000000000000000e+00 1.225693598389625549e-01 0.000000000000000000e+00 0.000000000000000000e+00 0.000000000000000000e+00 5.398057401180267334e-02 7.408107817173004150e-02 0.000000000000000000e+00 0.000000000000000000e+00 0.000000000000000000e+00
0.000000000000000000e+00 1.261378675699234009e-01 0.000000000000000000e+00 5.568983405828475952e-02 1.752096414566040039e-02 6.108090281486511230e-02 0.000000000000000000e+00 0.000000000000000000e+00 7.069396227598190308e-02 7.087710499763488770e-02 1.475307811051607132e-02
6.811974197626113892e-02 0.000000000000000000e+00 0.000000000000000000e+00 0.000000000000000000e+00 1.102063730359077454e-01 2.943860739469528198e-02 0.000000000000000000e+00 1.391182541847229004e-01 2.259609103202819824e-02 0.000000000000000000e+00 0.000000000000000000e+00
3.679486108012497425e-04 3.160915570333600044e-03 2.365221967920660973e-03 1.830041524954140186e-03 0.000000000000000000e+00 1.279504853300750256e-03 1.600995310582220554e-03 2.100686542689800262e-03 2.763426629826426506e-03 3.589550498872995377e-03 8.235201239585876465e-03
0.000000000000000000e+00 0.000000000000000000e+00 0.000000000000000000e+00 0.000000000000000000e+00 0.000000000000000000e+00 5.660805106163024902e-02 0.000000000000000000e+00 0.000000000000000000e+00 0.000000000000000000e+00 0.000000000000000000e+00 0.000000000000000000e+00
4.251177981495857239e-02 6.698048859834671021e-02 0.000000000000000000e+00 0.000000000000000000e+00 4.540159367024898529e-03 0.000000000000000000e+00 3.027247637510299683e-02 1.374523062258958817e-02 1.147511675953865051e-01 2.860523574054241180e-02 0.000000000000000000e+00
0.000000000000000000e+00 8.087474852800369263e-02 0.000000000000000000e+00 0.000000000000000000e+00 0.000000000000000000e+00 0.000000000000000000e+00 0.000000000000000000e+00 2.897489070892333984e-02 2.893448993563652039e-02 0.000000000000000000e+00 0.000000000000000000e+00
0.000000000000000000e+00 1.884096860885620117e-02 3.269764780998229980e-02 0.000000000000000000e+00 0.000000000000000000e+00 0.000000000000000000e+00 1.057527065277099609e-01 0.000000000000000000e+00 0.000000000000000000e+00 0.000000000000000000e+00 1.505624037235975266e-02
1.218028552830219269e-02 2.068744227290153503e-02 1.110413745045661926e-01 0.000000000000000000e+00 4.092228412628173828e-01 4.613072797656059265e-02 3.044748865067958832e-02 0.000000000000000000e+00 4.494141042232513428e-02 0.000000000000000000e+00 2.798085659742355347e-02
0.000000000000000000e+00 0.000000000000000000e+00 8.903448906494304538e-05 1.525887091702315956e-05 1.542887475807219744e-04 0.000000000000000000e+00 4.680050915339961648e-05 6.449683132814243436e-05 0.000000000000000000e+00 2.553002559579908848e-05 0.000000000000000000e+00
