0.000000000000000000e+00 1.972115784883499146e-02 4.799466207623481750e-02 0.000000000000000000e+00 0.000000000000000000e+00 0.000000000000000000e+00 6.161900609731674194e-02 0.000000000000000000e+00 2.149517647922039032e-02 0.000000000000000000e+00 0.000000000000000000e+00
0.000000000000000000e+00 0.000000000000000000e+00 8.308273553848266602e-02 0.000000000000000000e+00 0.000000000000000000e+00 0.000000000000000000e+00 5.434572696685791016e-02 3.710692748427391052e-02 1.909122243523597717e-02 0.000000000000000000e+00 0.000000000000000000e+00
0.000000000000000000e+00 1.325613409280776978e-01 2.290569059550762177e-02 0.000000000000000000e+00 0.000000000000000000e+00 1.598054021596908569e-01 0.000000000000000000e+00 5.991331301629543304e-03 8.594489097595214844e-02 9.232635051012039185e-02 3.271436318755149841e-02
1.497329119592905045e-02 0.000000000000000000e+00 0.000000000000000000e+00 0.000000000000000000e+00 1.983879692852497101e-02 3.288992494344711304e-02 0.000000000000000000e+00 3.129620477557182312e-02 0.000000000000000000e+00 3.260212391614913940e-02 0.000000000000000000e+00
1.034296699799597263e-03 5.685158073902130127e-03 4.994718357920646667e-03 5.291511770337820053e-03 0.000000000000000000e+00 3.282289486378431320e-03 7.465573493391275406e-03 1.285977079533040524e-03 8.785050362348556519e-03 9.111499413847923279e-03 1.577257178723812103e-02
0.000000000000000000e+00 0.000000000000000000e+00 0.000000000000000000e+00 0.000000000000000000e+00 0.000000000000000000e+00 0.000000000000000000e+00 0.000000000000000000e+00 0.000000000000000000e+00 0.000000000000000000e+00 0.000000000000000000e+00 0.000000000000000000e+00
3.161395341157913208e-02 6.793078035116195679e-02 0.000000000000000000e+00 5.900674313306808472e-02 2.162588760256767273e-02 0.000000000000000000e+00 3.107783757150173187e-02 0.000000000000000000e+00 8.743744343519210815e-03 3.094140626490116119e-02 8.566658198833465576e-02
0.000000000000000000e+00 8.352787047624588013e-02 0.000000000000000000e+00 0.000000000000000000e+00 2.120911888778209686e-02 0.000000000000000000e+00 0.000000000000000000e+00 2.189689129590988159e-02 0.000000000000000000e+00 1.177943963557481766e-02 3.409125283360481262e-02
0.000000000000000000e+00 0.000000000000000000e+00 3.243766957893967628e-03 0.000000000000000000e+00 0.000000000000000000e+00 0.000000000000000000e+00 7.608804106712341309e-02 6.090858206152915955e-02 0.000000000000000000e+00 0.000000000000000000e+00 1.697559468448162079e-02
8.077666908502578735e-02 1.123606339097023010e-01 2.414179407060146332e-02 1.771990954875946045e-02 3.680844604969024658e-01 9.249988012015819550e-03 0.000000000000000000e+00 8.573015293222852051e-06 0.000000000000000000e+00 0.000000000000000000e+00 6.367012858390808105e-02
0.000000000000000000e+00 5.023981429985724390e-06 1.236598909599706531e-04 6.561828740814235061e-06 2.290596603415906429e-04 0.000000000000000000e+00 3.197808109689503908e-05 1.379657041979953647e-04 0.000000000000000000e+00 1.164566492661833763e-04 0.000000000000000000e+00
