0.000000000000000000e+00 6.567578315734863281e+00 1.669197875976562500e+03 0.000000000000000000e+00 0.000000000000000000e+00 0.000000000000000000e+00 9.395625000000000000e+02 1.143372802734375000e+03 3.983356857299804688e+01 1.085518836975097656e+01 0.000000000000000000e+00
5.394631347656250000e+03 5.096926540136337280e-02 1.448775482177734375e+02 4.069859619140625000e+03 2.076024532318115234e+00 4.623904296875000000e+03 1.858072509765625000e+03 8.829404115676879883e-01 2.991850662231445312e+01 3.888366210937500000e+03 4.714882812500000000e+03
2.555807128906250000e+03 1.089810546875000000e+03 5.790729492187500000e+03 2.041790771484375000e+03 1.174911651611328125e+02 1.743014282226562500e+03 1.932048583984375000e+03 1.908848876953125000e+03 1.523595733642578125e+02 1.547390747070312500e+02 2.197358093261718750e+02
1.082961425781250000e+03 5.741409301757812500e+02 1.423253417015075684e+00 8.442247772216796875e+01 8.223164367675781250e+01 7.406430053710937500e+01 2.800604553222656250e+02 1.201733398437500000e+03 1.378737487792968750e+02 2.595678806304931641e+00 6.352587699890136719e+00
3.836065769195556641e+00 6.017991065979003906e+00 3.968322753906250000e+00 8.347543716430664062e+00 0.000000000000000000e+00 1.631772875785827637e+00 8.087968826293945312e+00 5.507750034332275391e+00 1.766278386116027832e+00 9.994766235351562500e+00 2.802556610107421875e+01
0.000000000000000000e+00 0.000000000000000000e+00 0.000000000000000000e+00 0.000000000000000000e+00 0.000000000000000000e+00 0.000000000000000000e+00 0.000000000000000000e+00 0.000000000000000000e+00 0.000000000000000000e+00 0.000000000000000000e+00 0.000000000000000000e+00
5.668525695800781250e+00 7.271237792968750000e+02 3.879985888488590717e-05 5.255277099609375000e+02 5.586914062500000000e+00 6.571598510742187500e+02 6.257797241210937500e+01 3.096088790893554688e+01 1.639338684082031250e+01 1.060824356079101562e+02 2.712045898437500000e+03
0.000000000000000000e+00 4.565770996093750000e+03 1.737807373046875000e+03 3.536706848144531250e+02 1.127012695312500000e+03 2.679764892578125000e+03 1.033837402343750000e+03 2.258428802490234375e+02 2.446863281250000000e+03 9.638860473632812500e+02 2.570094970703125000e+03
0.000000000000000000e+00 1.713039916992187500e+03 1.509751586914062500e+02 6.613696289062500000e+02 4.661407470703125000e+00 4.806544303894042969e+00 1.226268554687500000e+03 0.000000000000000000e+00 6.099191665649414062e+01 4.649945831298828125e+01 7.555029296875000000e+02
0.000000000000000000e+00 0.000000000000000000e+00 0.000000000000000000e+00 0.000000000000000000e+00 2.538099098205566406e+01 0.000000000000000000e+00 0.000000000000000000e+00 0.000000000000000000e+00 0.000000000000000000e+00 0.000000000000000000e+00 0.000000000000000000e+00
0.000000000000000000e+00 3.582930890843272209e-03 1.757052391767501831e-01 6.146704778075218201e-03 3.094884753227233887e-01 0.000000000000000000e+00 3.211795538663864136e-02 1.059022918343544006e-02 1.051069237291812897e-03 1.296319961547851562e-01 0.000000000000000000e+00
