0.000000000000000000e+00 0.000000000000000000e+00 0.000000000000000000e+00 0.000000000000000000e+00 0.000000000000000000e+00 0.000000000000000000e+00 4.875483363866806030e-02 4.603753797709941864e-03 9.814518690109252930e-02 0.000000000000000000e+00 0.000000000000000000e+00
2.558511495590209961e-01 0.000000000000000000e+00 1.463889926671981812e-01 6.091844663023948669e-02 0.000000000000000000e+00 0.000000000000000000e+00 5.582448095083236694e-02 0.000000000000000000e+00 0.000000000000000000e+00 0.000000000000000000e+00 0.000000000000000000e+00
0.000000000000000000e+00 3.594117239117622375e-02 0.000000000000000000e+00 3.163189813494682312e-02 7.637612870894372463e-04 0.000000000000000000e+00 0.000000000000000000e+00 0.000000000000000000e+00 5.456532351672649384e-03 2.792548947036266327e-02 2.504025772213935852e-02
1.256230324506759644e-01 0.000000000000000000e+00 0.000000000000000000e+00 0.000000000000000000e+00 3.185688331723213196e-02 3.051591664552688599e-02 0.000000000000000000e+00 1.145503669977188110e-01 4.175939038395881653e-02 0.000000000000000000e+00 0.000000000000000000e+00
5.994158564135432243e-04 3.043495584279298782e-03 9.665323304943740368e-04 1.880566822364926338e-03 0.000000000000000000e+00 2.857494866475462914e-03 1.887469436042010784e-03 1.613375730812549591e-03 1.452923752367496490e-03 3.006218234077095985e-03 6.759831681847572327e-03
0.000000000000000000e+00 0.000000000000000000e+00 0.000000000000000000e+00 0.000000000000000000e+00 0.000000000000000000e+00 0.000000000000000000e+00 0.000000000000000000e+00 0.000000000000000000e+00 0.000000000000000000e+00 0.000000000000000000e+00 0.000000000000000000e+00
3.063669800758361816e-02 1.042761504650115967e-01 0.000000000000000000e+00 1.546915969811379910e-03 0.000000000000000000e+00 3.886849433183670044e-02 6.298182159662246704e-02 7.820340245962142944e-02 1.505493819713592529e-01 4.082867130637168884e-02 8.457075059413909912e-02
0.000000000000000000e+00 1.545484177768230438e-02 0.000000000000000000e+00 0.000000000000000000e+00 0.000000000000000000e+00 0.000000000000000000e+00 0.000000000000000000e+00 0.000000000000000000e+00 9.268908947706222534e-02 0.000000000000000000e+00 0.000000000000000000e+00
0.000000000000000000e+00 8.969055116176605225e-02 4.220654442906379700e-02 0.000000000000000000e+00 7.580469362437725067e-03 0.000000000000000000e+00 6.742513924837112427e-02 0.000000000000000000e+00 0.000000000000000000e+00 8.052364736795425415e-02 2.171828411519527435e-03
9.570790082216262817e-02 8.387992531061172485e-02 1.532311886548995972e-01 0.000000000000000000e+00 3.991952836513519287e-01 0.000000000000000000e+00 0.000000000000000000e+00 0.000000000000000000e+00 1.432651840150356293e-02 0.000000000000000000e+00 1.073083803057670593e-01
0.000000000000000000e+00 0.000000000000000000e+00 8.139472629409283400e-05 0.000000000000000000e+00 1.147550356108695269e-04 0.000000000000000000e+00 3.422741792746819556e-05 3.700592060340568423e-05 3.011296757904347032e-05 4.409138637129217386e-05 0.000000000000000000e+00
