0.000000000000000000e+00 7.780465297400951385e-03 5.111132562160491943e-02 0.000000000000000000e+00 0.000000000000000000e+00 0.000000000000000000e+00 4.665403813123703003e-02 5.995983257889747620e-02 2.091162651777267456e-02 0.000000000000000000e+00 0.000000000000000000e+00
1.035912409424781799e-01 0.000000000000000000e+00 5.739047378301620483e-02 0.000000000000000000e+00 0.000000000000000000e+00 0.000000000000000000e+00 6.212566792964935303e-02 0.000000000000000000e+00 0.000000000000000000e+00 0.000000000000000000e+00 0.000000000000000000e+00
0.000000000000000000e+00 4.872977361083030701e-02 1.072701718658208847e-02 2.310861088335514069e-02 6.396512687206268311e-02 0.000000000000000000e+00 0.000000000000000000e+00 0.000000000000000000e+00 2.827756106853485107e-02 4.666318371891975403e-02 2.768623456358909607e-02
6.769215315580368042e-02 1.104455627501010895e-02 8.582478016614913940e-02 0.000000000000000000e+00 5.678025260567665100e-02 0.000000000000000000e+00 0.000000000000000000e+00 8.599272370338439941e-02 5.703697353601455688e-02 3.034122288227081299e-02 0.000000000000000000e+00
0.000000000000000000e+00 1.000192249193787575e-03 1.201566075906157494e-03 2.157159149646759033e-03 0.000000000000000000e+00 1.663344330154359341e-03 2.094853436574339867e-03 2.266067778691649437e-03 2.025153255090117455e-03 3.181825624778866768e-03 5.877881776541471481e-03
0.000000000000000000e+00 0.000000000000000000e+00 0.000000000000000000e+00 0.000000000000000000e+00 0.000000000000000000e+00 4.075428843498229980e-02 0.000000000000000000e+00 0.000000000000000000e+00 0.000000000000000000e+00 0.000000000000000000e+00 0.000000000000000000e+00
1.163016930222511292e-01 3.723599761724472046e-02 0.000000000000000000e+00 0.000000000000000000e+00 0.000000000000000000e+00 4.160707443952560425e-02 4.041477106511592865e-03 7.321111112833023071e-02 0.000000000000000000e+00 2.414221235085278749e-04 9.790217876434326172e-02
0.000000000000000000e+00 1.957695372402667999e-02 0.000000000000000000e+00 2.116212854161858559e-03 7.199854403734207153e-02 0.000000000000000000e+00 0.000000000000000000e+00 0.000000000000000000e+00 1.015079319477081299e-01 0.000000000000000000e+00 0.000000000000000000e+00
2.269517444074153900e-02 5.990766733884811401e-02 3.377623856067657471e-02 0.000000000000000000e+00 0.000000000000000000e+00 0.000000000000000000e+00 1.325032114982604980e-02 4.233829304575920105e-02 0.000000000000000000e+00 0.000000000000000000e+00 0.000000000000000000e+00
7.550346851348876953e-02 4.469401761889457703e-02 1.102833375334739685e-01 2.067072875797748566e-02 3.494441807270050049e-01 3.800008445978164673e-02 1.791932992637157440e-02 3.059211419895291328e-03 3.986728563904762268e-02 0.000000000000000000e+00 1.078845933079719543e-01
0.000000000000000000e+00 0.000000000000000000e+00 6.098192898207344115e-05 1.829516986617818475e-05 1.183424246846698225e-04 0.000000000000000000e+00 2.044597567874006927e-05 2.963048063975293189e-05 0.000000000000000000e+00 5.771114228991791606e-05 0.000000000000000000e+00
