0.000000000000000000e+00 0.000000000000000000e+00 0.000000000000000000e+00 0.000000000000000000e+00 0.000000000000000000e+00 0.000000000000000000e+00 1.037300657480955124e-02 4.649423807859420776e-02 8.757558534853160381e-04 0.000000000000000000e+00 0.000000000000000000e+00
2.913970127701759338e-02 0.000000000000000000e+00 0.000000000000000000e+00 4.805260337889194489e-03 0.000000000000000000e+00 0.000000000000000000e+00 0.000000000000000000e+00 0.000000000000000000e+00 0.000000000000000000e+00 0.000000000000000000e+00 1.792153529822826385e-02
0.000000000000000000e+00 0.000000000000000000e+00 5.348142702132463455e-03 0.000000000000000000e+00 0.000000000000000000e+00 6.615113234147429466e-04 2.171488665044307709e-02 0.000000000000000000e+00 0.000000000000000000e+00 3.777398914098739624e-02 0.000000000000000000e+00
5.336707457900047302e-02 0.000000000000000000e+00 0.000000000000000000e+00 1.288972143083810806e-02 0.000000000000000000e+00 0.000000000000000000e+00 4.537890665233135223e-03 3.191527444869279861e-03 2.701808325946331024e-02 1.208549831062555313e-02 0.000000000000000000e+00
5.550843779928982258e-04 1.002770382910966873e-03 5.565527244471013546e-04 6.908985669724643230e-04 0.000000000000000000e+00 7.845909567549824715e-04 9.771083714440464973e-04 1.856942399172112346e-04 8.708425448276102543e-04 1.153620542027056217e-03 2.198870060965418816e-03
0.000000000000000000e+00 1.098218467086553574e-02 1.412379089742898941e-02 0.000000000000000000e+00 0.000000000000000000e+00 1.511819213628768921e-01 1.086826995015144348e-02 0.000000000000000000e+00 0.000000000000000000e+00 3.091681562364101410e-02 2.294682711362838745e-01
0.000000000000000000e+00 0.000000000000000000e+00 0.000000000000000000e+00 5.072824656963348389e-02 0.000000000000000000e+00 2.175919339060783386e-02 0.000000000000000000e+00 0.000000000000000000e+00 9.814646095037460327e-03 1.783772930502891541e-02 1.050824206322431564e-02
0.000000000000000000e+00 4.378434736281633377e-03 1.653589680790901184e-02 0.000000000000000000e+00 7.343966048210859299e-03 0.000000000000000000e+00 0.000000000000000000e+00 0.000000000000000000e+00 0.000000000000000000e+00 0.000000000000000000e+00 9.079501032829284668e-04
0.000000000000000000e+00 8.768755942583084106e-03 0.000000000000000000e+00 2.212009206414222717e-02 0.000000000000000000e+00 2.746638841927051544e-02 1.165994536131620407e-02 0.000000000000000000e+00 0.000000000000000000e+00 0.000000000000000000e+00 4.294954240322113037e-02
6.907052546739578247e-02 5.755681078881025314e-03 8.962522260844707489e-03 0.000000000000000000e+00 1.370778232812881470e-01 0.000000000000000000e+00 0.000000000000000000e+00 0.000000000000000000e+00 3.086790256202220917e-02 0.000000000000000000e+00 7.444932311773300171e-02
0.000000000000000000e+00 0.000000000000000000e+00 1.117074589274125174e-05 8.500210242345929146e-07 2.301299900864250958e-05 0.000000000000000000e+00 0.000000000000000000e+00 1.059649275703122839e-05 0.000000000000000000e+00 1.105286446545505896e-05 1.012265056488104165e-05
