0.000000000000000000e+00 1.085166659322567284e-04 1.271579042077064514e-02 0.000000000000000000e+00 0.000000000000000000e+00 0.000000000000000000e+00 3.306786343455314636e-02 0.000000000000000000e+00 0.000000000000000000e+00 0.000000000000000000e+00 0.000000000000000000e+00
6.663682311773300171e-02 0.000000000000000000e+00 6.501435488462448120e-02 0.000000000000000000e+00 0.000000000000000000e+00 0.000000000000000000e+00 3.123076632618904114e-02 4.183047637343406677e-02 1.109045464545488358e-02 0.000000000000000000e+00 0.000000000000000000e+00
1.031411159783601761e-02 8.812215924263000488e-02 0.000000000000000000e+00 0.000000000000000000e+00 1.844606548547744751e-02 1.421483606100082397e-01 1.322719641029834747e-02 0.000000000000000000e+00 0.000000000000000000e+00 5.329877883195877075e-02 0.000000000000000000e+00
1.002198904752731323e-01 0.000000000000000000e+00 6.980632990598678589e-02 0.000000000000000000e+00 6.728171557188034058e-02 0.000000000000000000e+00 0.000000000000000000e+00 2.508415654301643372e-02 0.000000000000000000e+00 9.002428501844406128e-02 0.000000000000000000e+00
3.325038414914160967e-04 6.628365954384207726e-04 0.000000000000000000e+00 1.048728008754551411e-03 0.000000000000000000e+00 2.406281186267733574e-03 1.304051256738603115e-03 0.000000000000000000e+00 1.439246581867337227e-03 1.244140323251485825e-03 3.873358946293592453e-03
0.000000000000000000e+00 0.000000000000000000e+00 0.000000000000000000e+00 0.000000000000000000e+00 0.000000000000000000e+00 1.248170970939099789e-03 0.000000000000000000e+00 0.000000000000000000e+00 0.000000000000000000e+00 0.000000000000000000e+00 0.000000000000000000e+00
7.405740767717361450e-02 2.525033801794052124e-02 7.106753438711166382e-02 8.057815022766590118e-03 0.000000000000000000e+00 6.191769614815711975e-02 0.000000000000000000e+00 9.468394331634044647e-03 5.640451330691576004e-03 3.440671414136886597e-02 1.594838201999664307e-01
0.000000000000000000e+00 0.000000000000000000e+00 0.000000000000000000e+00 0.000000000000000000e+00 0.000000000000000000e+00 0.000000000000000000e+00 0.000000000000000000e+00 0.000000000000000000e+00 5.519327521324157715e-02 0.000000000000000000e+00 2.340881898999214172e-02
0.000000000000000000e+00 0.000000000000000000e+00 0.000000000000000000e+00 0.000000000000000000e+00 0.000000000000000000e+00 6.497731804847717285e-02 3.963264450430870056e-02 1.383491978049278259e-02 0.000000000000000000e+00 9.184361435472965240e-03 2.376739308238029480e-02
8.160382509231567383e-02 3.530646208673715591e-03 9.368167817592620850e-02 0.000000000000000000e+00 2.640118002891540527e-01 0.000000000000000000e+00 0.000000000000000000e+00 7.185806334018707275e-02 8.218394964933395386e-02 0.000000000000000000e+00 1.943061053752899170e-01
0.000000000000000000e+00 6.837268756498815492e-06 2.733111978159286082e-05 1.428300674888305366e-05 2.872396726161241531e-05 0.000000000000000000e+00 1.567580875416751951e-05 2.302746179339010268e-05 7.489356448786566034e-06 2.626480090839322656e-05 0.000000000000000000e+00
