0.000000000000000000e+00 1.892457134090363979e-03 2.564899809658527374e-02 0.000000000000000000e+00 0.000000000000000000e+00 0.000000000000000000e+00 1.113452017307281494e-02 1.331695169210433960e-02 0.000000000000000000e+00 0.000000000000000000e+00 0.000000000000000000e+00
1.983387954533100128e-02 0.000000000000000000e+00 4.410175234079360962e-02 1.960806921124458313e-02 0.000000000000000000e+00 0.000000000000000000e+00 1.769726164638996124e-02 0.000000000000000000e+00 0.000000000000000000e+00 0.000000000000000000e+00 0.000000000000000000e+00
0.000000000000000000e+00 2.873775362968444824e-02 1.382991299033164978e-02 8.269513957202434540e-03 0.000000000000000000e+00 3.140198066830635071e-02 0.000000000000000000e+00 0.000000000000000000e+00 2.349860593676567078e-02 1.677038148045539856e-02 3.582478314638137817e-02
4.326706379652023315e-02 0.000000000000000000e+00 0.000000000000000000e+00 8.135391399264335632e-03 1.817457145079970360e-03 2.267433889210224152e-02 0.000000000000000000e+00 4.297635331749916077e-02 3.891243133693933487e-03 2.753170952200889587e-02 0.000000000000000000e+00
3.772046766243875027e-04 2.109298948198556900e-03 7.410096004605293274e-04 1.266778213903307915e-03 0.000000000000000000e+00 1.360238762572407722e-03 1.630626269616186619e-03 1.060355454683303833e-03 1.446456764824688435e-03 1.562742167152464390e-03 5.850180052220821381e-03
0.000000000000000000e+00 0.000000000000000000e+00 3.075932525098323822e-02 9.281633421778678894e-03 0.000000000000000000e+00 1.101898625493049622e-01 0.000000000000000000e+00 6.980260368436574936e-03 0.000000000000000000e+00 4.360635206103324890e-02 1.269052475690841675e-01
2.657730365172028542e-03 1.411740947514772415e-02 0.000000000000000000e+00 9.922302328050136566e-03 1.808911038096994162e-04 0.000000000000000000e+00 1.808678731322288513e-02 9.925337508320808411e-03 3.034637495875358582e-02 0.000000000000000000e+00 4.856364976149052382e-04
0.000000000000000000e+00 1.640577986836433411e-02 0.000000000000000000e+00 0.000000000000000000e+00 0.000000000000000000e+00 0.000000000000000000e+00 0.000000000000000000e+00 0.000000000000000000e+00 8.477818220853805542e-03 0.000000000000000000e+00 0.000000000000000000e+00
0.000000000000000000e+00 2.446334995329380035e-02 1.001198962330818176e-02 6.278861314058303833e-03 0.000000000000000000e+00 4.417031537741422653e-03 2.662167884409427643e-02 3.762396285310387611e-03 0.000000000000000000e+00 9.470924735069274902e-03 7.384854252450168133e-04
1.974852941930294037e-02 9.189404547214508057e-03 4.752419888973236084e-02 0.000000000000000000e+00 9.651620686054229736e-02 0.000000000000000000e+00 0.000000000000000000e+00 0.000000000000000000e+00 3.000435791909694672e-02 0.000000000000000000e+00 1.594046875834465027e-02
0.000000000000000000e+00 3.480091891105985269e-06 1.064596144715324044e-04 5.449063610285520554e-05 1.557009090902283788e-04 0.000000000000000000e+00 4.585148053593002260e-05 6.579683395102620125e-05 4.726104089058935642e-05 6.291723548201844096e-05 2.149175270460546017e-05
