1.610064506530761719e+01 1.483158874511718750e+02 1.742207946777343750e+02 3.641663742065429688e+01 1.299482304602861404e-02 5.366447448730468750e+00 1.760969238281250000e+02 1.780053405761718750e+02 1.391147766113281250e+02 1.318000183105468750e+02 3.238187134265899658e-01
3.268212304687500000e+04 0.000000000000000000e+00 1.169297460937500000e+04 9.848888671875000000e+03 0.000000000000000000e+00 1.441168945312500000e+04 1.602093457031250000e+04 5.119460411151521839e-07 4.179330915212631226e-02 1.139536056518554688e+02 2.197204833984375000e+03
2.258039794921875000e+03 3.961338281250000000e+04 1.772696289062500000e+04 3.996210937500000000e+04 6.375903808593750000e+03 5.237621484375000000e+04 3.160779687500000000e+04 9.450726928710937500e+02 1.102744208765216172e-04 8.629782031250000000e+04 1.364321289062500000e+02
3.197166015625000000e+04 0.000000000000000000e+00 0.000000000000000000e+00 9.641373291015625000e+02 8.208591796875000000e+03 1.861860937500000000e+04 2.345157031250000000e+04 2.835895898437500000e+04 8.816360937500000000e+04 8.551410156250000000e+03 3.887565612792968750e+01
1.386342620849609375e+02 4.927606201171875000e+02 3.431369628906250000e+02 3.043481750488281250e+02 4.459257470443844795e-04 1.718058471679687500e+02 4.212490234375000000e+02 2.584706115722656250e+02 4.409170532226562500e+02 4.981079406738281250e+02 1.150983398437500000e+03
0.000000000000000000e+00 0.000000000000000000e+00 0.000000000000000000e+00 0.000000000000000000e+00 0.000000000000000000e+00 6.985461425781250000e+02 0.000000000000000000e+00 0.000000000000000000e+00 0.000000000000000000e+00 0.000000000000000000e+00 2.992511474609375000e+03
2.945742675781250000e+03 2.410923339843750000e+03 1.241590576171875000e+02 6.633548437500000000e+04 1.295987885896465741e-07 7.105504760742187500e+02 1.774684814453125000e+03 3.781768798828125000e+03 1.093976015625000000e+05 4.636796484375000000e+04 4.292181250000000000e+04
1.948488716152496636e-05 8.219275000000000000e+04 3.156782421875000000e+04 9.534043579101562500e+02 2.066133728027343750e+02 1.112466552734375000e+03 1.008104125976562500e+03 1.836633911132812500e+02 1.679925537109375000e+03 1.791364440917968750e+02 2.122752441406250000e+03
0.000000000000000000e+00 4.982142578125000000e+03 3.829209594726562500e+02 1.908858398437500000e+04 1.915921529871411622e-05 2.299496875000000000e+04 2.339454687500000000e+04 9.642166992187500000e+03 3.389953515625000000e+04 1.594364318847656250e+02 3.675939062500000000e+04
3.501121582031250000e+03 1.256662902832031250e+02 3.129037353515625000e+03 0.000000000000000000e+00 1.185069609375000000e+05 0.000000000000000000e+00 0.000000000000000000e+00 0.000000000000000000e+00 2.897998962402343750e+02 4.360511016845703125e+01 1.261153808593750000e+03
0.000000000000000000e+00 2.837665565311908722e-02 6.869350433349609375e+00 2.607501983642578125e+00 1.182384109497070312e+01 0.000000000000000000e+00 4.300126433372497559e-02 4.539052009582519531e+00 0.000000000000000000e+00 5.267404079437255859e+00 1.321335090324282646e-03
