0.000000000000000000e+00 9.115479736328125000e+02 9.564702758789062500e+02 0.000000000000000000e+00 0.000000000000000000e+00 0.000000000000000000e+00 2.474209716796875000e+03 1.916937866210937500e+02 2.828375995159149170e-01 1.931311157226562500e+03 0.000000000000000000e+00
2.759255859375000000e+03 0.000000000000000000e+00 9.126573181152343750e+01 1.007354882812500000e+04 8.343166015625000000e+03 3.642731159925460815e-02 3.108609863281250000e+03 1.308335693359375000e+03 2.600165771484375000e+03 4.794649902343750000e+03 4.519995117187500000e+03
9.244758605957031250e+01 7.903419799804687500e+02 8.773508071899414062e+00 5.040304565429687500e+02 6.264503955841064453e+00 1.639415771484375000e+03 4.322573852539062500e+02 1.218176498413085938e+02 5.687302246093750000e+02 5.512212371826171875e+01 1.106284141540527344e+01
6.336198120117187500e+02 4.178289175033569336e-01 0.000000000000000000e+00 6.573171997070312500e+01 5.407994384765625000e+02 2.906966552734375000e+02 7.855636596679687500e+02 8.715760498046875000e+02 6.674404296875000000e+02 9.709121704101562500e+00 3.220071411132812500e+01
1.534188340883702040e-04 8.490980148315429688e+00 5.338041305541992188e+00 7.351650238037109375e+00 8.828553109196946025e-05 1.869294047355651855e+00 6.843817234039306641e+00 3.226422786712646484e+00 2.491455316543579102e+00 1.944181442260742188e+01 2.620076942443847656e+01
0.000000000000000000e+00 0.000000000000000000e+00 0.000000000000000000e+00 0.000000000000000000e+00 0.000000000000000000e+00 5.459692329168319702e-05 0.000000000000000000e+00 0.000000000000000000e+00 0.000000000000000000e+00 0.000000000000000000e+00 6.546604709001258016e-06
6.677822113037109375e+01 6.138035888671875000e+02 3.859959251713007689e-04 1.410605621337890625e+01 2.323697805404663086e+00 1.123854827880859375e+01 0.000000000000000000e+00 4.556207656860351562e-01 1.214691772460937500e+03 3.172901000976562500e+02 9.554245605468750000e+02
5.217771530151367188e+00 2.849322510883212090e-03 5.081664858153089881e-05 7.701928019523620605e-01 2.248954027891159058e-02 1.499711015640059486e-05 6.817028808593750000e+01 1.392269653320312500e+03 1.115241699218750000e+03 1.383684992790222168e+00 0.000000000000000000e+00
0.000000000000000000e+00 6.126769409179687500e+02 9.828993530273437500e+02 5.677661895751953125e+00 7.946751403808593750e+01 9.782546997070312500e+02 2.520833778381347656e+01 2.823411560058593750e+02 3.684491291642189026e-02 1.834852218627929688e+01 2.113170166015625000e+02
0.000000000000000000e+00 0.000000000000000000e+00 0.000000000000000000e+00 0.000000000000000000e+00 2.236374282836914062e+01 0.000000000000000000e+00 0.000000000000000000e+00 0.000000000000000000e+00 0.000000000000000000e+00 0.000000000000000000e+00 0.000000000000000000e+00
0.000000000000000000e+00 6.089506205171346664e-04 1.908686459064483643e-01 0.000000000000000000e+00 2.280216813087463379e-01 0.000000000000000000e+00 1.579688832862302661e-04 8.426406979560852051e-02 1.036603748616471421e-06 1.674093864858150482e-02 1.655002233746927232e-05
