0.000000000000000000e+00 0.000000000000000000e+00 3.988419473171234131e-02 0.000000000000000000e+00 0.000000000000000000e+00 0.000000000000000000e+00 0.000000000000000000e+00 0.000000000000000000e+00 0.000000000000000000e+00 0.000000000000000000e+00 0.000000000000000000e+00
1.573831886053085327e-01 0.000000000000000000e+00 4.827537015080451965e-02 6.431820336729288101e-03 0.000000000000000000e+00 0.000000000000000000e+00 2.583242207765579224e-02 3.198342770338058472e-02 3.255847841501235962e-02 3.299932926893234253e-02 0.000000000000000000e+00
5.080599337816238403e-03 0.000000000000000000e+00 1.429569069296121597e-02 4.182324558496475220e-02 2.034052461385726929e-02 0.000000000000000000e+00 5.744528770446777344e-02 0.000000000000000000e+00 0.000000000000000000e+00 6.127038598060607910e-02 3.499548137187957764e-02
6.592223793268203735e-02 2.179234288632869720e-02 0.000000000000000000e+00 0.000000000000000000e+00 7.156015932559967041e-02 0.000000000000000000e+00 1.722467131912708282e-02 6.313152611255645752e-02 3.815266862511634827e-02 0.000000000000000000e+00 0.000000000000000000e+00
1.218025339767336845e-03 2.380813471972942352e-03 2.390393521636724472e-03 2.856147475540637970e-03 0.000000000000000000e+00 3.149746218696236610e-03 3.657188499346375465e-03 1.284509664401412010e-03 2.206455217674374580e-03 4.718249198049306870e-03 6.905059330165386200e-03
0.000000000000000000e+00 0.000000000000000000e+00 0.000000000000000000e+00 0.000000000000000000e+00 0.000000000000000000e+00 0.000000000000000000e+00 0.000000000000000000e+00 0.000000000000000000e+00 0.000000000000000000e+00 0.000000000000000000e+00 0.000000000000000000e+00
2.104159444570541382e-02 0.000000000000000000e+00 0.000000000000000000e+00 0.000000000000000000e+00 0.000000000000000000e+00 4.678066819906234741e-02 3.389570489525794983e-02 5.471284314990043640e-02 5.858953297138214111e-02 4.730982333421707153e-02 7.211309671401977539e-02
0.000000000000000000e+00 0.000000000000000000e+00 0.000000000000000000e+00 0.000000000000000000e+00 8.082722127437591553e-02 8.950177580118179321e-02 2.917986549437046051e-02 1.305537018924951553e-02 4.479204863309860229e-02 0.000000000000000000e+00 0.000000000000000000e+00
3.070324100553989410e-02 7.349334657192230225e-02 8.840630203485488892e-02 0.000000000000000000e+00 0.000000000000000000e+00 2.546225441619753838e-03 7.718884199857711792e-02 6.085589993745088577e-03 0.000000000000000000e+00 0.000000000000000000e+00 8.880507200956344604e-03
1.041315589100122452e-02 0.000000000000000000e+00 4.158313944935798645e-02 0.000000000000000000e+00 3.375176191329956055e-01 0.000000000000000000e+00 0.000000000000000000e+00 0.000000000000000000e+00 0.000000000000000000e+00 0.000000000000000000e+00 9.634315967559814453e-02
0.000000000000000000e+00 0.000000000000000000e+00 8.389003050979226828e-05 2.468727871018927544e-05 1.515534240752458572e-04 0.000000000000000000e+00 2.267622039653360844e-05 0.000000000000000000e+00 0.000000000000000000e+00 4.328131399233825505e-05 0.000000000000000000e+00
