0.000000000000000000e+00 0.000000000000000000e+00 7.578723877668380737e-02 0.000000000000000000e+00 0.000000000000000000e+00 0.000000000000000000e+00 1.601607538759708405e-02 1.101709008216857910e-01 1.773507893085479736e-02 0.000000000000000000e+00 0.000000000000000000e+00
8.593603223562240601e-02 0.000000000000000000e+00 2.508765757083892822e-01 0.000000000000000000e+00 4.976525902748107910e-02 0.000000000000000000e+00 5.590249598026275635e-02 2.376522123813629150e-02 0.000000000000000000e+00 0.000000000000000000e+00 0.000000000000000000e+00
0.000000000000000000e+00 7.094451785087585449e-02 0.000000000000000000e+00 3.651903197169303894e-02 0.000000000000000000e+00 6.806451082229614258e-02 8.642077445983886719e-02 0.000000000000000000e+00 1.128352619707584381e-02 5.673325806856155396e-02 4.800703004002571106e-02
1.715753376483917236e-01 4.142307210713624954e-03 0.000000000000000000e+00 0.000000000000000000e+00 8.737318217754364014e-02 0.000000000000000000e+00 0.000000000000000000e+00 2.420796751976013184e-01 7.435309886932373047e-02 0.000000000000000000e+00 0.000000000000000000e+00
0.000000000000000000e+00 0.000000000000000000e+00 2.167780417948961258e-03 0.000000000000000000e+00 0.000000000000000000e+00 0.000000000000000000e+00 7.163404952734708786e-04 0.000000000000000000e+00 5.570646026171743870e-04 4.163273144513368607e-03 7.420969195663928986e-03
0.000000000000000000e+00 0.000000000000000000e+00 0.000000000000000000e+00 0.000000000000000000e+00 0.000000000000000000e+00 0.000000000000000000e+00 0.000000000000000000e+00 0.000000000000000000e+00 0.000000000000000000e+00 0.000000000000000000e+00 6.938893903907228378e-18
4.117649421095848083e-02 5.014745891094207764e-02 0.000000000000000000e+00 0.000000000000000000e+00 0.000000000000000000e+00 0.000000000000000000e+00 6.193754728883504868e-03 1.308415085077285767e-02 3.166301175951957703e-02 1.362343132495880127e-01 0.000000000000000000e+00
0.000000000000000000e+00 2.814950980246067047e-02 0.000000000000000000e+00 0.000000000000000000e+00 0.000000000000000000e+00 0.000000000000000000e+00 0.000000000000000000e+00 1.103306189179420471e-01 6.402304768562316895e-02 0.000000000000000000e+00 0.000000000000000000e+00
0.000000000000000000e+00 0.000000000000000000e+00 1.189061999320983887e-02 0.000000000000000000e+00 0.000000000000000000e+00 0.000000000000000000e+00 1.420215368270874023e-01 1.812564395368099213e-02 1.900739036500453949e-02 0.000000000000000000e+00 4.855640977621078491e-02
1.556500606238842010e-02 2.954428829252719879e-02 1.654835939407348633e-01 0.000000000000000000e+00 4.913037717342376709e-01 0.000000000000000000e+00 0.000000000000000000e+00 0.000000000000000000e+00 1.192938238382339478e-01 0.000000000000000000e+00 1.430474668741226196e-01
0.000000000000000000e+00 0.000000000000000000e+00 4.903536682832054794e-05 4.467835242394357920e-05 9.014374518301337957e-05 0.000000000000000000e+00 2.380145087954588234e-05 6.349955219775438309e-05 2.214861524407751858e-05 5.053732820670120418e-05 0.000000000000000000e+00
