0.000000000000000000e+00 3.425772094726562500e+01 2.972292327880859375e+01 0.000000000000000000e+00 0.000000000000000000e+00 0.000000000000000000e+00 1.168322296142578125e+02 6.919645690917968750e+01 1.492149829864501953e+01 1.102439239621162415e-01 0.000000000000000000e+00
2.894417572021484375e+01 0.000000000000000000e+00 3.132936859130859375e+01 7.830649566650390625e+01 4.720859050750732422e+00 3.281227874755859375e+01 9.353151702880859375e+01 6.699887084960937500e+01 1.646345520019531250e+01 5.447518825531005859e+00 1.148025817871093750e+02
1.750745773315429688e+01 4.690178298950195312e+01 1.264698410034179688e+01 4.179117584228515625e+01 6.953937530517578125e+00 1.175345611572265625e+02 5.408828735351562500e+01 2.426446229219436646e-02 2.297994995117187500e+01 2.763975334167480469e+01 3.463441133499145508e-02
9.094831085205078125e+01 3.327033233642578125e+01 6.125643849372863770e-04 1.238026905059814453e+01 1.077237987518310547e+01 3.992395401000976562e+00 3.343917083740234375e+01 4.115266036987304688e+01 1.769013977050781250e+01 2.660534095764160156e+01 1.659405231475830078e-01
2.006768703460693359e+00 2.793990612030029297e+00 1.846841335296630859e+00 2.953180074691772461e+00 4.295519829611293972e-05 1.849674701690673828e+00 2.026568889617919922e+00 1.611170053482055664e+00 2.558135032653808594e+00 3.227771282196044922e+00 4.562375545501708984e+00
0.000000000000000000e+00 0.000000000000000000e+00 0.000000000000000000e+00 0.000000000000000000e+00 0.000000000000000000e+00 0.000000000000000000e+00 0.000000000000000000e+00 0.000000000000000000e+00 0.000000000000000000e+00 0.000000000000000000e+00 1.717842292785644531e+01
1.026818923950195312e+02 2.487557220458984375e+01 0.000000000000000000e+00 3.254194641113281250e+01 4.943744279444217682e-04 6.713288879394531250e+01 7.227397710084915161e-02 3.849183654785156250e+01 3.737683868408203125e+01 6.907967376708984375e+01 5.983627319335937500e+01
0.000000000000000000e+00 1.068724975585937500e+02 4.649256515502929688e+01 1.030422449111938477e-01 1.198510742187500000e+01 4.869734942913055420e-01 2.198300212621688843e-01 4.637576675415039062e+01 3.311659240722656250e+01 2.103578948974609375e+01 2.176636904478073120e-01
2.856506919860839844e+01 5.725782012939453125e+01 2.546623992919921875e+01 6.269906234741210938e+01 2.122093391418457031e+01 9.613675689697265625e+01 3.326553344726562500e+01 3.127246475219726562e+01 9.840456008911132812e+00 3.943312454223632812e+01 1.088318252563476562e+02
1.387212753295898438e+01 4.577804565429687500e+00 7.556158447265625000e+01 9.943115711212158203e-01 3.433311767578125000e+02 2.657397985458374023e-01 0.000000000000000000e+00 0.000000000000000000e+00 3.469291305541992188e+01 0.000000000000000000e+00 5.249060058593750000e+01
0.000000000000000000e+00 1.081258415069896728e-05 5.493874661624431610e-03 2.872756915166974068e-03 1.031701918691396713e-02 0.000000000000000000e+00 1.639346010051667690e-03 5.002632271498441696e-03 0.000000000000000000e+00 1.675362698733806610e-03 1.191686969832517207e-04
