0.000000000000000000e+00 0.000000000000000000e+00 8.525638259015977383e-04 0.000000000000000000e+00 0.000000000000000000e+00 0.000000000000000000e+00 2.369002322666347027e-04 1.449583331122994423e-03 2.113739959895610809e-03 0.000000000000000000e+00 0.000000000000000000e+00
1.689874683506786823e-03 0.000000000000000000e+00 3.280975157395005226e-03 9.284123079851269722e-04 0.000000000000000000e+00 0.000000000000000000e+00 0.000000000000000000e+00 0.000000000000000000e+00 0.000000000000000000e+00 0.000000000000000000e+00 0.000000000000000000e+00
0.000000000000000000e+00 2.270281082019209862e-03 0.000000000000000000e+00 0.000000000000000000e+00 3.406245377846062183e-04 2.051160670816898346e-03 0.000000000000000000e+00 1.816560252336785197e-04 0.000000000000000000e+00 2.841005567461252213e-03 1.410775352269411087e-03
8.637978462502360344e-04 0.000000000000000000e+00 0.000000000000000000e+00 6.239312933757901192e-04 4.303999303374439478e-04 0.000000000000000000e+00 1.212332397699356079e-03 6.812883075326681137e-04 2.142550220014527440e-04 1.447173999622464180e-03 0.000000000000000000e+00
0.000000000000000000e+00 2.214242413174360991e-04 2.969099841720890254e-05 1.137908839154988527e-04 0.000000000000000000e+00 1.910426799440756440e-04 1.891124265966936946e-04 2.513283652660902590e-05 1.632885541766881943e-04 1.490763825131580234e-04 3.928242076653987169e-04
0.000000000000000000e+00 0.000000000000000000e+00 2.516651293262839317e-03 1.589710591360926628e-04 0.000000000000000000e+00 7.582652382552623749e-03 2.130865614162757993e-04 0.000000000000000000e+00 0.000000000000000000e+00 3.237081924453377724e-03 1.127386931329965591e-02
2.137024886906147003e-03 0.000000000000000000e+00 3.386127355042845011e-04 1.691652694717049599e-03 1.323385513387620449e-04 2.096185460686683655e-03 9.072340326383709908e-04 5.204142653383314610e-04 2.569154603406786919e-03 2.346946159377694130e-03 9.940530871972441673e-04
0.000000000000000000e+00 1.624286524020135403e-03 0.000000000000000000e+00 0.000000000000000000e+00 1.478796591982245445e-03 2.090800553560256958e-03 0.000000000000000000e+00 0.000000000000000000e+00 0.000000000000000000e+00 0.000000000000000000e+00 0.000000000000000000e+00
0.000000000000000000e+00 3.748019516933709383e-04 3.683204995468258858e-04 0.000000000000000000e+00 0.000000000000000000e+00 0.000000000000000000e+00 1.236501149833202362e-03 5.531433853320777416e-04 0.000000000000000000e+00 3.008041530847549438e-04 1.583475532243028283e-04
1.823714119382202625e-03 1.964846858754754066e-03 1.702848938293755054e-03 0.000000000000000000e+00 8.818193338811397552e-03 0.000000000000000000e+00 0.000000000000000000e+00 4.959147772751748562e-04 4.084089887328445911e-04 0.000000000000000000e+00 2.716567600145936012e-03
0.000000000000000000e+00 0.000000000000000000e+00 6.325290087261237204e-06 2.654378477018326521e-06 8.192611858248710632e-06 0.000000000000000000e+00 3.504021606204332784e-06 4.554814495350001380e-06 1.208339881486608647e-06 5.406035143096232787e-06 5.910536060582671780e-07
