0.000000000000000000e+00 0.000000000000000000e+00 1.359393587335944176e-03 0.000000000000000000e+00 0.000000000000000000e+00 0.000000000000000000e+00 2.641359111294150352e-03 4.322584718465805054e-03 0.000000000000000000e+00 0.000000000000000000e+00 0.000000000000000000e+00
9.393339045345783234e-03 0.000000000000000000e+00 7.085187244229018688e-04 3.945369826396927238e-06 0.000000000000000000e+00 1.057444140315055847e-03 0.000000000000000000e+00 0.000000000000000000e+00 6.120817852206528187e-04 0.000000000000000000e+00 0.000000000000000000e+00
7.796972058713436127e-03 0.000000000000000000e+00 1.542622456327080727e-03 0.000000000000000000e+00 2.805955009534955025e-03 0.000000000000000000e+00 0.000000000000000000e+00 0.000000000000000000e+00 2.055712502624373883e-05 5.881945136934518814e-03 1.169431372545659542e-03
2.284688409417867661e-03 0.000000000000000000e+00 0.000000000000000000e+00 1.030743238516151905e-03 1.423952542245388031e-02 0.000000000000000000e+00 1.012113038450479507e-02 5.060466006398200989e-03 0.000000000000000000e+00 0.000000000000000000e+00 3.226378466933965683e-03
1.976431231014430523e-04 1.942100789165124297e-04 1.477989717386662960e-04 1.325930352322757244e-04 0.000000000000000000e+00 1.986989373108372092e-04 1.772464311216026545e-04 3.629864295362494886e-06 5.724953734898008406e-05 3.086732758674770594e-04 4.779008741024881601e-04
0.000000000000000000e+00 0.000000000000000000e+00 0.000000000000000000e+00 0.000000000000000000e+00 0.000000000000000000e+00 7.181912951637059450e-05 0.000000000000000000e+00 0.000000000000000000e+00 0.000000000000000000e+00 0.000000000000000000e+00 0.000000000000000000e+00
1.735712285153567791e-03 0.000000000000000000e+00 0.000000000000000000e+00 2.662267768755555153e-03 0.000000000000000000e+00 5.880383774638175964e-03 2.609681570902466774e-03 9.904556907713413239e-03 4.911620635539293289e-03 0.000000000000000000e+00 5.970947910100221634e-03
0.000000000000000000e+00 5.127318669110536575e-03 0.000000000000000000e+00 1.196361961774528027e-03 2.867671893909573555e-03 0.000000000000000000e+00 3.147364826872944832e-03 1.795913209207355976e-03 9.242548607289791107e-03 0.000000000000000000e+00 0.000000000000000000e+00
1.146355294622480869e-03 0.000000000000000000e+00 4.183920100331306458e-04 3.124181239400058985e-04 0.000000000000000000e+00 0.000000000000000000e+00 3.637633286416530609e-03 0.000000000000000000e+00 0.000000000000000000e+00 0.000000000000000000e+00 8.994258008897304535e-03
3.890540450811386108e-03 0.000000000000000000e+00 6.972074043005704880e-03 0.000000000000000000e+00 2.151088975369930267e-02 0.000000000000000000e+00 0.000000000000000000e+00 6.787055172026157379e-04 0.000000000000000000e+00 0.000000000000000000e+00 7.583843078464269638e-03
0.000000000000000000e+00 0.000000000000000000e+00 4.304540198063477874e-06 1.779554622771684080e-06 5.799577138532185927e-06 0.000000000000000000e+00 6.994737304921727628e-07 2.095434410875895992e-06 0.000000000000000000e+00 2.687222831809776835e-06 0.000000000000000000e+00
