0.000000000000000000e+00 2.969199752807617188e+01 1.236583496093750000e+03 0.000000000000000000e+00 0.000000000000000000e+00 0.000000000000000000e+00 2.699661132812500000e+03 3.784618652343750000e+03 4.477375488281250000e+02 8.340959472656250000e+02 0.000000000000000000e+00
4.712612152099609375e+01 0.000000000000000000e+00 2.212645874023437500e+02 1.667372322082519531e+01 1.024099856294924393e-05 5.836384773254394531e+00 2.090740966796875000e+02 2.044299602508544922e+00 2.328369140625000000e+00 1.529210376739501953e+01 5.421582031250000000e+02
0.000000000000000000e+00 6.006702270507812500e+02 6.516763305664062500e+01 3.010762738995254040e-04 3.589408397674560547e+00 5.620303955078125000e+02 4.329716491699218750e+02 7.290356445312500000e+01 2.614972534179687500e+02 2.310766601562500000e+02 0.000000000000000000e+00
1.004702682495117188e+02 1.181214815005660057e-03 6.497503519058227539e-01 2.789787769317626953e+00 3.370336914062500000e+01 5.038163185119628906e+00 1.114886474609375000e+01 5.288143310546875000e+02 5.462179565429687500e+01 7.137151956558227539e-01 5.437903404235839844e+00
6.135009974241256714e-02 2.381364822387695312e+00 8.819296360015869141e-01 7.223315238952636719e-01 1.782432264008093625e-07 1.290001392364501953e+00 2.287879467010498047e+00 8.965528607368469238e-01 1.337234973907470703e+00 2.947680473327636719e+00 6.427748680114746094e+00
0.000000000000000000e+00 0.000000000000000000e+00 0.000000000000000000e+00 0.000000000000000000e+00 0.000000000000000000e+00 0.000000000000000000e+00 0.000000000000000000e+00 0.000000000000000000e+00 0.000000000000000000e+00 0.000000000000000000e+00 9.522047996520996094e+00
5.296763916015625000e+02 4.125859680175781250e+02 1.244482206175234751e-07 6.805513916015625000e+02 0.000000000000000000e+00 7.482472658157348633e-01 5.715728759765625000e+00 2.541436288083787076e-06 7.419679260253906250e+01 5.138010864257812500e+02 1.327703762054443359e+01
8.750160038471221924e-02 2.149244140625000000e+03 4.981977539062500000e+02 1.516257725597824901e-05 4.192595672607421875e+01 9.835624694824218750e-02 1.477963523939251900e-04 2.088756591796875000e+03 1.302057373046875000e+03 7.576446514576673508e-03 0.000000000000000000e+00
1.870972137451171875e+02 3.517295532226562500e+02 3.016054687500000000e+02 3.298217468261718750e+02 8.412395686718809884e-07 2.290904541015625000e+02 4.523809204101562500e+02 1.549935913085937500e+02 2.797088012695312500e+02 2.833569946289062500e+02 3.473273620605468750e+02
4.708534240722656250e+00 0.000000000000000000e+00 1.371256637573242188e+01 0.000000000000000000e+00 1.186364135742187500e+03 8.850564956665039062e+00 6.347926139831542969e+00 2.144091725349426270e-01 1.838712394237518311e-01 0.000000000000000000e+00 2.316318054199218750e+02
0.000000000000000000e+00 4.560988031698798295e-09 2.107147872447967529e-02 8.178921416401863098e-03 3.639928996562957764e-02 0.000000000000000000e+00 8.920440450310707092e-03 2.041031792759895325e-02 0.000000000000000000e+00 2.339676953852176666e-02 1.378278025043755406e-08
