0.000000000000000000e+00 1.367462915368378162e-03 2.688851440325379372e-03 0.000000000000000000e+00 0.000000000000000000e+00 0.000000000000000000e+00 2.806758740916848183e-03 4.058147780597209930e-03 9.288726723752915859e-04 0.000000000000000000e+00 0.000000000000000000e+00
1.299700306844897568e-05 0.000000000000000000e+00 0.000000000000000000e+00 2.030252944678068161e-03 0.000000000000000000e+00 0.000000000000000000e+00 3.102134214714169502e-03 0.000000000000000000e+00 0.000000000000000000e+00 0.000000000000000000e+00 6.893988756928592920e-05
0.000000000000000000e+00 0.000000000000000000e+00 2.499096561223268509e-03 0.000000000000000000e+00 1.656907144933938980e-03 2.318681916221976280e-03 1.552718458697199821e-03 0.000000000000000000e+00 0.000000000000000000e+00 1.995428465306758881e-03 0.000000000000000000e+00
2.196211135014891624e-03 0.000000000000000000e+00 0.000000000000000000e+00 0.000000000000000000e+00 0.000000000000000000e+00 1.449984381906688213e-03 0.000000000000000000e+00 7.540049031376838684e-03 4.491901956498622894e-03 0.000000000000000000e+00 0.000000000000000000e+00
0.000000000000000000e+00 9.391261846758425236e-05 4.789994272869080305e-05 5.986464020679704845e-05 0.000000000000000000e+00 3.224873944418504834e-05 9.809380571823567152e-05 1.418544525222387165e-05 1.017252507153898478e-04 1.265251921722665429e-04 2.755380119197070599e-04
0.000000000000000000e+00 2.721445169299840927e-03 3.743489738553762436e-03 2.065121894702315331e-03 0.000000000000000000e+00 1.365801598876714706e-02 2.606780035421252251e-03 0.000000000000000000e+00 0.000000000000000000e+00 3.733395365998148918e-03 2.126558125019073486e-02
0.000000000000000000e+00 0.000000000000000000e+00 0.000000000000000000e+00 0.000000000000000000e+00 0.000000000000000000e+00 0.000000000000000000e+00 1.461512176319956779e-03 0.000000000000000000e+00 2.994010224938392639e-03 5.545953288674354553e-03 1.527037937194108963e-03
0.000000000000000000e+00 0.000000000000000000e+00 0.000000000000000000e+00 0.000000000000000000e+00 0.000000000000000000e+00 0.000000000000000000e+00 0.000000000000000000e+00 0.000000000000000000e+00 0.000000000000000000e+00 0.000000000000000000e+00 2.498301910236477852e-04
0.000000000000000000e+00 1.119137508794665337e-03 6.884710746817290783e-04 0.000000000000000000e+00 0.000000000000000000e+00 1.964211696758866310e-03 1.217001001350581646e-03 8.424133993685245514e-04 6.788299069739878178e-04 0.000000000000000000e+00 1.205287757329642773e-03
4.620074760168790817e-03 2.856173319742083549e-03 7.269532885402441025e-03 0.000000000000000000e+00 1.320934109389781952e-02 0.000000000000000000e+00 0.000000000000000000e+00 0.000000000000000000e+00 1.263938960619270802e-03 0.000000000000000000e+00 5.948746111243963242e-03
0.000000000000000000e+00 0.000000000000000000e+00 2.561220753705129027e-06 1.042145981955400202e-06 3.255615865782601759e-06 0.000000000000000000e+00 1.550542719996883534e-06 1.836161118262680247e-06 0.000000000000000000e+00 1.890142925731197465e-06 0.000000000000000000e+00
