0.000000000000000000e+00 4.018467443529516459e-04 1.004395075142383575e-03 0.000000000000000000e+00 0.000000000000000000e+00 0.000000000000000000e+00 1.527604064904153347e-03 1.105050469050183892e-04 6.649662100244313478e-05 0.000000000000000000e+00 0.000000000000000000e+00
5.597684066742658615e-04 0.000000000000000000e+00 2.452090615406632423e-03 0.000000000000000000e+00 1.133564859628677368e-03 0.000000000000000000e+00 0.000000000000000000e+00 1.981748268008232117e-03 0.000000000000000000e+00 0.000000000000000000e+00 0.000000000000000000e+00
0.000000000000000000e+00 1.403273432515561581e-03 7.802884792909026146e-04 2.187429694458842278e-03 1.039884635247290134e-03 4.274432547390460968e-03 2.447329927235841751e-03 0.000000000000000000e+00 0.000000000000000000e+00 2.744315657764673233e-03 0.000000000000000000e+00
3.971867263317108154e-03 0.000000000000000000e+00 0.000000000000000000e+00 0.000000000000000000e+00 1.237960881553590298e-03 0.000000000000000000e+00 4.318274150136858225e-04 1.506619271822273731e-03 1.341376686468720436e-03 1.284736208617687225e-03 0.000000000000000000e+00
2.098208642564713955e-05 2.124090096913278103e-04 1.627793390071019530e-04 0.000000000000000000e+00 0.000000000000000000e+00 1.993959449464455247e-04 2.831417368724942207e-04 3.126461524516344070e-05 2.397174539510160685e-04 4.098914505448192358e-04 7.837915327399969101e-04
0.000000000000000000e+00 0.000000000000000000e+00 1.843525096774101257e-03 6.804388831369578838e-04 0.000000000000000000e+00 7.948620244860649109e-03 1.403009446221403778e-05 7.487447583116590977e-04 0.000000000000000000e+00 2.137380419299006462e-03 1.295410841703414917e-02
2.185546472901478410e-04 1.832129200920462608e-03 0.000000000000000000e+00 9.827651956584304571e-05 0.000000000000000000e+00 4.165775608271360397e-04 0.000000000000000000e+00 1.450314885005354881e-03 3.534723073244094849e-04 2.998221898451447487e-03 1.144567737355828285e-03
0.000000000000000000e+00 2.508221892639994621e-03 0.000000000000000000e+00 0.000000000000000000e+00 0.000000000000000000e+00 0.000000000000000000e+00 0.000000000000000000e+00 0.000000000000000000e+00 2.355210890527814627e-04 0.000000000000000000e+00 0.000000000000000000e+00
0.000000000000000000e+00 6.001403089612722397e-04 0.000000000000000000e+00 3.492599353194236755e-04 0.000000000000000000e+00 1.176778459921479225e-03 1.269629457965493202e-03 0.000000000000000000e+00 2.045948785962536931e-04 0.000000000000000000e+00 0.000000000000000000e+00
2.625262597575783730e-03 3.271407680585980415e-03 5.095615051686763763e-03 0.000000000000000000e+00 1.136358547955751419e-02 1.679274020716547966e-03 0.000000000000000000e+00 0.000000000000000000e+00 1.749338465742766857e-03 0.000000000000000000e+00 3.568945685401558876e-04
0.000000000000000000e+00 7.323601039388449863e-06 1.867846003733575344e-05 2.426189530524425209e-05 4.205889854347333312e-05 0.000000000000000000e+00 2.634777411003597081e-05 3.058185029658488929e-05 4.060718765686033294e-06 2.826977834047283977e-05 6.215763278305530548e-06
