0.000000000000000000e+00 0.000000000000000000e+00 5.026313476264476776e-03 0.000000000000000000e+00 0.000000000000000000e+00 0.000000000000000000e+00 4.084968008100986481e-03 0.000000000000000000e+00 0.000000000000000000e+00 0.000000000000000000e+00 0.000000000000000000e+00
2.124815247952938080e-03 0.000000000000000000e+00 1.636036206036806107e-03 1.168443355709314346e-03 0.000000000000000000e+00 8.845976553857326508e-03 5.542202387005090714e-03 0.000000000000000000e+00 8.603365859016776085e-04 4.408793058246374130e-03 0.000000000000000000e+00
8.482942357659339905e-04 9.966677054762840271e-03 1.062690280377864838e-02 0.000000000000000000e+00 2.998150303028523922e-04 1.107919029891490936e-02 0.000000000000000000e+00 0.000000000000000000e+00 0.000000000000000000e+00 9.820886887609958649e-03 4.374728538095951080e-03
7.754218764603137970e-03 0.000000000000000000e+00 0.000000000000000000e+00 0.000000000000000000e+00 0.000000000000000000e+00 8.193974499590694904e-04 0.000000000000000000e+00 0.000000000000000000e+00 4.070774186402559280e-03 4.149968270212411880e-03 0.000000000000000000e+00
9.021675941767171025e-05 1.045794051606208086e-04 1.551951136207208037e-04 4.543515751720406115e-05 0.000000000000000000e+00 1.846277591539546847e-04 1.696291583357378840e-04 0.000000000000000000e+00 1.220621561515145004e-04 2.421475073788315058e-04 4.398969176691025496e-04
0.000000000000000000e+00 0.000000000000000000e+00 0.000000000000000000e+00 0.000000000000000000e+00 0.000000000000000000e+00 0.000000000000000000e+00 0.000000000000000000e+00 0.000000000000000000e+00 0.000000000000000000e+00 0.000000000000000000e+00 1.891279593110084534e-03
7.934568449854850769e-03 6.929259281605482101e-03 0.000000000000000000e+00 9.619497694075107574e-03 1.655419473536312580e-03 9.627519175410270691e-03 0.000000000000000000e+00 0.000000000000000000e+00 3.729826072230935097e-03 0.000000000000000000e+00 5.350652616471052170e-03
0.000000000000000000e+00 1.236213557422161102e-02 0.000000000000000000e+00 0.000000000000000000e+00 1.011310610920190811e-02 0.000000000000000000e+00 0.000000000000000000e+00 7.629895582795143127e-03 7.507015485316514969e-03 6.122270133346319199e-04 0.000000000000000000e+00
0.000000000000000000e+00 0.000000000000000000e+00 2.173517830669879913e-03 1.401488203555345535e-03 0.000000000000000000e+00 0.000000000000000000e+00 4.731013439595699310e-03 2.475616754963994026e-03 3.168469760566949844e-03 1.302010379731655121e-03 0.000000000000000000e+00
1.139362808316946030e-02 6.071196869015693665e-03 3.389220451936125755e-03 0.000000000000000000e+00 3.537929058074951172e-02 0.000000000000000000e+00 0.000000000000000000e+00 0.000000000000000000e+00 1.100479438900947571e-02 3.758383449167013168e-03 2.123811841011047363e-02
0.000000000000000000e+00 0.000000000000000000e+00 3.855552677123341709e-06 6.384030371009430382e-07 3.749550387510680594e-06 0.000000000000000000e+00 9.891643912851577625e-07 2.351248895138269290e-06 0.000000000000000000e+00 2.971663207063102163e-06 0.000000000000000000e+00
