0.000000000000000000e+00 3.395139705389738083e-03 2.499364549294114113e-03 0.000000000000000000e+00 0.000000000000000000e+00 0.000000000000000000e+00 1.135557307861745358e-03 2.021394670009613037e-01 0.000000000000000000e+00 0.000000000000000000e+00 0.000000000000000000e+00
3.857830911874771118e-02 0.000000000000000000e+00 3.190919011831283569e-02 4.459327459335327148e-02 0.000000000000000000e+00 0.000000000000000000e+00 5.872131325304508209e-03 0.000000000000000000e+00 2.051181800197809935e-04 1.456477586179971695e-02 2.808377891778945923e-02
0.000000000000000000e+00 1.353275147266685963e-03 4.807129036635160446e-03 0.000000000000000000e+00 1.340867485851049423e-02 5.440877377986907959e-02 1.924034953117370605e-02 0.000000000000000000e+00 2.444859128445386887e-03 6.729176640510559082e-02 1.484041940420866013e-02
7.751282770186662674e-03 9.065352380275726318e-03 0.000000000000000000e+00 6.452038884162902832e-02 8.869321900419890881e-04 0.000000000000000000e+00 1.829932816326618195e-02 1.571884751319885254e-02 5.406609550118446350e-02 3.573681041598320007e-02 5.922894924879074097e-02
0.000000000000000000e+00 1.058546476997435093e-04 6.810157628933666274e-06 4.924218956148251891e-05 0.000000000000000000e+00 3.133409772999584675e-04 1.665944582782685757e-04 0.000000000000000000e+00 1.437710452592000365e-04 4.350629169493913651e-04 1.301233307458460331e-03
0.000000000000000000e+00 0.000000000000000000e+00 0.000000000000000000e+00 0.000000000000000000e+00 0.000000000000000000e+00 2.026060596108436584e-03 0.000000000000000000e+00 0.000000000000000000e+00 0.000000000000000000e+00 0.000000000000000000e+00 6.349311547637626063e-07
6.068518012762069702e-02 4.249059129506349564e-03 0.000000000000000000e+00 2.274636924266815186e-02 0.000000000000000000e+00 0.000000000000000000e+00 1.035001780837774277e-02 2.983664348721504211e-02 1.089292485266923904e-02 3.178147971630096436e-02 7.411130517721176147e-02
0.000000000000000000e+00 1.390748322010040283e-01 1.697181463241577148e-01 0.000000000000000000e+00 9.508348256349563599e-02 4.142493009567260742e-02 0.000000000000000000e+00 2.096137106418609619e-01 1.208786144852638245e-01 1.548622697591781616e-01 6.254834588617086411e-03
0.000000000000000000e+00 2.431306988000869751e-02 1.703797876834869385e-01 8.872238919138908386e-03 4.586154595017433167e-02 8.671726286411285400e-02 1.356728821992874146e-01 5.510386545211076736e-03 2.954513393342494965e-02 7.341624051332473755e-02 1.228289902210235596e-01
1.735469698905944824e-02 1.172047667205333710e-02 3.999324887990951538e-02 0.000000000000000000e+00 1.450030654668807983e-01 5.392519291490316391e-03 0.000000000000000000e+00 0.000000000000000000e+00 8.373935706913471222e-03 0.000000000000000000e+00 2.404964715242385864e-02
0.000000000000000000e+00 3.217573976144194603e-07 8.813223757897503674e-06 7.109721536835422739e-06 1.939048888743855059e-05 0.000000000000000000e+00 7.004537110333330929e-06 2.318586211913498119e-06 3.312436831492959755e-07 5.930426596023607999e-06 0.000000000000000000e+00
