0.000000000000000000e+00 3.862329293042421341e-03 0.000000000000000000e+00 0.000000000000000000e+00 0.000000000000000000e+00 0.000000000000000000e+00 1.081020454876124859e-03 5.641509778797626495e-03 8.745984523557126522e-04 0.000000000000000000e+00 0.000000000000000000e+00
5.044312682002782822e-03 0.000000000000000000e+00 1.123046595603227615e-02 2.465183613821864128e-03 0.000000000000000000e+00 0.000000000000000000e+00 1.313279848545789719e-02 0.000000000000000000e+00 1.451532589271664619e-03 0.000000000000000000e+00 0.000000000000000000e+00
1.509549765614792705e-04 1.252144854515790939e-02 2.343439264222979546e-03 0.000000000000000000e+00 6.252125836908817291e-03 1.249649375677108765e-02 2.275588689371943474e-03 0.000000000000000000e+00 6.795065943151712418e-03 6.487090722657740116e-04 0.000000000000000000e+00
3.641342278569936752e-03 6.408969871699810028e-03 0.000000000000000000e+00 6.423442391678690910e-04 3.510457754600793123e-04 7.033093133941292763e-04 0.000000000000000000e+00 7.942636148072779179e-04 0.000000000000000000e+00 1.206801366060972214e-02 0.000000000000000000e+00
3.107599623035639524e-04 4.300902655813843012e-04 3.068806836381554604e-04 1.943857205333188176e-04 0.000000000000000000e+00 3.255090559832751751e-04 1.148500814451836050e-04 1.329262886429205537e-04 3.301108663436025381e-04 3.943660412915050983e-04 8.438190561719238758e-04
0.000000000000000000e+00 0.000000000000000000e+00 0.000000000000000000e+00 0.000000000000000000e+00 0.000000000000000000e+00 0.000000000000000000e+00 0.000000000000000000e+00 0.000000000000000000e+00 0.000000000000000000e+00 0.000000000000000000e+00 0.000000000000000000e+00
8.185530081391334534e-03 7.239109836518764496e-03 0.000000000000000000e+00 7.480758242309093475e-03 2.372374059632420540e-03 1.616839290363714099e-04 4.191755317151546478e-03 2.113148104399442673e-03 2.253136597573757172e-03 0.000000000000000000e+00 0.000000000000000000e+00
0.000000000000000000e+00 9.010738693177700043e-03 0.000000000000000000e+00 0.000000000000000000e+00 0.000000000000000000e+00 2.916827099397778511e-03 1.909347716718912125e-03 0.000000000000000000e+00 8.429866284132003784e-03 0.000000000000000000e+00 0.000000000000000000e+00
0.000000000000000000e+00 0.000000000000000000e+00 0.000000000000000000e+00 0.000000000000000000e+00 0.000000000000000000e+00 0.000000000000000000e+00 1.340868603438138962e-02 0.000000000000000000e+00 0.000000000000000000e+00 8.018949069082736969e-03 0.000000000000000000e+00
7.322645746171474457e-03 2.895485842600464821e-03 3.060899209231138229e-03 0.000000000000000000e+00 3.812811896204948425e-02 0.000000000000000000e+00 0.000000000000000000e+00 0.000000000000000000e+00 6.420396734029054642e-03 2.518541179597377777e-03 7.524125743657350540e-03
0.000000000000000000e+00 0.000000000000000000e+00 8.381511179322842509e-06 1.382959737838973524e-07 9.454159226152114570e-06 0.000000000000000000e+00 0.000000000000000000e+00 2.159090399800334126e-06 1.827402570597769227e-06 0.000000000000000000e+00 0.000000000000000000e+00
