0.000000000000000000e+00 0.000000000000000000e+00 8.724215440452098846e-03 0.000000000000000000e+00 0.000000000000000000e+00 0.000000000000000000e+00 0.000000000000000000e+00 9.690106962807476521e-04 0.000000000000000000e+00 0.000000000000000000e+00 0.000000000000000000e+00
1.101883128285408020e-02 0.000000000000000000e+00 8.263470605015754700e-03 5.104835145175457001e-04 0.000000000000000000e+00 0.000000000000000000e+00 7.656341884285211563e-03 1.708530035102739930e-04 0.000000000000000000e+00 0.000000000000000000e+00 0.000000000000000000e+00
0.000000000000000000e+00 1.094298064708709717e-02 0.000000000000000000e+00 4.824816423933953047e-04 8.256904780864715576e-03 4.777281079441308975e-03 2.917534671723842621e-03 0.000000000000000000e+00 6.950667593628168106e-03 1.095525454729795456e-02 1.916202250868082047e-03
1.005307678133249283e-02 1.769762719050049782e-03 0.000000000000000000e+00 0.000000000000000000e+00 9.452535770833492279e-03 0.000000000000000000e+00 5.045609548687934875e-03 1.647353731095790863e-02 7.694842759519815445e-03 0.000000000000000000e+00 0.000000000000000000e+00
0.000000000000000000e+00 4.515379259828478098e-05 1.365650969091802835e-04 2.012743352679535747e-04 0.000000000000000000e+00 1.525604020571336150e-04 8.810675353743135929e-05 0.000000000000000000e+00 8.200519368983805180e-05 3.728702722582966089e-04 5.342445801943540573e-04
0.000000000000000000e+00 0.000000000000000000e+00 0.000000000000000000e+00 0.000000000000000000e+00 0.000000000000000000e+00 0.000000000000000000e+00 0.000000000000000000e+00 0.000000000000000000e+00 0.000000000000000000e+00 0.000000000000000000e+00 0.000000000000000000e+00
1.174967922270298004e-02 3.261851612478494644e-03 0.000000000000000000e+00 0.000000000000000000e+00 0.000000000000000000e+00 1.358784153126180172e-03 8.571697399020195007e-03 8.506752550601959229e-03 1.687656505964696407e-03 1.186908036470413208e-02 6.745290942490100861e-03
0.000000000000000000e+00 0.000000000000000000e+00 0.000000000000000000e+00 0.000000000000000000e+00 4.831036552786827087e-03 0.000000000000000000e+00 0.000000000000000000e+00 4.571500467136502266e-04 5.197576712816953659e-03 0.000000000000000000e+00 0.000000000000000000e+00
0.000000000000000000e+00 0.000000000000000000e+00 0.000000000000000000e+00 0.000000000000000000e+00 0.000000000000000000e+00 0.000000000000000000e+00 5.536575336009263992e-03 5.155770573765039444e-03 0.000000000000000000e+00 0.000000000000000000e+00 1.936254557222127914e-03
5.998024251312017441e-03 5.492150783538818359e-03 1.102004665881395340e-02 0.000000000000000000e+00 4.691610485315322876e-02 0.000000000000000000e+00 1.132740289904177189e-03 0.000000000000000000e+00 6.659892387688159943e-03 0.000000000000000000e+00 1.769406162202358246e-02
0.000000000000000000e+00 1.075670411410101224e-06 6.746198778273537755e-06 4.532864295470062643e-06 8.337146027770359069e-06 0.000000000000000000e+00 2.738282091740984470e-06 3.552803036654950120e-06 0.000000000000000000e+00 4.294698101148242131e-06 0.000000000000000000e+00
