0.000000000000000000e+00 0.000000000000000000e+00 8.210266940295696259e-03 0.000000000000000000e+00 0.000000000000000000e+00 0.000000000000000000e+00 3.298224415630102158e-03 4.682059865444898605e-03 1.437042024917900562e-03 1.578117837198078632e-03 0.000000000000000000e+00
7.684230804443359375e-03 0.000000000000000000e+00 3.175000660121440887e-03 4.715375136584043503e-03 0.000000000000000000e+00 9.038055432029068470e-04 2.771167084574699402e-03 0.000000000000000000e+00 9.553665877319872379e-04 9.914655238389968872e-04 0.000000000000000000e+00
0.000000000000000000e+00 1.269837282598018646e-02 0.000000000000000000e+00 0.000000000000000000e+00 0.000000000000000000e+00 8.749141357839107513e-03 0.000000000000000000e+00 0.000000000000000000e+00 3.256689757108688354e-03 3.719943575561046600e-03 8.523295982740819454e-04
6.919398903846740723e-03 5.216770339757204056e-03 0.000000000000000000e+00 3.070403123274445534e-03 2.779152244329452515e-03 1.013103872537612915e-02 0.000000000000000000e+00 9.304981678724288940e-03 0.000000000000000000e+00 0.000000000000000000e+00 0.000000000000000000e+00
4.390449976199306548e-05 2.654732088558375835e-04 2.465887810103595257e-04 3.174254379700869322e-04 0.000000000000000000e+00 2.937247627414762974e-04 2.417596115265041590e-04 1.313665125053375959e-04 9.865647007245570421e-05 4.801318864338099957e-04 7.272879010997712612e-04
0.000000000000000000e+00 0.000000000000000000e+00 0.000000000000000000e+00 0.000000000000000000e+00 0.000000000000000000e+00 9.250633302144706249e-04 0.000000000000000000e+00 0.000000000000000000e+00 0.000000000000000000e+00 0.000000000000000000e+00 0.000000000000000000e+00
5.072129890322685242e-03 0.000000000000000000e+00 0.000000000000000000e+00 0.000000000000000000e+00 1.694380771368741989e-03 6.515107583254575729e-03 1.160146482288837433e-02 1.392843108624219894e-02 9.788203053176403046e-03 2.841833978891372681e-03 1.139905117452144623e-02
0.000000000000000000e+00 5.154432263225317001e-03 0.000000000000000000e+00 0.000000000000000000e+00 5.820411723107099533e-03 4.765211138874292374e-03 1.036733621731400490e-03 0.000000000000000000e+00 6.225951947271823883e-03 0.000000000000000000e+00 0.000000000000000000e+00
1.084298593923449516e-03 0.000000000000000000e+00 1.203114399686455727e-03 0.000000000000000000e+00 1.582287717610597610e-03 0.000000000000000000e+00 5.027017090469598770e-03 1.286186277866363525e-03 0.000000000000000000e+00 1.788169844076037407e-03 0.000000000000000000e+00
1.249190769158303738e-03 2.291119191795587540e-03 7.413157727569341660e-03 0.000000000000000000e+00 3.439220413565635681e-02 0.000000000000000000e+00 0.000000000000000000e+00 0.000000000000000000e+00 6.981255486607551575e-03 0.000000000000000000e+00 1.090466696768999100e-02
0.000000000000000000e+00 0.000000000000000000e+00 7.780925443512387574e-06 2.111338062604772858e-06 9.069097359315492213e-06 0.000000000000000000e+00 1.208149001286074053e-06 2.142057979881428764e-07 1.485690404479100835e-06 2.441927620111528086e-07 0.000000000000000000e+00
