0.000000000000000000e+00 2.775609027594327927e-03 0.000000000000000000e+00 0.000000000000000000e+00 0.000000000000000000e+00 0.000000000000000000e+00 2.483047312125563622e-03 6.645491346716880798e-03 6.034949328750371933e-03 0.000000000000000000e+00 0.000000000000000000e+00
1.147775794379413128e-03 0.000000000000000000e+00 3.848133841529488564e-03 1.211894676089286804e-03 1.046737539581954479e-03 0.000000000000000000e+00 0.000000000000000000e+00 1.646865159273147583e-03 0.000000000000000000e+00 0.000000000000000000e+00 2.186950005125254393e-04
0.000000000000000000e+00 9.413393563590943813e-04 0.000000000000000000e+00 0.000000000000000000e+00 1.493887510150671005e-03 3.994920291006565094e-03 6.051156669855117798e-03 0.000000000000000000e+00 0.000000000000000000e+00 2.017516642808914185e-03 8.159189601428806782e-04
5.690714810043573380e-03 0.000000000000000000e+00 0.000000000000000000e+00 0.000000000000000000e+00 3.142768051475286484e-03 0.000000000000000000e+00 2.340004779398441315e-03 5.280702025629580021e-04 2.027393551543354988e-03 3.854019800201058388e-03 0.000000000000000000e+00
2.668972774699795991e-05 1.589296298334375024e-04 1.309573563048616052e-04 1.828506538004148751e-05 0.000000000000000000e+00 1.051673898473381996e-04 1.125039634644053876e-04 0.000000000000000000e+00 2.304123481735587120e-04 2.030238829320296645e-04 4.275509272702038288e-04
0.000000000000000000e+00 3.004431491717696190e-03 0.000000000000000000e+00 4.954002331942319870e-03 0.000000000000000000e+00 1.635731942951679230e-02 2.958563622087240219e-03 0.000000000000000000e+00 1.716891652904450893e-03 8.267322555184364319e-03 2.635001949965953827e-02
0.000000000000000000e+00 0.000000000000000000e+00 0.000000000000000000e+00 1.635665539652109146e-04 0.000000000000000000e+00 0.000000000000000000e+00 3.227346460334956646e-04 0.000000000000000000e+00 0.000000000000000000e+00 6.179146468639373779e-03 1.646039891056716442e-04
0.000000000000000000e+00 2.284938469529151917e-03 9.592960705049335957e-04 0.000000000000000000e+00 0.000000000000000000e+00 0.000000000000000000e+00 0.000000000000000000e+00 1.031406805850565434e-03 0.000000000000000000e+00 0.000000000000000000e+00 0.000000000000000000e+00
0.000000000000000000e+00 4.470513667911291122e-04 0.000000000000000000e+00 1.038154237903654575e-03 0.000000000000000000e+00 1.284000114537775517e-03 0.000000000000000000e+00 0.000000000000000000e+00 0.000000000000000000e+00 1.438022241927683353e-03 8.039483218453824520e-04
5.352578125894069672e-03 7.513925433158874512e-03 5.870535504072904587e-03 0.000000000000000000e+00 2.215389907360076904e-02 1.148843090049922466e-03 0.000000000000000000e+00 0.000000000000000000e+00 2.549855853430926800e-04 0.000000000000000000e+00 5.735985469073057175e-03
0.000000000000000000e+00 0.000000000000000000e+00 2.211550338415690931e-07 1.868712189434518223e-07 3.320222276670392603e-06 0.000000000000000000e+00 0.000000000000000000e+00 1.752976459101773798e-06 0.000000000000000000e+00 1.483790470047097187e-06 0.000000000000000000e+00
