0.000000000000000000e+00 5.517641448974609375e+01 4.188128906250000000e+04 0.000000000000000000e+00 0.000000000000000000e+00 0.000000000000000000e+00 1.020496215820312500e+02 3.343265991210937500e+02 3.181226953125000000e+04 1.216771679687500000e+04 0.000000000000000000e+00
4.806439453125000000e+04 0.000000000000000000e+00 3.571891406250000000e+04 4.104036837816238403e-02 1.131522941589355469e+01 8.541632652282714844e+00 2.380815887451171875e+01 1.684590911865234375e+01 3.479587554931640625e+01 2.432492637634277344e+01 8.965722656250000000e+04
1.252089858055114746e+00 2.611216163635253906e+01 1.251797005534172058e-02 2.806577929687500000e+04 1.954239082336425781e+01 6.316846093750000000e+04 5.481321777343750000e+03 0.000000000000000000e+00 6.301756858825683594e+00 2.959524414062500000e+03 2.155962288379669189e-01
2.238351953125000000e+04 6.901425933837890625e+01 1.578145861625671387e+00 7.511650390625000000e+03 7.994419860839843750e+01 1.361008358001708984e+01 2.489111816406250000e+03 2.758122558593750000e+03 1.433429687500000000e+03 6.860480468750000000e+03 1.416350097656250000e+02
4.441310882568359375e+00 1.003494834899902344e+01 2.779247283935546875e+00 3.101814746856689453e+00 0.000000000000000000e+00 7.103437900543212891e+00 1.813003659248352051e+00 1.903750300407409668e+00 4.255019187927246094e+00 6.283654212951660156e+00 1.673364257812500000e+01
0.000000000000000000e+00 0.000000000000000000e+00 0.000000000000000000e+00 0.000000000000000000e+00 0.000000000000000000e+00 2.866981625556945801e-01 0.000000000000000000e+00 0.000000000000000000e+00 0.000000000000000000e+00 0.000000000000000000e+00 3.955554711865261197e-05
1.794306793212890625e+02 3.121531640625000000e+04 2.686107052340958035e-07 9.678019531250000000e+03 0.000000000000000000e+00 1.077858396456576884e-04 1.494451782226562500e+03 1.625284671783447266e+00 4.575048573315143585e-03 1.554891210937500000e+04 1.691482543945312500e+02
1.177032686427992303e-06 1.359072851562500000e+04 5.285071093750000000e+04 4.255133789062500000e+03 3.708369531250000000e+04 5.587444531250000000e+04 2.313720321655273438e+01 1.136270599365234375e+02 1.904236914062500000e+04 3.052400000000000000e+04 2.960385253906250000e+03
2.544245147705078125e+01 5.501316894531250000e+03 3.111476806640625000e+03 1.092144335937500000e+04 3.701229572296142578e+00 1.798186302185058594e+01 1.417806250000000000e+04 2.599678933620452881e-01 3.457893133163452148e+00 3.175222656250000000e+03 1.939829406738281250e+02
0.000000000000000000e+00 0.000000000000000000e+00 0.000000000000000000e+00 0.000000000000000000e+00 2.007962799072265625e+01 0.000000000000000000e+00 0.000000000000000000e+00 0.000000000000000000e+00 0.000000000000000000e+00 0.000000000000000000e+00 0.000000000000000000e+00
0.000000000000000000e+00 2.275898819789290428e-03 1.293955743312835693e-01 2.725983969867229462e-03 1.884239912033081055e-01 0.000000000000000000e+00 8.779007196426391602e-02 6.776576489210128784e-02 3.530570538714528084e-03 1.277654170989990234e-01 7.702667659259532229e-08
