0.000000000000000000e+00 7.682375907897949219e+00 4.594092407226562500e+02 0.000000000000000000e+00 0.000000000000000000e+00 0.000000000000000000e+00 1.252897949218750000e+03 4.492916992187500000e+03 3.471129150390625000e+02 3.390239257812500000e+02 0.000000000000000000e+00
4.272852050781250000e+03 1.136241247877478600e-03 1.739075000000000000e+04 2.287732839584350586e+00 2.364650964736938477e+00 2.230473632812500000e+03 3.572395019531250000e+03 7.013589888811111450e-02 4.060181152343750000e+03 1.561427307128906250e+01 1.371607055664062500e+02
1.612003326416015625e+02 5.871444091796875000e+02 4.751513481140136719e+00 1.313544677734375000e+03 9.736200195312500000e+03 2.665420166015625000e+03 2.919702392578125000e+03 7.600334286689758301e-02 1.277412011718750000e+04 4.819211914062500000e+03 3.620991017669439316e-03
1.106089355468750000e+03 3.552778661251068115e-01 4.672534942626953125e+01 1.568115722656250000e+03 2.293135528564453125e+02 7.531253051757812500e+01 5.609040039062500000e+03 3.188943603515625000e+03 2.547251892089843750e+02 2.528800048828125000e+03 1.277668701171875000e+03
8.899610519409179688e+00 1.457259559631347656e+01 1.271658992767333984e+01 1.961783885955810547e+00 0.000000000000000000e+00 3.943059921264648438e+00 2.623385429382324219e+00 7.683226466178894043e-01 2.566480077803134918e-02 1.122574329376220703e+01 2.951533508300781250e+01
0.000000000000000000e+00 0.000000000000000000e+00 0.000000000000000000e+00 0.000000000000000000e+00 0.000000000000000000e+00 0.000000000000000000e+00 0.000000000000000000e+00 0.000000000000000000e+00 0.000000000000000000e+00 0.000000000000000000e+00 0.000000000000000000e+00
3.293328613281250000e+03 2.045403906250000000e+04 0.000000000000000000e+00 1.314787500000000000e+04 9.084579467773437500e+00 6.715152412652969360e-04 7.364151763916015625e+01 0.000000000000000000e+00 6.902736663818359375e+01 9.788497314453125000e+02 7.137225585937500000e+03
0.000000000000000000e+00 2.235734313726425171e-01 8.126258850097656250e+01 1.471081835937500000e+04 3.330606842041015625e+01 8.764310836791992188e+00 1.326287304687500000e+04 9.956278320312500000e+03 2.662065820312500000e+04 2.073870277404785156e+01 1.536781311035156250e+00
9.055979717231821269e-07 1.734583251953125000e+03 2.043562866210937500e+03 5.534382812500000000e+03 2.663069343566894531e+01 4.255650711059570312e+01 4.631555664062500000e+03 2.350275878906250000e+02 3.632641113281250000e+03 4.154514160156250000e+03 1.988892211914062500e+02
0.000000000000000000e+00 0.000000000000000000e+00 0.000000000000000000e+00 0.000000000000000000e+00 1.874201774597167969e+01 0.000000000000000000e+00 0.000000000000000000e+00 0.000000000000000000e+00 0.000000000000000000e+00 0.000000000000000000e+00 0.000000000000000000e+00
0.000000000000000000e+00 2.053813119573533186e-08 9.082956612110137939e-02 0.000000000000000000e+00 2.369239628314971924e-01 0.000000000000000000e+00 4.879709449596703053e-04 6.782037019729614258e-02 0.000000000000000000e+00 6.134172901511192322e-03 6.938203256368069560e-08
