0.000000000000000000e+00 2.382961654663085938e+01 1.308473144531250000e+04 0.000000000000000000e+00 0.000000000000000000e+00 0.000000000000000000e+00 1.201293182373046875e+02 1.332115429687500000e+04 2.132422943115234375e+02 3.891607910156250000e+03 0.000000000000000000e+00
5.155482788085937500e+02 8.764537423849105835e-02 1.543221435546875000e+02 1.185716247558593750e+02 8.394490814208984375e+01 7.039767456054687500e+01 6.121206665039062500e+01 8.674534037709236145e-04 6.202797317504882812e+01 4.336480468750000000e+04 8.739911132812500000e+03
2.416166381835937500e+02 2.560133039951324463e-01 3.025873377919197083e-02 4.106780273437500000e+03 2.700082397460937500e+01 8.300759765625000000e+03 1.256297607421875000e+03 1.281640014648437500e+02 1.034424819946289062e+02 1.089259765625000000e+04 2.193289279937744141e+00
4.007123291015625000e+03 2.277541458606719971e-01 1.928711414337158203e+00 2.377445373535156250e+02 2.404388427734375000e+02 1.629776191711425781e+01 6.332336425781250000e+03 1.958222656250000000e+02 1.281125195312500000e+04 1.535862426757812500e+02 1.315066162109375000e+03
3.207963466644287109e+00 9.446117401123046875e+00 1.803347110748291016e+00 6.185802221298217773e-01 0.000000000000000000e+00 2.484861910343170166e-01 1.380922794342041016e+00 8.920249938964843750e-01 5.783199071884155273e-01 5.137679100036621094e+00 2.115502548217773438e+01
0.000000000000000000e+00 0.000000000000000000e+00 0.000000000000000000e+00 0.000000000000000000e+00 0.000000000000000000e+00 5.113033056259155273e-01 0.000000000000000000e+00 0.000000000000000000e+00 0.000000000000000000e+00 0.000000000000000000e+00 1.597472328285221010e-05
2.789944335937500000e+03 8.405000976562500000e+03 0.000000000000000000e+00 7.698085021972656250e+01 0.000000000000000000e+00 3.476358401144352683e-08 2.475322723388671875e+01 0.000000000000000000e+00 3.292562109375000000e+04 1.989563671875000000e+04 7.431035156250000000e+03
1.717428176561952569e-06 3.919989990234375000e+03 5.426651855468750000e+03 1.957743987441062927e-02 4.697647318243980408e-02 2.858849487304687500e+02 1.924453496932983398e+00 5.140233154296875000e+02 4.113575683593750000e+03 9.636078643798828125e+01 6.430122375488281250e+00
0.000000000000000000e+00 2.151716766357421875e+02 6.531508178710937500e+02 9.998387145996093750e+01 2.350182771682739258e+00 8.511552734375000000e+03 1.270806152343750000e+04 2.914238214492797852e+00 3.274516113281250000e+03 1.179141082763671875e+02 6.003701171875000000e+03
0.000000000000000000e+00 0.000000000000000000e+00 0.000000000000000000e+00 0.000000000000000000e+00 1.950120353698730469e+01 0.000000000000000000e+00 0.000000000000000000e+00 0.000000000000000000e+00 0.000000000000000000e+00 0.000000000000000000e+00 0.000000000000000000e+00
0.000000000000000000e+00 0.000000000000000000e+00 1.760000884532928467e-01 8.673224982658211957e-08 2.016695439815521240e-01 0.000000000000000000e+00 3.723019361495971680e-02 3.967472538352012634e-02 1.802305860110209323e-07 7.183357328176498413e-02 0.000000000000000000e+00
