0.000000000000000000e+00 6.927725791931152344e+00 6.290884399414062500e+01 0.000000000000000000e+00 0.000000000000000000e+00 0.000000000000000000e+00 8.510525390625000000e+03 2.782802246093750000e+03 2.627877197265625000e+02 4.451992213726043701e-01 0.000000000000000000e+00
5.854714202880859375e+01 0.000000000000000000e+00 3.607633789062500000e+03 2.314037597656250000e+03 1.099433398437500000e+04 6.908613443374633789e-01 3.547018359375000000e+04 1.003346061706542969e+01 1.180376358032226562e+02 1.743621484375000000e+04 2.892832617187500000e+04
2.317274169921875000e+02 1.804648828125000000e+04 1.098092968750000000e+04 1.211989062500000000e+04 9.906013011932373047e-01 1.959836718750000000e+04 3.263762695312500000e+04 2.055312109375000000e+04 1.365573632812500000e+04 8.059500000000000000e+03 3.709209960937500000e+03
1.110412597656250000e+03 0.000000000000000000e+00 1.055543975830078125e+02 1.357594604492187500e+02 1.811145324707031250e+02 5.158267089843750000e+03 5.698763183593750000e+03 4.278387695312500000e+03 4.736501464843750000e+03 1.571125946044921875e+02 3.775296386718750000e+03
1.128401041030883789e+00 1.080251121520996094e+01 1.572440624237060547e+00 5.782191753387451172e-01 0.000000000000000000e+00 2.565806731581687927e-03 1.854271411895751953e+00 2.598130702972412109e+00 1.201818704605102539e+00 4.089134216308593750e+00 2.002737808227539062e+01
0.000000000000000000e+00 0.000000000000000000e+00 0.000000000000000000e+00 0.000000000000000000e+00 0.000000000000000000e+00 4.083547275513410568e-03 0.000000000000000000e+00 0.000000000000000000e+00 0.000000000000000000e+00 0.000000000000000000e+00 1.574668999637651723e-07
3.641584716796875000e+03 5.258374786376953125e+01 4.665975575335323811e-04 2.175920312500000000e+04 5.409784242510795593e-02 2.890771389007568359e+00 3.801137924194335938e+00 1.778805732727050781e+00 1.990838928222656250e+02 7.596032226562500000e+03 3.266740036010742188e+01
0.000000000000000000e+00 1.025477734375000000e+04 5.364916229248046875e+01 1.321806640625000000e+03 1.328176513671875000e+03 3.033936691284179688e+01 1.576709747314453125e+01 3.544249267578125000e+02 1.284555468750000000e+04 5.210379791259765625e+01 1.630446533203125000e+03
0.000000000000000000e+00 6.723467285156250000e+03 3.541107177734375000e+02 1.515919876098632812e+01 1.346912765502929688e+01 1.321562500000000000e+03 8.986280273437500000e+03 2.377342134714126587e-01 2.971096754074096680e+00 5.028575897216796875e+01 3.191395019531250000e+03
0.000000000000000000e+00 0.000000000000000000e+00 0.000000000000000000e+00 0.000000000000000000e+00 1.948045921325683594e+01 0.000000000000000000e+00 0.000000000000000000e+00 0.000000000000000000e+00 0.000000000000000000e+00 0.000000000000000000e+00 0.000000000000000000e+00
0.000000000000000000e+00 6.561504415003582835e-05 1.070486605167388916e-01 3.567053136066533625e-05 1.776746362447738647e-01 0.000000000000000000e+00 9.713706560432910919e-03 2.391695231199264526e-02 2.087121657723400858e-07 3.736842051148414612e-02 7.961265282574458979e-07
