0.000000000000000000e+00 0.000000000000000000e+00 0.000000000000000000e+00 0.000000000000000000e+00 0.000000000000000000e+00 0.000000000000000000e+00 0.000000000000000000e+00 6.600548047572374344e-03 0.000000000000000000e+00 0.000000000000000000e+00 0.000000000000000000e+00
1.334148272871971130e-02 0.000000000000000000e+00 5.509482696652412415e-03 9.531280025839805603e-03 0.000000000000000000e+00 0.000000000000000000e+00 0.000000000000000000e+00 0.000000000000000000e+00 6.769768428057432175e-03 0.000000000000000000e+00 0.000000000000000000e+00
1.627826481126248837e-03 1.005944516509771347e-02 4.186115227639675140e-03 0.000000000000000000e+00 0.000000000000000000e+00 2.471954096108675003e-03 1.213166979141533375e-03 0.000000000000000000e+00 3.723279805853962898e-03 5.551248788833618164e-03 9.543043561279773712e-03
0.000000000000000000e+00 0.000000000000000000e+00 0.000000000000000000e+00 0.000000000000000000e+00 1.918125082738697529e-03 3.792186500504612923e-03 5.550783243961632252e-04 8.684555999934673309e-03 0.000000000000000000e+00 0.000000000000000000e+00 0.000000000000000000e+00
8.721301855985075235e-05 1.515202893642708659e-04 0.000000000000000000e+00 2.471051120664924383e-04 0.000000000000000000e+00 3.674155959743075073e-05 3.127556192339397967e-05 4.467233520699664950e-05 1.057231493177823722e-04 0.000000000000000000e+00 3.519678430166095495e-04
0.000000000000000000e+00 0.000000000000000000e+00 0.000000000000000000e+00 0.000000000000000000e+00 0.000000000000000000e+00 0.000000000000000000e+00 0.000000000000000000e+00 0.000000000000000000e+00 0.000000000000000000e+00 0.000000000000000000e+00 0.000000000000000000e+00
6.758191622793674469e-03 6.928605958819389343e-03 0.000000000000000000e+00 9.608102962374687195e-03 0.000000000000000000e+00 6.688653491437435150e-03 0.000000000000000000e+00 0.000000000000000000e+00 1.038207206875085831e-02 5.171661265194416046e-03 7.302982266992330551e-03
0.000000000000000000e+00 1.161411497741937637e-02 2.076110569760203362e-03 0.000000000000000000e+00 0.000000000000000000e+00 0.000000000000000000e+00 7.715073879808187485e-03 0.000000000000000000e+00 7.516447454690933228e-03 3.016323084011673927e-03 5.175638943910598755e-03
0.000000000000000000e+00 2.300326945260167122e-03 0.000000000000000000e+00 3.885875688865780830e-03 0.000000000000000000e+00 3.048518556170165539e-04 0.000000000000000000e+00 4.387402150314301252e-04 0.000000000000000000e+00 0.000000000000000000e+00 3.486479166895151138e-03
9.753732010722160339e-03 2.582777524366974831e-03 4.675733391195535660e-03 0.000000000000000000e+00 3.394496813416481018e-02 5.410479381680488586e-03 0.000000000000000000e+00 0.000000000000000000e+00 3.574256086722016335e-03 0.000000000000000000e+00 1.065938733518123627e-02
0.000000000000000000e+00 0.000000000000000000e+00 7.294420811376767233e-06 0.000000000000000000e+00 1.164641980722080916e-05 0.000000000000000000e+00 4.337886366556631401e-06 1.568542643326509278e-06 2.720502436659444356e-07 4.118815468245884404e-06 0.000000000000000000e+00
