0.000000000000000000e+00 0.000000000000000000e+00 9.992921259254217148e-04 0.000000000000000000e+00 0.000000000000000000e+00 0.000000000000000000e+00 2.471956424415111542e-03 1.260147197172045708e-03 0.000000000000000000e+00 0.000000000000000000e+00 0.000000000000000000e+00
8.071494288742542267e-03 0.000000000000000000e+00 3.062682459130883217e-03 6.923925830051302910e-04 0.000000000000000000e+00 0.000000000000000000e+00 5.511711351573467255e-03 0.000000000000000000e+00 0.000000000000000000e+00 0.000000000000000000e+00 2.411324530839920044e-03
0.000000000000000000e+00 8.638436906039714813e-03 0.000000000000000000e+00 0.000000000000000000e+00 0.000000000000000000e+00 0.000000000000000000e+00 3.303493838757276535e-03 0.000000000000000000e+00 1.489476184360682964e-03 2.538703847676515579e-03 3.895983900292776525e-05
2.547880401834845543e-03 0.000000000000000000e+00 0.000000000000000000e+00 1.190037815831601620e-03 0.000000000000000000e+00 3.000912023708224297e-03 2.285683993250131607e-03 1.240143179893493652e-02 2.129444153979420662e-03 0.000000000000000000e+00 0.000000000000000000e+00
1.410539516655262560e-05 1.953621685970574617e-04 2.162737218895927072e-04 2.235876891063526273e-04 0.000000000000000000e+00 9.547251102048903704e-05 1.978043001145124435e-04 7.076929614413529634e-05 9.185998351313173771e-05 1.686679897829890251e-04 4.531993472483009100e-04
0.000000000000000000e+00 0.000000000000000000e+00 0.000000000000000000e+00 0.000000000000000000e+00 0.000000000000000000e+00 0.000000000000000000e+00 0.000000000000000000e+00 0.000000000000000000e+00 0.000000000000000000e+00 0.000000000000000000e+00 8.673617379884035472e-19
2.832694910466670990e-03 4.667248111218214035e-03 0.000000000000000000e+00 8.196890354156494141e-03 0.000000000000000000e+00 1.730339834466576576e-03 3.064274787902832031e-03 0.000000000000000000e+00 9.088811464607715607e-03 6.432037800550460815e-03 5.069020669907331467e-03
0.000000000000000000e+00 0.000000000000000000e+00 0.000000000000000000e+00 0.000000000000000000e+00 0.000000000000000000e+00 0.000000000000000000e+00 0.000000000000000000e+00 0.000000000000000000e+00 0.000000000000000000e+00 0.000000000000000000e+00 0.000000000000000000e+00
0.000000000000000000e+00 1.188549678772687912e-03 7.619812153279781342e-03 0.000000000000000000e+00 0.000000000000000000e+00 0.000000000000000000e+00 0.000000000000000000e+00 1.153855584561824799e-03 0.000000000000000000e+00 0.000000000000000000e+00 4.879000131040811539e-03
4.801181610673666000e-03 0.000000000000000000e+00 7.988057099282741547e-03 0.000000000000000000e+00 3.726117685437202454e-02 0.000000000000000000e+00 0.000000000000000000e+00 0.000000000000000000e+00 7.181194610893726349e-03 0.000000000000000000e+00 1.088380906730890274e-02
0.000000000000000000e+00 0.000000000000000000e+00 5.939977654634276405e-06 1.889909242436260683e-07 9.157885870081372559e-06 0.000000000000000000e+00 1.363069827675644774e-06 2.914949163823621348e-06 2.477578107118461048e-07 5.195620360609609634e-06 0.000000000000000000e+00
