0.000000000000000000e+00 0.000000000000000000e+00 4.155549220740795135e-03 0.000000000000000000e+00 0.000000000000000000e+00 0.000000000000000000e+00 1.966417301446199417e-03 9.625034290365874767e-04 0.000000000000000000e+00 0.000000000000000000e+00 0.000000000000000000e+00
6.815058179199695587e-03 0.000000000000000000e+00 6.746320519596338272e-03 1.103226002305746078e-02 0.000000000000000000e+00 0.000000000000000000e+00 6.512195803225040436e-03 1.429083407856523991e-03 2.456193557009100914e-03 0.000000000000000000e+00 1.713753008516505361e-04
0.000000000000000000e+00 6.576850544661283493e-03 0.000000000000000000e+00 1.606719568371772766e-03 5.132983438670635223e-03 0.000000000000000000e+00 1.387279713526368141e-03 0.000000000000000000e+00 1.463519642129540443e-03 1.070200465619564056e-02 8.828499354422092438e-03
9.325130842626094818e-03 0.000000000000000000e+00 0.000000000000000000e+00 2.107331994920969009e-03 0.000000000000000000e+00 0.000000000000000000e+00 0.000000000000000000e+00 5.251775030046701431e-03 0.000000000000000000e+00 6.042993627488613129e-03 0.000000000000000000e+00
0.000000000000000000e+00 2.704861399251967669e-04 1.815730065573006868e-04 1.575856294948607683e-04 0.000000000000000000e+00 3.585533413570374250e-04 1.114984261221252382e-04 3.099569948972202837e-05 1.855125447036698461e-04 3.639374626800417900e-04 7.213202188722789288e-04
0.000000000000000000e+00 0.000000000000000000e+00 0.000000000000000000e+00 0.000000000000000000e+00 0.000000000000000000e+00 1.921343151479959488e-03 0.000000000000000000e+00 0.000000000000000000e+00 0.000000000000000000e+00 0.000000000000000000e+00 0.000000000000000000e+00
8.528077974915504456e-03 1.951111247763037682e-03 0.000000000000000000e+00 5.296166520565748215e-03 0.000000000000000000e+00 4.958732984960079193e-03 0.000000000000000000e+00 1.117821317166090012e-03 9.853887371718883514e-03 3.601751290261745453e-03 0.000000000000000000e+00
0.000000000000000000e+00 6.095737218856811523e-03 0.000000000000000000e+00 0.000000000000000000e+00 9.175231098197400570e-04 0.000000000000000000e+00 0.000000000000000000e+00 0.000000000000000000e+00 0.000000000000000000e+00 0.000000000000000000e+00 0.000000000000000000e+00
0.000000000000000000e+00 0.000000000000000000e+00 1.522520440630614758e-03 0.000000000000000000e+00 0.000000000000000000e+00 1.302026561461389065e-03 6.072933785617351532e-03 1.043370924890041351e-03 0.000000000000000000e+00 4.456331487745046616e-03 0.000000000000000000e+00
9.964975528419017792e-03 2.520772395655512810e-03 8.716495707631111145e-03 0.000000000000000000e+00 3.006808273494243622e-02 0.000000000000000000e+00 0.000000000000000000e+00 0.000000000000000000e+00 1.064225099980831146e-02 3.729897318407893181e-03 8.783735334873199463e-03
0.000000000000000000e+00 1.212484107782074716e-06 5.342188615031773224e-06 1.500241637586441357e-06 9.662454431236255914e-06 0.000000000000000000e+00 3.308621899122954346e-06 6.183222012623446062e-06 2.529674702600459568e-06 5.449850505101494491e-06 0.000000000000000000e+00
