0.000000000000000000e+00 2.860477905273437500e+02 8.786119140625000000e+03 0.000000000000000000e+00 0.000000000000000000e+00 0.000000000000000000e+00 4.207708007812500000e+03 4.998917968750000000e+03 1.400183203125000000e+04 3.412098693847656250e+01 0.000000000000000000e+00
1.587130000000000000e+05 0.000000000000000000e+00 1.934598906250000000e+05 2.349370625000000000e+05 1.158377031250000000e+05 6.814414843750000000e+04 1.542396562500000000e+05 2.435908007812500000e+04 6.230572462081909180e-01 5.159044647216796875e+01 2.890203125000000000e+05
1.996437072753906250e+01 3.569058593750000000e+03 6.189963912963867188e+01 6.528398437500000000e+03 1.929426193237304688e+01 1.480545898437500000e+03 2.946660644531250000e+03 1.059514846801757812e+02 4.666921234130859375e+01 1.123504785156250000e+04 0.000000000000000000e+00
1.484027539062500000e+04 1.738619041442871094e+01 6.160697937011718750e+01 1.237745590209960938e+02 1.216564697265625000e+03 1.154505981445312500e+03 3.757777587890625000e+03 8.060477050781250000e+03 8.504460937500000000e+03 7.502672851562500000e+03 7.677532958984375000e+01
4.901636600494384766e+00 1.075161552429199219e+01 4.797766685485839844e+00 5.495457649230957031e+00 3.272507228757604025e-06 6.038522124290466309e-01 1.409868001937866211e+00 1.553099036216735840e+00 1.270694971084594727e+00 7.396284580230712891e+00 2.493432044982910156e+01
0.000000000000000000e+00 0.000000000000000000e+00 0.000000000000000000e+00 0.000000000000000000e+00 0.000000000000000000e+00 0.000000000000000000e+00 0.000000000000000000e+00 0.000000000000000000e+00 0.000000000000000000e+00 0.000000000000000000e+00 0.000000000000000000e+00
1.839840240478515625e+02 1.117416601562500000e+04 2.429541778564453125e+01 1.029738281250000000e+04 8.077380061149597168e-01 5.235155224800109863e-01 1.001833789062500000e+04 4.957757949829101562e+01 1.652029882812500000e+04 6.984226562500000000e+03 2.235427551269531250e+02
3.417101688683032990e-04 4.476033203125000000e+03 1.394770507812500000e+04 4.822990857064723969e-03 1.294800000000000000e+04 1.029824121093750000e+04 1.182168652343750000e+04 1.557983496093750000e+04 3.007687683105468750e+02 8.522327989339828491e-02 2.261514160156250000e+03
3.193879318237304688e+01 3.474930908203125000e+03 1.974238476562500000e+04 1.348329687500000000e+04 3.077251911163330078e+00 3.133221740722656250e+02 5.133383789062500000e+03 4.321317672729492188e+01 5.041759765625000000e+03 2.620916503906250000e+03 7.130754394531250000e+02
4.041261036036303267e-06 0.000000000000000000e+00 0.000000000000000000e+00 0.000000000000000000e+00 1.959255027770996094e+01 0.000000000000000000e+00 0.000000000000000000e+00 0.000000000000000000e+00 0.000000000000000000e+00 0.000000000000000000e+00 2.191766252508386970e-04
0.000000000000000000e+00 9.745961055159568787e-03 7.781354337930679321e-02 1.223407597450432149e-08 1.523528993129730225e-01 0.000000000000000000e+00 4.278229898773133755e-04 9.823723137378692627e-02 6.150079891085624695e-03 7.567918300628662109e-02 4.035638994537293911e-05
