0.000000000000000000e+00 5.693133544921875000e+02 3.278533554077148438e+01 0.000000000000000000e+00 0.000000000000000000e+00 0.000000000000000000e+00 3.350984191894531250e+02 8.665695800781250000e+02 7.239613533020019531e+00 1.640324401855468750e+01 0.000000000000000000e+00
3.216235351562500000e+01 0.000000000000000000e+00 3.021599609375000000e+03 2.637317138671875000e+03 9.148090209960937500e+02 3.401766113281250000e+03 1.456219970703125000e+03 2.886062860488891602e+00 1.017336914062500000e+03 2.403029918670654297e+00 2.320732177734375000e+03
3.761930018663406372e-02 4.057632446289062500e+01 2.689568138122558594e+01 4.218669128417968750e+01 1.621425247192382812e+01 1.239200496673583984e+01 1.469534873962402344e+00 3.653019666671752930e-03 2.995685815811157227e+00 1.229920532226562500e+03 3.677493035793304443e-01
5.120209350585937500e+02 8.210431337356567383e-01 4.999231815338134766e+00 1.482850708007812500e+03 4.163567125797271729e-01 1.329462646484375000e+03 9.340302734375000000e+02 2.630306625366210938e+01 3.251499938964843750e+02 6.799329833984375000e+02 1.456374877929687500e+03
1.208595409989356995e-01 1.415375709533691406e+00 8.039833307266235352e-01 8.426092863082885742e-01 0.000000000000000000e+00 5.743368268013000488e-01 7.877438664436340332e-01 3.586469292640686035e-01 7.019072175025939941e-01 1.771915197372436523e+00 4.377085685729980469e+00
0.000000000000000000e+00 1.875175535678863525e-01 3.457438647747039795e-01 0.000000000000000000e+00 0.000000000000000000e+00 1.307226104736328125e+02 2.210339009761810303e-01 2.478640759363770485e-03 0.000000000000000000e+00 9.836185574531555176e-01 8.188947753906250000e+02
3.612267684936523438e+01 7.252569675445556641e+00 3.430743236094713211e-04 6.662666015625000000e+02 9.399147033691406250e+00 1.358691787719726562e+01 5.985609054565429688e+01 4.446839904785156250e+02 1.938009071350097656e+01 2.460369491577148438e+01 1.699688964843750000e+03
0.000000000000000000e+00 2.297503051757812500e+02 4.347094116210937500e+02 1.285934257507324219e+01 2.525750541687011719e+01 4.669457912445068359e+00 1.234171867370605469e+01 6.865527954101562500e+02 2.132053710937500000e+03 3.515274524688720703e+00 7.708189487457275391e-01
1.230006098747253418e+00 1.427587890625000000e+03 4.752025604248046875e+01 9.042344970703125000e+02 1.692701873779296875e+02 1.345331665039062500e+03 2.636121582031250000e+03 1.520003784179687500e+03 2.014470336914062500e+03 0.000000000000000000e+00 1.250865554809570312e+01
6.605943679809570312e+00 4.676904201507568359e+00 1.767993092536926270e+00 0.000000000000000000e+00 1.081378417968750000e+03 0.000000000000000000e+00 0.000000000000000000e+00 0.000000000000000000e+00 1.432972788810729980e+00 0.000000000000000000e+00 4.660191040039062500e+02
0.000000000000000000e+00 2.413454058114439249e-04 2.308960631489753723e-02 3.896115958923473954e-05 4.637181013822555542e-02 0.000000000000000000e+00 1.596186659298837185e-03 2.064817771315574646e-02 0.000000000000000000e+00 2.155682072043418884e-02 5.357566124075674452e-08
