0.000000000000000000e+00 0.000000000000000000e+00 1.857277238741517067e-03 0.000000000000000000e+00 0.000000000000000000e+00 0.000000000000000000e+00 1.673383172601461411e-03 0.000000000000000000e+00 6.332849152386188507e-03 0.000000000000000000e+00 0.000000000000000000e+00
1.001047156751155853e-02 0.000000000000000000e+00 4.385184729471802711e-04 4.174778703600168228e-03 0.000000000000000000e+00 0.000000000000000000e+00 1.565300393849611282e-03 0.000000000000000000e+00 0.000000000000000000e+00 0.000000000000000000e+00 2.090865513309836388e-03
0.000000000000000000e+00 0.000000000000000000e+00 1.573560759425163269e-03 0.000000000000000000e+00 0.000000000000000000e+00 0.000000000000000000e+00 0.000000000000000000e+00 0.000000000000000000e+00 3.263825783506035805e-03 5.405337084084749222e-03 0.000000000000000000e+00
3.054528031498193741e-03 0.000000000000000000e+00 0.000000000000000000e+00 0.000000000000000000e+00 4.897737875580787659e-03 0.000000000000000000e+00 5.877559538930654526e-03 5.939268507063388824e-03 0.000000000000000000e+00 1.070437720045447350e-03 0.000000000000000000e+00
1.571228131069801748e-05 1.536647760076448321e-04 1.373615959892049432e-04 5.771248652308713645e-07 0.000000000000000000e+00 1.111624660552479327e-04 5.547020919038914144e-05 1.122998037317302078e-05 3.699470835272222757e-05 1.474138989578932524e-04 3.023952594958245754e-04
0.000000000000000000e+00 0.000000000000000000e+00 0.000000000000000000e+00 0.000000000000000000e+00 0.000000000000000000e+00 7.891952991485595703e-04 0.000000000000000000e+00 0.000000000000000000e+00 0.000000000000000000e+00 0.000000000000000000e+00 0.000000000000000000e+00
0.000000000000000000e+00 4.096708726137876511e-03 0.000000000000000000e+00 2.352363226236775517e-04 0.000000000000000000e+00 0.000000000000000000e+00 1.003620913252234459e-03 2.824715571478009224e-03 0.000000000000000000e+00 2.493725332897156477e-04 4.693481023423373699e-04
0.000000000000000000e+00 0.000000000000000000e+00 0.000000000000000000e+00 3.546277526766061783e-03 1.539484946988523006e-03 4.257965832948684692e-03 0.000000000000000000e+00 0.000000000000000000e+00 2.445203484967350960e-03 6.551071419380605221e-04 0.000000000000000000e+00
0.000000000000000000e+00 5.156166851520538330e-03 6.472632754594087601e-03 3.357136156409978867e-03 0.000000000000000000e+00 0.000000000000000000e+00 2.785814693197607994e-03 0.000000000000000000e+00 0.000000000000000000e+00 6.110020913183689117e-03 0.000000000000000000e+00
5.607528146356344223e-03 5.640323739498853683e-03 7.960389368236064911e-03 0.000000000000000000e+00 2.661510929465293884e-02 0.000000000000000000e+00 0.000000000000000000e+00 6.455440889112651348e-04 1.666441210545599461e-03 0.000000000000000000e+00 6.309219170361757278e-03
0.000000000000000000e+00 0.000000000000000000e+00 1.425133632437791675e-06 0.000000000000000000e+00 4.622127562470268458e-06 0.000000000000000000e+00 0.000000000000000000e+00 0.000000000000000000e+00 0.000000000000000000e+00 6.536978958138206508e-07 0.000000000000000000e+00
