0.000000000000000000e+00 7.395048339843750000e+03 1.690945434570312500e+01 0.000000000000000000e+00 0.000000000000000000e+00 0.000000000000000000e+00 6.408867187500000000e+03 7.763437500000000000e+03 9.587869793176651001e-02 2.479945868253707886e-02 0.000000000000000000e+00
5.917791015625000000e+03 6.975870579481124878e-03 1.602510937500000000e+04 9.640627929687500000e+03 5.186533203125000000e+03 9.340833984375000000e+03 1.191847656250000000e+04 1.578802343750000000e+04 2.513911132812500000e+03 2.869325256347656250e+02 1.056715332031250000e+04
5.210675239562988281e+00 1.864792968750000000e+03 3.911996364593505859e+00 4.736530685424804688e+01 5.954899597167968750e+01 1.265337646484375000e+03 2.668984375000000000e+02 1.701326751708984375e+02 4.265222549438476562e+01 4.420482788085937500e+02 2.035278320312500000e+01
2.785931152343750000e+03 1.523557281494140625e+01 8.871711425781250000e+02 5.787321853637695312e+01 3.942084503173828125e+01 8.673247070312500000e+02 6.229015625000000000e+03 1.354473266601562500e+02 1.828438842773437500e+03 2.498145996093750000e+03 9.129667878150939941e-01
5.818628072738647461e-01 7.410465717315673828e+00 3.497466146945953369e-01 1.508241772651672363e+00 1.491450984758557752e-05 7.342760562896728516e-01 3.830012321472167969e+00 1.093049764633178711e+00 6.605885922908782959e-02 7.517717838287353516e+00 1.120953941345214844e+01
0.000000000000000000e+00 0.000000000000000000e+00 0.000000000000000000e+00 0.000000000000000000e+00 0.000000000000000000e+00 2.169869258068501949e-04 0.000000000000000000e+00 0.000000000000000000e+00 0.000000000000000000e+00 0.000000000000000000e+00 4.264819381205597892e-06
9.451337432861328125e+01 2.766415039062500000e+03 9.267251586914062500e+02 2.328649414062500000e+03 1.200996052830305416e-06 2.783831054687500000e+03 9.752164483070373535e-01 0.000000000000000000e+00 3.264316406250000000e+03 1.646070068359375000e+03 1.016682128906250000e+02
7.627807617187500000e+02 1.967458724975585938e+01 6.834358886718750000e+03 8.952156901359558105e-01 2.146244873046875000e+03 6.673860351562500000e+03 2.230830764770507812e+01 4.669412994384765625e+01 1.926112792968750000e+03 5.662459135055541992e-01 1.311932006835937500e+03
0.000000000000000000e+00 3.630149078369140625e+01 5.645131347656250000e+03 5.036000061035156250e+01 7.824114990234375000e+01 5.372941894531250000e+03 9.668085479736328125e+01 1.402150726318359375e+01 3.184354901313781738e-01 8.370150756835937500e+01 2.303138916015625000e+03
0.000000000000000000e+00 0.000000000000000000e+00 0.000000000000000000e+00 0.000000000000000000e+00 7.708749771118164062e+00 0.000000000000000000e+00 0.000000000000000000e+00 0.000000000000000000e+00 0.000000000000000000e+00 0.000000000000000000e+00 0.000000000000000000e+00
0.000000000000000000e+00 3.161743283271789551e-02 1.086897104978561401e-01 7.624796126037836075e-06 1.903645694255828857e-01 0.000000000000000000e+00 3.786899894475936890e-02 5.296738445758819580e-02 9.874758310616016388e-03 4.697883501648902893e-02 2.229999750852584839e-02
