0.000000000000000000e+00 1.078489609062671661e-02 9.958947077393531799e-03 0.000000000000000000e+00 0.000000000000000000e+00 0.000000000000000000e+00 2.373793860897421837e-03 8.825804688967764378e-04 0.000000000000000000e+00 0.000000000000000000e+00 0.000000000000000000e+00
9.743227623403072357e-03 0.000000000000000000e+00 6.422730162739753723e-03 1.270390581339597702e-02 0.000000000000000000e+00 0.000000000000000000e+00 1.559310778975486755e-02 0.000000000000000000e+00 0.000000000000000000e+00 0.000000000000000000e+00 5.790402065031230450e-04
0.000000000000000000e+00 9.129163227044045925e-04 0.000000000000000000e+00 0.000000000000000000e+00 0.000000000000000000e+00 3.787224413827061653e-03 1.612744177691638470e-03 0.000000000000000000e+00 4.508022684603929520e-03 3.399595618247985840e-03 1.125171035528182983e-02
1.139900460839271545e-02 0.000000000000000000e+00 0.000000000000000000e+00 0.000000000000000000e+00 8.007448632270097733e-04 1.413209014572203159e-03 3.640493610873818398e-03 1.845714822411537170e-02 0.000000000000000000e+00 1.014723675325512886e-03 0.000000000000000000e+00
0.000000000000000000e+00 1.447735994588583708e-04 1.686716277617961168e-04 1.033474836731329560e-04 0.000000000000000000e+00 4.331754826125688851e-05 2.016754733631387353e-04 9.823320579016581178e-05 2.639044250827282667e-04 1.987924770219251513e-04 7.081054500304162502e-04
0.000000000000000000e+00 0.000000000000000000e+00 0.000000000000000000e+00 0.000000000000000000e+00 0.000000000000000000e+00 0.000000000000000000e+00 0.000000000000000000e+00 0.000000000000000000e+00 0.000000000000000000e+00 0.000000000000000000e+00 0.000000000000000000e+00
1.663594273850321770e-03 4.307189490646123886e-03 0.000000000000000000e+00 8.120952174067497253e-03 1.047936384566128254e-03 1.868216786533594131e-03 3.113361308351159096e-03 5.828585475683212280e-03 8.332010358572006226e-03 5.999014247208833694e-03 0.000000000000000000e+00
0.000000000000000000e+00 0.000000000000000000e+00 0.000000000000000000e+00 1.717872801236808300e-04 2.157422946766018867e-03 0.000000000000000000e+00 0.000000000000000000e+00 0.000000000000000000e+00 5.585659295320510864e-03 0.000000000000000000e+00 6.461726035922765732e-03
0.000000000000000000e+00 3.373488318175077438e-03 7.895961403846740723e-03 0.000000000000000000e+00 0.000000000000000000e+00 0.000000000000000000e+00 3.775575663894414902e-03 2.323662629351019859e-03 0.000000000000000000e+00 2.815406769514083862e-03 2.344337757676839828e-03
1.142742112278938293e-02 1.009123958647251129e-02 1.603092812001705170e-02 0.000000000000000000e+00 3.289880603551864624e-02 0.000000000000000000e+00 0.000000000000000000e+00 0.000000000000000000e+00 6.289362907409667969e-03 0.000000000000000000e+00 8.418683893978595734e-03
0.000000000000000000e+00 0.000000000000000000e+00 6.629940799030009657e-06 1.888356564450077713e-06 1.113513826567213982e-05 0.000000000000000000e+00 1.296979917242424563e-06 2.389619567111367360e-06 0.000000000000000000e+00 6.121530532254837453e-06 0.000000000000000000e+00
