0.000000000000000000e+00 0.000000000000000000e+00 1.921232417225837708e-02 0.000000000000000000e+00 0.000000000000000000e+00 0.000000000000000000e+00 2.369082299992442131e-03 0.000000000000000000e+00 1.233118679374456406e-02 3.352082800120115280e-03 0.000000000000000000e+00
1.719346642494201660e-02 0.000000000000000000e+00 9.755887091159820557e-03 0.000000000000000000e+00 0.000000000000000000e+00 0.000000000000000000e+00 1.242199633270502090e-02 0.000000000000000000e+00 0.000000000000000000e+00 0.000000000000000000e+00 4.071298055350780487e-03
0.000000000000000000e+00 5.316097754985094070e-03 0.000000000000000000e+00 7.706651464104652405e-03 0.000000000000000000e+00 1.189748756587505341e-02 0.000000000000000000e+00 0.000000000000000000e+00 1.329690124839544296e-02 2.036078367382287979e-03 0.000000000000000000e+00
2.228389680385589600e-02 0.000000000000000000e+00 1.672650920227169991e-03 0.000000000000000000e+00 1.029438059777021408e-02 6.585795432329177856e-03 0.000000000000000000e+00 2.001602388918399811e-02 1.158325932919979095e-02 3.688199503812938929e-04 0.000000000000000000e+00
0.000000000000000000e+00 0.000000000000000000e+00 3.452710734563879669e-05 3.144289848933112808e-06 0.000000000000000000e+00 0.000000000000000000e+00 0.000000000000000000e+00 6.492203829111531377e-05 3.553642272891011089e-06 8.716658339835703373e-05 3.586924285627901554e-04
0.000000000000000000e+00 0.000000000000000000e+00 0.000000000000000000e+00 0.000000000000000000e+00 0.000000000000000000e+00 3.656358458101749420e-04 0.000000000000000000e+00 0.000000000000000000e+00 0.000000000000000000e+00 0.000000000000000000e+00 0.000000000000000000e+00
2.431831555441021919e-03 1.371826231479644775e-02 0.000000000000000000e+00 9.079235023818910122e-04 0.000000000000000000e+00 0.000000000000000000e+00 0.000000000000000000e+00 8.832762017846107483e-03 0.000000000000000000e+00 6.468288600444793701e-03 4.105015192180871964e-03
0.000000000000000000e+00 0.000000000000000000e+00 1.486432505771517754e-03 0.000000000000000000e+00 3.833240596577525139e-03 0.000000000000000000e+00 1.590355997905135155e-03 0.000000000000000000e+00 0.000000000000000000e+00 0.000000000000000000e+00 0.000000000000000000e+00
0.000000000000000000e+00 3.814967582002282143e-03 8.452322334051132202e-03 3.876890405081212521e-04 5.210151895880699158e-03 0.000000000000000000e+00 1.040014252066612244e-02 0.000000000000000000e+00 8.967593894340097904e-04 3.337478265166282654e-03 1.999353058636188507e-03
9.203742258250713348e-03 1.238074991852045059e-02 1.636386103928089142e-02 0.000000000000000000e+00 3.627329692244529724e-02 0.000000000000000000e+00 3.458158811554312706e-03 4.238142282702028751e-04 1.393481716513633728e-02 1.075307372957468033e-03 7.254649884998798370e-03
0.000000000000000000e+00 1.010994992611813359e-06 4.750433618028182536e-06 1.483434289184515364e-06 7.430378900608047843e-06 0.000000000000000000e+00 2.268150183226680383e-06 2.137062665497069247e-06 0.000000000000000000e+00 3.708164285853854381e-06 0.000000000000000000e+00
