0.000000000000000000e+00 0.000000000000000000e+00 0.000000000000000000e+00 0.000000000000000000e+00 0.000000000000000000e+00 0.000000000000000000e+00 4.381644539535045624e-03 1.473641721531748772e-03 0.000000000000000000e+00 0.000000000000000000e+00 0.000000000000000000e+00
1.555603183805942535e-02 0.000000000000000000e+00 4.508404992520809174e-03 5.707552656531333923e-03 0.000000000000000000e+00 0.000000000000000000e+00 0.000000000000000000e+00 1.696720370091497898e-03 8.338836953043937683e-03 3.302733413875102997e-03 0.000000000000000000e+00
5.294244270771741867e-03 3.447170834988355637e-03 0.000000000000000000e+00 0.000000000000000000e+00 3.524380968883633614e-03 1.133250724524259567e-02 2.782011404633522034e-03 0.000000000000000000e+00 0.000000000000000000e+00 1.156203355640172958e-02 5.240216851234436035e-03
1.086016092449426651e-02 0.000000000000000000e+00 0.000000000000000000e+00 8.290443220175802708e-04 0.000000000000000000e+00 1.876839814940467477e-05 0.000000000000000000e+00 8.442776277661323547e-03 4.698432516306638718e-03 2.805275144055485725e-03 0.000000000000000000e+00
0.000000000000000000e+00 1.487061235820874572e-04 1.924828247865661979e-04 1.533830218249931931e-04 0.000000000000000000e+00 2.011654723901301622e-04 1.515448966529220343e-04 6.319396561593748629e-06 1.658963883528485894e-04 1.815083815017715096e-04 6.356077501550316811e-04
0.000000000000000000e+00 0.000000000000000000e+00 0.000000000000000000e+00 0.000000000000000000e+00 0.000000000000000000e+00 0.000000000000000000e+00 0.000000000000000000e+00 0.000000000000000000e+00 0.000000000000000000e+00 0.000000000000000000e+00 0.000000000000000000e+00
6.491161417216062546e-03 3.067885059863328934e-03 0.000000000000000000e+00 0.000000000000000000e+00 0.000000000000000000e+00 6.516224239021539688e-03 0.000000000000000000e+00 3.266115440055727959e-03 8.439933881163597107e-03 2.286124508827924728e-03 1.120050810277462006e-02
0.000000000000000000e+00 1.701391185633838177e-03 0.000000000000000000e+00 0.000000000000000000e+00 2.833230420947074890e-03 0.000000000000000000e+00 0.000000000000000000e+00 1.289130654186010361e-03 1.159463450312614441e-02 0.000000000000000000e+00 1.464514527469873428e-03
0.000000000000000000e+00 0.000000000000000000e+00 9.546219371259212494e-03 0.000000000000000000e+00 0.000000000000000000e+00 0.000000000000000000e+00 0.000000000000000000e+00 9.924059850163757801e-05 5.202903994359076023e-04 2.165154553949832916e-03 5.609232466667890549e-03
1.031412836164236069e-02 9.111003950238227844e-03 1.612636074423789978e-02 0.000000000000000000e+00 3.955711424350738525e-02 3.711560741066932678e-03 0.000000000000000000e+00 0.000000000000000000e+00 6.697173696011304855e-03 0.000000000000000000e+00 9.516098536550998688e-03
0.000000000000000000e+00 0.000000000000000000e+00 4.224626081850146875e-06 1.913809910547570325e-06 1.212549614137969911e-05 0.000000000000000000e+00 4.927499958284897730e-06 1.058295424627431203e-06 0.000000000000000000e+00 4.520090897131012753e-06 0.000000000000000000e+00
