0.000000000000000000e+00 8.527227172851562500e+02 9.893234252929687500e+00 0.000000000000000000e+00 0.000000000000000000e+00 0.000000000000000000e+00 3.291511230468750000e+02 6.800599365234375000e+02 3.411056280136108398e+00 5.860596313476562500e+02 0.000000000000000000e+00
6.458187103271484375e+01 0.000000000000000000e+00 1.807145385742187500e+02 7.917063140869140625e+01 1.413687714375555515e-03 9.161102771759033203e-01 9.707912445068359375e+00 6.632751319557428360e-04 6.623864755965769291e-04 1.068381547927856445e+00 3.944928359985351562e+01
1.579256728291511536e-02 1.779598388671875000e+02 1.164189147949218750e+02 3.627488851547241211e+00 1.984885978698730469e+01 3.529741821289062500e+02 1.223643951416015625e+02 1.663675904273986816e-02 4.664082336425781250e+01 2.886080932617187500e+02 4.374112486839294434e-01
5.765790557861328125e+01 1.461919303983449936e-02 8.682327717542648315e-02 4.018975524902343750e+02 2.889670104980468750e+02 3.630426025390625000e+02 2.962169494628906250e+02 3.109595870971679688e+01 2.515874862670898438e+01 1.940750427246093750e+02 3.135350646972656250e+02
2.298234254121780396e-01 1.098351478576660156e+00 1.555847644805908203e+00 6.628963947296142578e-01 0.000000000000000000e+00 7.409098744392395020e-01 1.087160944938659668e+00 8.031936734914779663e-02 4.548699259757995605e-01 2.230685234069824219e+00 3.913340568542480469e+00
0.000000000000000000e+00 0.000000000000000000e+00 0.000000000000000000e+00 0.000000000000000000e+00 0.000000000000000000e+00 0.000000000000000000e+00 0.000000000000000000e+00 0.000000000000000000e+00 0.000000000000000000e+00 0.000000000000000000e+00 2.210191965103149414e+00
7.826673889160156250e+01 7.147136688232421875e+01 0.000000000000000000e+00 2.132730484008789062e+01 6.961957751627778634e-06 2.359298944473266602e+00 7.776432037353515625e+01 7.313391208648681641e+00 1.017617034912109375e+02 1.399321594238281250e+02 1.285858306884765625e+02
1.144451751708984375e+02 3.641459045410156250e+02 4.225375976562500000e+02 8.462839965820312500e+02 2.155112075805664062e+01 1.136087036132812500e+02 2.841516418457031250e+02 5.584011230468750000e+02 1.340042480468750000e+03 3.251799926757812500e+02 7.214896240234375000e+02
2.748782001435756683e-02 1.148252868652343750e+02 1.141308135986328125e+02 1.110678166151046753e-01 3.241256345063447952e-04 1.546681594848632812e+01 6.664604187011718750e+01 6.261136149987578392e-06 1.619185485839843750e+02 5.187545776367187500e+00 6.779890441894531250e+01
1.741126632690429688e+01 7.604705810546875000e+00 9.656707763671875000e+00 0.000000000000000000e+00 4.217612915039062500e+02 0.000000000000000000e+00 0.000000000000000000e+00 0.000000000000000000e+00 1.886000823974609375e+01 0.000000000000000000e+00 1.118886032104492188e+02
0.000000000000000000e+00 1.157934821094386280e-04 2.129584550857543945e-02 9.176390245556831360e-03 2.791817300021648407e-02 0.000000000000000000e+00 9.474636986851692200e-03 1.483233831822872162e-02 1.618465830688364804e-05 1.315147802233695984e-02 0.000000000000000000e+00
