0.000000000000000000e+00 9.118778991699218750e+01 6.134753417968750000e+01 0.000000000000000000e+00 0.000000000000000000e+00 0.000000000000000000e+00 2.970267333984375000e+02 2.149561166763305664e+00 1.248968482017517090e+00 4.390914440155029297e-01 0.000000000000000000e+00
2.835610389709472656e+00 2.016247100830078125e+02 6.044365844726562500e+02 4.452815551757812500e+02 4.601648254394531250e+02 4.241124572753906250e+02 4.827668151855468750e+02 4.218209457397460938e+01 2.012359619140625000e+02 1.453459382057189941e+00 4.519884643554687500e+02
3.578790724277496338e-01 1.253200149536132812e+01 6.812440156936645508e-01 9.473111724853515625e+01 9.827790260314941406e-01 4.077367858886718750e+02 1.180584869384765625e+02 2.800375366210937500e+01 1.792126655578613281e+01 1.529474353790283203e+01 4.074946594238281250e+01
2.229354553222656250e+02 2.569668197631835938e+01 4.075051099061965942e-02 4.585847258567810059e-02 1.470324873924255371e+00 1.658666687011718750e+02 9.857990741729736328e-01 2.664725952148437500e+02 2.501904249191284180e+00 3.040686808526515961e-02 5.533074140548706055e-01
1.180113479495048523e-01 2.464261651039123535e-01 2.268033921718597412e-01 3.621356487274169922e-01 0.000000000000000000e+00 2.140022218227386475e-01 3.340172171592712402e-01 2.667441964149475098e-01 3.711343109607696533e-01 4.964667260646820068e-01 1.105622649192810059e+00
0.000000000000000000e+00 0.000000000000000000e+00 9.487744569778442383e-01 1.477516925660893321e-04 0.000000000000000000e+00 5.162874221801757812e+01 7.024340331554412842e-02 0.000000000000000000e+00 0.000000000000000000e+00 8.069163560867309570e-02 2.030545806884765625e+02
3.031208753585815430e+00 2.105667419433593750e+02 2.286324743181467056e-03 1.805022277832031250e+02 9.850984954833984375e+01 3.003386497497558594e+00 1.410692138671875000e+02 9.074904632568359375e+01 1.794664144515991211e+00 3.551854372024536133e+00 1.468907775878906250e+02
7.217960432171821594e-03 3.296708374023437500e+02 3.262835388183593750e+02 1.003021746873855591e-01 8.616206169128417969e+00 4.196868836879730225e-01 1.440854668617248535e+00 9.147376098632812500e+02 5.653377914428710938e+01 9.026759357766422909e-07 7.661054134368896484e-01
6.786116864532232285e-04 1.430082511901855469e+01 3.789520636200904846e-02 5.182216167449951172e-01 1.065859942173119634e-05 7.877221069335937500e+02 1.206027587890625000e+03 4.310073852539062500e+02 7.504576416015625000e+02 5.349345207214355469e-01 8.767058105468750000e+02
3.781199455261230469e-02 0.000000000000000000e+00 2.091429233551025391e-01 0.000000000000000000e+00 1.502818145751953125e+02 0.000000000000000000e+00 0.000000000000000000e+00 0.000000000000000000e+00 9.450104832649230957e-02 0.000000000000000000e+00 1.927969045937061310e-02
0.000000000000000000e+00 3.290324704721570015e-03 1.168854907155036926e-02 5.507390946149826050e-03 1.643951237201690674e-02 0.000000000000000000e+00 7.962455973029136658e-03 1.146544981747865677e-02 5.426936550065875053e-04 9.056242182850837708e-03 1.726470654830336571e-04
