0.000000000000000000e+00 0.000000000000000000e+00 8.261820301413536072e-03 0.000000000000000000e+00 0.000000000000000000e+00 0.000000000000000000e+00 7.975603453814983368e-03 1.067397883161902428e-03 4.824521951377391815e-03 0.000000000000000000e+00 0.000000000000000000e+00
1.089960336685180664e-02 0.000000000000000000e+00 3.555337665602564812e-03 1.187846064567565918e-03 0.000000000000000000e+00 1.189488684758543968e-03 1.183170825242996216e-02 0.000000000000000000e+00 0.000000000000000000e+00 0.000000000000000000e+00 0.000000000000000000e+00
3.624640638008713722e-03 5.861547309905290604e-03 5.487726069986820221e-03 0.000000000000000000e+00 0.000000000000000000e+00 7.012873422354459763e-03 0.000000000000000000e+00 0.000000000000000000e+00 7.620719727128744125e-03 6.600393448024988174e-03 1.169992610812187195e-02
1.026273332536220551e-02 0.000000000000000000e+00 0.000000000000000000e+00 0.000000000000000000e+00 4.979709628969430923e-04 1.752278767526149750e-03 0.000000000000000000e+00 1.182522438466548920e-02 9.118699468672275543e-03 4.897472448647022247e-03 0.000000000000000000e+00
1.585301070008426905e-04 3.128098614979535341e-04 4.476165922824293375e-04 6.388252368196845055e-04 0.000000000000000000e+00 5.538007244467735291e-04 4.907168331556022167e-04 4.639275430236011744e-04 5.852510221302509308e-04 6.497363210655748844e-04 1.247241627424955368e-03
0.000000000000000000e+00 0.000000000000000000e+00 0.000000000000000000e+00 0.000000000000000000e+00 0.000000000000000000e+00 4.494447261095046997e-03 0.000000000000000000e+00 0.000000000000000000e+00 0.000000000000000000e+00 0.000000000000000000e+00 0.000000000000000000e+00
2.553479745984077454e-03 3.275100607424974442e-03 0.000000000000000000e+00 1.022684038616716862e-03 3.220897633582353592e-03 1.229999307543039322e-02 6.036075763404369354e-03 9.793266654014587402e-03 9.444350376725196838e-03 3.529760055243968964e-03 1.246602926403284073e-02
0.000000000000000000e+00 0.000000000000000000e+00 0.000000000000000000e+00 0.000000000000000000e+00 1.459050085395574570e-02 0.000000000000000000e+00 5.051462212577462196e-04 0.000000000000000000e+00 1.282090507447719574e-02 1.406434341333806515e-03 0.000000000000000000e+00
9.222776279784739017e-04 7.805247150827199221e-05 8.413852192461490631e-03 0.000000000000000000e+00 4.890237003564834595e-03 0.000000000000000000e+00 2.924403408542275429e-03 6.602982990443706512e-03 0.000000000000000000e+00 0.000000000000000000e+00 3.794488962739706039e-03
1.851541548967361450e-02 9.030966088175773621e-03 1.152550242841243744e-02 0.000000000000000000e+00 4.085714742541313171e-02 1.581259712111204863e-04 0.000000000000000000e+00 0.000000000000000000e+00 7.230272050946950912e-03 0.000000000000000000e+00 1.893143355846405029e-02
0.000000000000000000e+00 0.000000000000000000e+00 1.656307358643971384e-05 3.163833753205835819e-06 1.964920556929428130e-05 0.000000000000000000e+00 2.199736400143592618e-06 3.682128863147227094e-06 0.000000000000000000e+00 9.986621989810373634e-06 0.000000000000000000e+00
