0.000000000000000000e+00 0.000000000000000000e+00 1.019348762929439545e-02 0.000000000000000000e+00 0.000000000000000000e+00 0.000000000000000000e+00 7.176962215453386307e-03 2.797169378027319908e-03 3.918665461242198944e-03 0.000000000000000000e+00 0.000000000000000000e+00
1.590551575645804405e-03 0.000000000000000000e+00 1.016301475465297699e-02 4.482349380850791931e-03 1.284968602703884244e-04 7.677113899262621999e-05 7.091284729540348053e-03 0.000000000000000000e+00 0.000000000000000000e+00 0.000000000000000000e+00 0.000000000000000000e+00
0.000000000000000000e+00 4.842556081712245941e-03 0.000000000000000000e+00 9.935408830642700195e-03 0.000000000000000000e+00 3.793968586251139641e-03 6.567623349837958813e-04 0.000000000000000000e+00 2.784771379083395004e-03 0.000000000000000000e+00 5.227160174399614334e-03
1.224151533097028732e-02 8.185869082808494568e-03 0.000000000000000000e+00 2.984520047903060913e-03 0.000000000000000000e+00 7.364565972238779068e-03 5.724963732063770294e-03 2.248243056237697601e-02 8.199548348784446716e-03 0.000000000000000000e+00 0.000000000000000000e+00
0.000000000000000000e+00 0.000000000000000000e+00 5.786260589957237244e-04 3.990340046584606171e-04 0.000000000000000000e+00 2.238538436358794570e-04 2.371765440329909325e-04 9.534934360999614000e-05 2.791003207676112652e-04 6.112205446697771549e-04 1.076668500900268555e-03
0.000000000000000000e+00 0.000000000000000000e+00 0.000000000000000000e+00 0.000000000000000000e+00 0.000000000000000000e+00 0.000000000000000000e+00 0.000000000000000000e+00 0.000000000000000000e+00 0.000000000000000000e+00 0.000000000000000000e+00 0.000000000000000000e+00
1.826517516747117043e-03 1.166778337210416794e-02 0.000000000000000000e+00 1.401793211698532104e-03 0.000000000000000000e+00 8.992741815745830536e-03 0.000000000000000000e+00 0.000000000000000000e+00 8.496400550939142704e-04 1.266117952764034271e-02 1.014495268464088440e-02
0.000000000000000000e+00 0.000000000000000000e+00 0.000000000000000000e+00 4.180049523711204529e-03 2.346182474866509438e-03 0.000000000000000000e+00 0.000000000000000000e+00 0.000000000000000000e+00 4.619413055479526520e-03 0.000000000000000000e+00 0.000000000000000000e+00
4.191607295069843531e-04 0.000000000000000000e+00 3.803689265623688698e-03 1.429384807124733925e-03 0.000000000000000000e+00 0.000000000000000000e+00 1.089305710047483444e-02 2.798996400088071823e-03 2.472804393619298935e-03 5.890087690204381943e-03 3.173367818817496300e-03
1.291602570563554764e-02 7.538127247244119644e-03 1.010716706514358521e-02 0.000000000000000000e+00 4.047345370054244995e-02 0.000000000000000000e+00 1.757625432219356298e-04 0.000000000000000000e+00 1.248645130544900894e-02 0.000000000000000000e+00 1.084223855286836624e-02
0.000000000000000000e+00 1.230515863426262513e-06 1.168859944300493225e-05 1.226782387675484642e-05 1.827293817768804729e-05 0.000000000000000000e+00 3.857118372252443805e-06 1.299373707297490910e-05 5.368384336179587990e-06 1.182178493763785809e-05 0.000000000000000000e+00
