2.624061744427308440e-05 7.747203926555812359e-05 8.106726454570889473e-05 2.430713902867864817e-05 0.000000000000000000e+00 2.536404053898877464e-06 8.021535904845222831e-05 9.631700959289446473e-05 6.431574001908302307e-05 6.138720345916226506e-05 1.342140967608429492e-05
2.369232010096311569e-03 0.000000000000000000e+00 4.675708245486021042e-03 0.000000000000000000e+00 0.000000000000000000e+00 0.000000000000000000e+00 0.000000000000000000e+00 4.317110870033502579e-03 0.000000000000000000e+00 0.000000000000000000e+00 0.000000000000000000e+00
1.593930297531187534e-03 1.016502548009157181e-02 2.205829601734876633e-03 0.000000000000000000e+00 0.000000000000000000e+00 7.142536807805299759e-03 1.023702602833509445e-02 0.000000000000000000e+00 0.000000000000000000e+00 6.423539482057094574e-03 0.000000000000000000e+00
8.116150274872779846e-03 0.000000000000000000e+00 0.000000000000000000e+00 2.475623507052659988e-03 1.754796365275979042e-03 2.380671445280313492e-03 0.000000000000000000e+00 2.308424562215805054e-03 1.274264184758067131e-03 0.000000000000000000e+00 0.000000000000000000e+00
4.022282155347056687e-05 1.964729162864387035e-04 3.416011895751580596e-05 1.669576013227924705e-04 0.000000000000000000e+00 1.379812456434592605e-04 1.029171835398301482e-04 0.000000000000000000e+00 2.573235360614489764e-05 2.621435560286045074e-04 4.724977479781955481e-04
0.000000000000000000e+00 0.000000000000000000e+00 0.000000000000000000e+00 0.000000000000000000e+00 0.000000000000000000e+00 0.000000000000000000e+00 0.000000000000000000e+00 0.000000000000000000e+00 0.000000000000000000e+00 0.000000000000000000e+00 0.000000000000000000e+00
4.840840119868516922e-03 0.000000000000000000e+00 0.000000000000000000e+00 0.000000000000000000e+00 0.000000000000000000e+00 3.124621929600834846e-03 8.199319243431091309e-03 3.518115263432264328e-03 9.033376118168234825e-04 1.754782046191394329e-03 7.875588722527027130e-03
0.000000000000000000e+00 4.598143510520458221e-03 0.000000000000000000e+00 0.000000000000000000e+00 0.000000000000000000e+00 0.000000000000000000e+00 0.000000000000000000e+00 0.000000000000000000e+00 2.060444792732596397e-03 0.000000000000000000e+00 4.535936284810304642e-03
0.000000000000000000e+00 0.000000000000000000e+00 0.000000000000000000e+00 0.000000000000000000e+00 0.000000000000000000e+00 2.498895861208438873e-03 2.538161352276802063e-03 0.000000000000000000e+00 1.355788204818964005e-03 6.826883181929588318e-04 7.346842903643846512e-03
2.505821757949888706e-04 0.000000000000000000e+00 7.671098224818706512e-03 0.000000000000000000e+00 3.570243343710899353e-02 2.606962341815233231e-03 0.000000000000000000e+00 0.000000000000000000e+00 9.573345072567462921e-03 0.000000000000000000e+00 1.355352811515331268e-02
0.000000000000000000e+00 0.000000000000000000e+00 3.155256081299739890e-06 3.292821247669053264e-06 8.184985745174344629e-06 0.000000000000000000e+00 1.373430222884053364e-06 3.820834081125212833e-06 1.820770762606116477e-06 2.449967723805457354e-06 0.000000000000000000e+00
