0.000000000000000000e+00 4.464026074856519699e-03 2.798845293000340462e-03 0.000000000000000000e+00 0.000000000000000000e+00 0.000000000000000000e+00 3.920059185475111008e-03 0.000000000000000000e+00 5.816067568957805634e-03 0.000000000000000000e+00 0.000000000000000000e+00
1.543107163161039352e-02 0.000000000000000000e+00 1.251060795038938522e-02 8.100641891360282898e-03 4.770100582391023636e-03 0.000000000000000000e+00 4.354967270046472549e-03 7.578850723803043365e-03 0.000000000000000000e+00 0.000000000000000000e+00 0.000000000000000000e+00
4.789639730006456375e-03 0.000000000000000000e+00 4.044894594699144363e-03 1.835644710808992386e-03 0.000000000000000000e+00 6.052148994058370590e-03 8.225537836551666260e-03 0.000000000000000000e+00 0.000000000000000000e+00 1.660467311739921570e-02 1.034217514097690582e-02
9.032200090587139130e-03 0.000000000000000000e+00 2.209086669608950615e-03 0.000000000000000000e+00 5.441463552415370941e-03 0.000000000000000000e+00 4.102469421923160553e-03 7.637661881744861603e-03 5.352421198040246964e-03 0.000000000000000000e+00 0.000000000000000000e+00
4.236592576489783823e-05 2.139742573490366340e-04 1.145711867138743401e-04 2.267047384520992637e-04 0.000000000000000000e+00 3.545511572156101465e-04 4.202595155220478773e-04 2.500870323274284601e-04 4.155388451181352139e-04 3.718436637427657843e-04 8.350837160833179951e-04
0.000000000000000000e+00 0.000000000000000000e+00 0.000000000000000000e+00 0.000000000000000000e+00 0.000000000000000000e+00 4.029663105029612780e-04 0.000000000000000000e+00 0.000000000000000000e+00 0.000000000000000000e+00 0.000000000000000000e+00 0.000000000000000000e+00
3.173764329403638840e-03 1.055333181284368038e-03 0.000000000000000000e+00 0.000000000000000000e+00 0.000000000000000000e+00 9.133943356573581696e-03 5.357204936444759369e-03 4.035299643874168396e-03 7.340895477682352066e-03 5.020017735660076141e-03 1.140639651566743851e-02
0.000000000000000000e+00 0.000000000000000000e+00 0.000000000000000000e+00 2.466439967975020409e-03 1.786140841431915760e-03 0.000000000000000000e+00 0.000000000000000000e+00 0.000000000000000000e+00 1.181671209633350372e-02 0.000000000000000000e+00 7.428901270031929016e-03
0.000000000000000000e+00 6.053050979971885681e-03 3.774048294872045517e-03 0.000000000000000000e+00 0.000000000000000000e+00 0.000000000000000000e+00 0.000000000000000000e+00 2.495801076292991638e-03 0.000000000000000000e+00 0.000000000000000000e+00 4.241512157022953033e-03
9.415225125849246979e-03 4.184379242360591888e-03 1.611103303730487823e-02 0.000000000000000000e+00 3.764810040593147278e-02 0.000000000000000000e+00 0.000000000000000000e+00 0.000000000000000000e+00 9.420718997716903687e-03 0.000000000000000000e+00 9.372020140290260315e-03
0.000000000000000000e+00 0.000000000000000000e+00 3.451885277172550559e-06 2.629087703098775819e-06 8.599537977715954185e-06 0.000000000000000000e+00 4.452161192602943629e-06 2.270300228701671585e-06 2.579226077159546549e-07 7.313590685953386128e-06 0.000000000000000000e+00
