0.000000000000000000e+00 0.000000000000000000e+00 3.507435612846165895e-04 0.000000000000000000e+00 0.000000000000000000e+00 0.000000000000000000e+00 4.485830664634704590e-03 4.402199294418096542e-03 5.103103816509246826e-03 0.000000000000000000e+00 0.000000000000000000e+00
0.000000000000000000e+00 0.000000000000000000e+00 2.065564971417188644e-03 0.000000000000000000e+00 2.850993536412715912e-03 0.000000000000000000e+00 1.814567716792225838e-03 0.000000000000000000e+00 0.000000000000000000e+00 0.000000000000000000e+00 3.045350546017289162e-03
0.000000000000000000e+00 5.491808406077325344e-04 1.287006889469921589e-03 1.324776327237486839e-03 0.000000000000000000e+00 4.134590271860361099e-03 1.494610682129859924e-03 0.000000000000000000e+00 0.000000000000000000e+00 2.560912864282727242e-03 0.000000000000000000e+00
5.547020118683576584e-03 0.000000000000000000e+00 1.290050800889730453e-03 2.475486835464835167e-03 0.000000000000000000e+00 0.000000000000000000e+00 0.000000000000000000e+00 1.883287332020699978e-03 4.015095531940460205e-03 2.839042805135250092e-03 0.000000000000000000e+00
1.273030375159578398e-05 9.540703467791900039e-05 7.496445323340594769e-05 6.979488534852862358e-05 0.000000000000000000e+00 2.739326009759679437e-05 3.494860720820724964e-05 1.762768988555762917e-05 2.345999564568046480e-05 7.166642171796411276e-05 3.232502785976976156e-04
0.000000000000000000e+00 3.835946787148714066e-03 0.000000000000000000e+00 0.000000000000000000e+00 0.000000000000000000e+00 1.900115050375461578e-02 2.164463279768824577e-03 6.841341382823884487e-04 0.000000000000000000e+00 3.485557157546281815e-03 2.146287821233272552e-02
8.145780302584171295e-04 0.000000000000000000e+00 0.000000000000000000e+00 0.000000000000000000e+00 0.000000000000000000e+00 2.401586156338453293e-03 3.002315934281796217e-04 0.000000000000000000e+00 2.082004444673657417e-03 2.870738040655851364e-03 7.518536876887083054e-04
0.000000000000000000e+00 0.000000000000000000e+00 7.387656951323151588e-04 0.000000000000000000e+00 1.872277935035526752e-03 0.000000000000000000e+00 0.000000000000000000e+00 0.000000000000000000e+00 0.000000000000000000e+00 0.000000000000000000e+00 0.000000000000000000e+00
0.000000000000000000e+00 6.120860925875604153e-04 2.134525449946522713e-03 0.000000000000000000e+00 0.000000000000000000e+00 1.813815324567258358e-03 4.083116073161363602e-04 0.000000000000000000e+00 1.269250409677624702e-03 0.000000000000000000e+00 5.205357912927865982e-03
3.080653958022594452e-03 0.000000000000000000e+00 4.707208834588527679e-03 0.000000000000000000e+00 1.824794523417949677e-02 0.000000000000000000e+00 0.000000000000000000e+00 0.000000000000000000e+00 5.419554188847541809e-03 0.000000000000000000e+00 7.962486706674098969e-03
0.000000000000000000e+00 0.000000000000000000e+00 8.883701525519427378e-07 4.773007233893622470e-08 2.648643885549972765e-06 0.000000000000000000e+00 5.042892325946013443e-07 1.941210484801558778e-06 0.000000000000000000e+00 1.438455456082010642e-06 0.000000000000000000e+00
