7.578884601593017578e+00 6.952108001708984375e+01 7.210697937011718750e+01 1.278294563293457031e+01 6.212475299835205078e-01 4.443651676177978516e+00 7.508439636230468750e+01 8.058766174316406250e+01 7.752632141113281250e+01 5.152230072021484375e+01 9.031513214111328125e+00
2.060305273437500000e+04 2.170114754562746384e-09 2.293984863281250000e+03 2.288221875000000000e+04 4.452682617187500000e+03 3.352880468750000000e+04 2.245417968750000000e+04 1.873961029052734375e+02 6.836511718750000000e+04 6.972512245178222656e+00 2.758362007141113281e+01
9.699104309082031250e+01 2.272863281250000000e+04 1.110514550781250000e+04 1.436545654296875000e+03 1.688982666015625000e+03 1.125554785156250000e+04 8.876750976562500000e+03 1.509750000000000000e+03 5.133216552734375000e+02 1.299535644531250000e+03 4.196810913085937500e+01
1.511246289062500000e+04 7.416053710937500000e+03 1.491258007812500000e+04 2.595042968750000000e+04 2.816944580078125000e+03 1.945786718750000000e+04 2.396585156250000000e+04 2.681704687500000000e+04 1.007265136718750000e+03 1.270727636718750000e+04 1.323849902343750000e+04
5.233435058593750000e+01 5.934274673461914062e+01 3.400764846801757812e+01 5.406034851074218750e+01 0.000000000000000000e+00 3.461637496948242188e+01 4.368753433227539062e+01 5.187973785400390625e+01 3.209379196166992188e+01 5.616260528564453125e+01 1.658096008300781250e+02
0.000000000000000000e+00 0.000000000000000000e+00 0.000000000000000000e+00 0.000000000000000000e+00 0.000000000000000000e+00 0.000000000000000000e+00 0.000000000000000000e+00 0.000000000000000000e+00 0.000000000000000000e+00 0.000000000000000000e+00 4.591839599609375000e+01
1.381986621093750000e+04 1.329976558685302734e+00 5.700415372848510742e-02 1.236841674804687500e+03 6.180308461189270020e-01 6.782748699188232422e+00 1.499727630615234375e+01 1.356350402832031250e+02 3.383622436523437500e+02 4.228470611572265625e+01 2.299173437500000000e+04
1.141675738836056553e-06 1.983904492187500000e+04 3.057468750000000000e+03 6.294556617736816406e+00 1.047810791015625000e+03 1.845923042297363281e+01 8.748674316406250000e+02 1.129886352539062500e+03 2.261428710937500000e+04 1.220233886718750000e+04 4.921160278320312500e+02
1.658313281250000000e+04 6.352189453125000000e+03 1.162783105468750000e+04 1.975941796875000000e+04 1.025674609375000000e+04 2.158501171875000000e+04 3.168523681640625000e+03 1.370138378906250000e+04 6.492091674804687500e+02 9.966681640625000000e+03 2.151192578125000000e+04
0.000000000000000000e+00 0.000000000000000000e+00 0.000000000000000000e+00 0.000000000000000000e+00 1.761079559326171875e+02 0.000000000000000000e+00 0.000000000000000000e+00 0.000000000000000000e+00 0.000000000000000000e+00 0.000000000000000000e+00 0.000000000000000000e+00
0.000000000000000000e+00 1.355012955173151568e-06 2.760155797004699707e-01 7.726210751570761204e-04 7.568957805633544922e-01 0.000000000000000000e+00 3.247060347348451614e-03 4.378132224082946777e-01 7.542349339928478003e-05 3.148596882820129395e-01 9.899604265228845179e-07
