0.000000000000000000e+00 0.000000000000000000e+00 1.647674507694318891e-04 0.000000000000000000e+00 0.000000000000000000e+00 0.000000000000000000e+00 3.521438920870423317e-03 2.970805391669273376e-03 1.132122823037207127e-03 0.000000000000000000e+00 0.000000000000000000e+00
1.819983008317649364e-03 0.000000000000000000e+00 3.324086545035243034e-03 0.000000000000000000e+00 1.245852676220238209e-03 4.012376302853226662e-04 0.000000000000000000e+00 0.000000000000000000e+00 2.834914950653910637e-03 0.000000000000000000e+00 0.000000000000000000e+00
2.391348825767636299e-04 1.946992008015513420e-03 0.000000000000000000e+00 0.000000000000000000e+00 2.892700722441077232e-03 2.026913920417428017e-03 2.502099610865116119e-03 0.000000000000000000e+00 0.000000000000000000e+00 1.629068865440785885e-03 2.036318910541012883e-04
4.712780471891164780e-03 2.621826482936739922e-03 0.000000000000000000e+00 7.599961827509105206e-04 4.162996192462742329e-04 8.791834698058664799e-04 2.368915360420942307e-03 2.648722380399703979e-03 0.000000000000000000e+00 1.629651640541851521e-03 0.000000000000000000e+00
7.193422788986936212e-05 9.707566641736775637e-05 1.894160523079335690e-04 1.415169972460716963e-04 0.000000000000000000e+00 9.550429967930540442e-05 1.052288862410932779e-04 1.375659048790112138e-04 1.393444545101374388e-04 1.962573296623304486e-04 3.528303059283643961e-04
0.000000000000000000e+00 0.000000000000000000e+00 4.101193626411259174e-04 0.000000000000000000e+00 0.000000000000000000e+00 1.323067303746938705e-02 0.000000000000000000e+00 9.368434548377990723e-04 0.000000000000000000e+00 1.982724294066429138e-03 1.751353405416011810e-02
0.000000000000000000e+00 9.008440538309514523e-04 0.000000000000000000e+00 3.135057166218757629e-03 0.000000000000000000e+00 3.195363329723477364e-03 1.097295549698174000e-03 6.271855439990758896e-03 1.057622139342129230e-03 3.903721692040562630e-03 1.538514741696417332e-03
0.000000000000000000e+00 1.505249296315014362e-03 0.000000000000000000e+00 0.000000000000000000e+00 0.000000000000000000e+00 0.000000000000000000e+00 8.006644929992035031e-05 0.000000000000000000e+00 4.757802933454513550e-03 0.000000000000000000e+00 0.000000000000000000e+00
2.114181173965334892e-03 1.917416695505380630e-03 0.000000000000000000e+00 1.716299884719774127e-04 0.000000000000000000e+00 0.000000000000000000e+00 0.000000000000000000e+00 1.045151511789299548e-04 2.854594495147466660e-04 0.000000000000000000e+00 1.243714476004242897e-03
1.951830810867249966e-03 0.000000000000000000e+00 5.304744001477956772e-03 1.420898479409515858e-03 1.483023259788751602e-02 0.000000000000000000e+00 0.000000000000000000e+00 0.000000000000000000e+00 4.906992893666028976e-03 0.000000000000000000e+00 6.418597418814897537e-03
0.000000000000000000e+00 0.000000000000000000e+00 2.456712763887480833e-06 1.414936605215189047e-06 9.505255547992419451e-06 0.000000000000000000e+00 2.181323992545003421e-07 3.213199988749693148e-06 6.070820290915435180e-07 4.776581477017316502e-07 0.000000000000000000e+00
