0.000000000000000000e+00 3.120404434204101562e+01 3.040184020996093750e+02 0.000000000000000000e+00 0.000000000000000000e+00 0.000000000000000000e+00 1.136032562255859375e+02 1.722340625000000000e+04 5.971718215942382812e+01 6.067032814025878906e+00 0.000000000000000000e+00
1.233596343994140625e+02 1.545699035432335222e-07 8.356503906250000000e+03 5.801511718750000000e+03 1.547935485839843750e+01 8.504142578125000000e+03 3.562148437500000000e+02 1.048948745727539062e+02 8.358777343750000000e+03 1.076706161499023438e+02 1.073792877197265625e+02
2.155628906250000000e+04 2.906765625000000000e+04 2.621310546875000000e+04 9.990277862548828125e+01 2.014952278137207031e+01 1.040003808593750000e+04 4.323288726806640625e+01 2.712191641330718994e-01 2.349459838867187500e+01 5.333352343750000000e+04 1.205078482627868652e+00
4.881429687500000000e+03 2.105658447265625000e+03 9.812875976562500000e+03 2.225293945312500000e+04 1.059095458984375000e+02 1.875496484375000000e+04 3.256594921875000000e+04 3.048719482421875000e+02 2.474887500000000000e+04 2.402146289062500000e+04 3.556963281250000000e+04
1.324329853057861328e+00 7.277925491333007812e+00 2.866620302200317383e+00 1.325155973434448242e+00 0.000000000000000000e+00 1.939869046211242676e+00 4.695954322814941406e+00 1.870387792587280273e+00 1.522927880287170410e+00 1.002486801147460938e+01 2.215296554565429688e+01
0.000000000000000000e+00 0.000000000000000000e+00 0.000000000000000000e+00 0.000000000000000000e+00 0.000000000000000000e+00 8.223837940022349358e-04 0.000000000000000000e+00 0.000000000000000000e+00 0.000000000000000000e+00 0.000000000000000000e+00 5.584387326962314546e-05
1.540669921875000000e+04 2.632747192382812500e+02 1.583411914062500000e+04 2.472668359375000000e+04 2.817186279296875000e+03 1.183024707031250000e+04 1.247577246093750000e+04 2.655699849128723145e-01 1.575153125000000000e+04 5.832133300781250000e+03 1.970779101562500000e+04
3.628478944301605225e-02 4.723702239990234375e+01 5.909506347656250000e+03 1.111514854431152344e+01 1.072735839843750000e+04 2.677207946777343750e+01 3.346216201782226562e+00 2.661662597656250000e+02 4.525432617187500000e+03 3.553583526611328125e+01 2.777374023437500000e+03
2.480165567249059677e-03 3.912573242187500000e+01 3.029726562500000000e+03 1.850669670104980469e+01 5.781040039062500000e+03 1.489683990478515625e+02 1.743770294189453125e+02 5.477572917938232422e+00 2.627257617187500000e+04 4.421375656127929688e+01 3.188613281250000000e+04
0.000000000000000000e+00 0.000000000000000000e+00 0.000000000000000000e+00 0.000000000000000000e+00 2.258824539184570312e+01 0.000000000000000000e+00 0.000000000000000000e+00 0.000000000000000000e+00 0.000000000000000000e+00 0.000000000000000000e+00 4.626852387445978820e-06
0.000000000000000000e+00 1.397651806473731995e-02 1.769077479839324951e-01 4.746081307530403137e-03 2.421681880950927734e-01 0.000000000000000000e+00 6.873098015785217285e-02 1.084752082824707031e-01 9.333263151347637177e-03 9.904444962739944458e-02 4.068018824909813702e-06
