0.000000000000000000e+00 1.382708496093750000e+03 2.494786376953125000e+02 0.000000000000000000e+00 0.000000000000000000e+00 0.000000000000000000e+00 1.390528320312500000e+03 4.003605468750000000e+03 1.644087028503417969e+01 1.308245391845703125e+02 0.000000000000000000e+00
7.864869531250000000e+04 0.000000000000000000e+00 5.097509765625000000e+04 9.896612548828125000e+01 3.606444531250000000e+04 5.299471875000000000e+04 8.604307031250000000e+04 3.739235156250000000e+04 6.472001562500000000e+04 7.718236718750000000e+04 7.023635937500000000e+04
7.579782104492187500e+01 1.045155761718750000e+04 8.117415010929107666e-02 7.076590820312500000e+03 6.625252441406250000e+03 1.921093505859375000e+03 4.411906250000000000e+03 6.984388183593750000e+03 1.683765014648437500e+03 8.830520507812500000e+03 4.555495455861091614e-02
3.946014404296875000e+02 1.371828794479370117e+00 1.487829804420471191e+00 6.105382919311523438e+01 6.957547851562500000e+03 1.486557006835937500e+02 8.732106781005859375e+01 6.704871093750000000e+03 9.449619140625000000e+03 7.500185966491699219e-01 5.721180725097656250e+01
7.392370223999023438e+00 1.192074108123779297e+01 5.446960926055908203e+00 8.911900520324707031e+00 0.000000000000000000e+00 1.115770265460014343e-01 5.877864837646484375e+00 4.106478393077850342e-01 1.661631464958190918e-02 1.020643806457519531e+01 2.837220382690429688e+01
0.000000000000000000e+00 0.000000000000000000e+00 0.000000000000000000e+00 0.000000000000000000e+00 0.000000000000000000e+00 0.000000000000000000e+00 0.000000000000000000e+00 0.000000000000000000e+00 0.000000000000000000e+00 0.000000000000000000e+00 0.000000000000000000e+00
1.981493554687500000e+04 5.276450195312500000e+02 3.750762695312500000e+03 2.087517968750000000e+04 0.000000000000000000e+00 4.205382385253906250e+02 1.564600524902343750e+02 3.309473991394042969e+00 3.287744522094726562e+01 5.948518554687500000e+03 1.819191210937500000e+04
0.000000000000000000e+00 7.334006835937500000e+03 2.447739062500000000e+04 7.161302492022514343e-04 2.337429687500000000e+04 1.267651757812500000e+04 8.161681365966796875e+01 4.896130859375000000e+03 1.365107421875000000e+02 3.096191596984863281e+01 5.962565978734346572e-07
0.000000000000000000e+00 1.460958740234375000e+03 2.304844238281250000e+03 3.348421478271484375e+01 2.964603424072265625e+00 1.268638549804687500e+03 1.162884179687500000e+04 1.265998077392578125e+02 2.334221191406250000e+02 5.509271621704101562e+01 3.118938903808593750e+02
0.000000000000000000e+00 0.000000000000000000e+00 0.000000000000000000e+00 0.000000000000000000e+00 2.573017883300781250e+01 0.000000000000000000e+00 0.000000000000000000e+00 0.000000000000000000e+00 0.000000000000000000e+00 0.000000000000000000e+00 0.000000000000000000e+00
0.000000000000000000e+00 4.569926386466249824e-05 1.672571003437042236e-01 8.771192515268921852e-04 2.399955391883850098e-01 0.000000000000000000e+00 2.564342925325036049e-03 1.172804161906242371e-01 1.955339830601587892e-04 2.836012095212936401e-02 4.838543645746540278e-06
