0.000000000000000000e+00 6.294550839811563492e-03 6.631383206695318222e-03 0.000000000000000000e+00 0.000000000000000000e+00 0.000000000000000000e+00 3.906989470124244690e-03 3.072688588872551918e-03 1.494179945439100266e-03 0.000000000000000000e+00 0.000000000000000000e+00
5.645914934575557709e-03 0.000000000000000000e+00 6.428846623748540878e-03 1.692590187303721905e-03 0.000000000000000000e+00 0.000000000000000000e+00 1.756564830429852009e-03 3.345861798152327538e-03 0.000000000000000000e+00 0.000000000000000000e+00 0.000000000000000000e+00
2.303121436852961779e-04 6.668016430921852589e-04 0.000000000000000000e+00 4.128281027078628540e-03 4.645681008696556091e-03 0.000000000000000000e+00 0.000000000000000000e+00 0.000000000000000000e+00 5.731756798923015594e-03 3.790267976000905037e-03 0.000000000000000000e+00
5.946077406406402588e-03 0.000000000000000000e+00 0.000000000000000000e+00 0.000000000000000000e+00 4.423012025654315948e-03 7.270986679941415787e-04 2.669269917532801628e-03 5.678210407495498657e-03 0.000000000000000000e+00 0.000000000000000000e+00 0.000000000000000000e+00
0.000000000000000000e+00 2.679282624740153551e-04 2.111036155838519335e-04 2.055053482763469219e-04 0.000000000000000000e+00 3.097552398685365915e-04 2.464985882397741079e-04 8.134797099046409130e-05 1.949991419678553939e-04 4.425775841809809208e-04 5.485818837769329548e-04
0.000000000000000000e+00 0.000000000000000000e+00 0.000000000000000000e+00 0.000000000000000000e+00 0.000000000000000000e+00 6.151534616947174072e-04 0.000000000000000000e+00 0.000000000000000000e+00 0.000000000000000000e+00 0.000000000000000000e+00 0.000000000000000000e+00
7.356907241046428680e-03 6.521594710648059845e-03 0.000000000000000000e+00 0.000000000000000000e+00 0.000000000000000000e+00 9.540854021906852722e-03 0.000000000000000000e+00 5.647471174597740173e-03 4.711966030299663544e-03 1.450757612474262714e-03 4.224954638630151749e-03
0.000000000000000000e+00 2.060032216832041740e-03 0.000000000000000000e+00 0.000000000000000000e+00 7.044624537229537964e-03 1.388679607771337032e-03 0.000000000000000000e+00 9.087894577533006668e-04 3.560695564374327660e-03 0.000000000000000000e+00 0.000000000000000000e+00
0.000000000000000000e+00 1.328838639892637730e-03 3.020855132490396500e-03 0.000000000000000000e+00 0.000000000000000000e+00 0.000000000000000000e+00 9.147414006292819977e-03 5.040941759943962097e-03 0.000000000000000000e+00 0.000000000000000000e+00 0.000000000000000000e+00
4.090449772775173187e-03 8.074014447629451752e-03 3.774513490498065948e-03 0.000000000000000000e+00 2.761809900403022766e-02 9.949458763003349304e-03 0.000000000000000000e+00 3.681580070406198502e-03 0.000000000000000000e+00 5.267429514788091183e-04 6.715246476233005524e-03
0.000000000000000000e+00 0.000000000000000000e+00 4.310819349484518170e-06 0.000000000000000000e+00 1.069450991053599864e-05 0.000000000000000000e+00 0.000000000000000000e+00 1.448803459425107576e-06 0.000000000000000000e+00 2.137467845386709087e-06 0.000000000000000000e+00
