0.000000000000000000e+00 0.000000000000000000e+00 2.087611239403486252e-03 0.000000000000000000e+00 0.000000000000000000e+00 0.000000000000000000e+00 2.507503377273678780e-04 3.236114745959639549e-03 4.582867259159684181e-04 0.000000000000000000e+00 0.000000000000000000e+00
4.375868476927280426e-03 0.000000000000000000e+00 5.798351019620895386e-03 1.770571805536746979e-03 0.000000000000000000e+00 3.337991191074252129e-03 5.873118643648922443e-04 0.000000000000000000e+00 0.000000000000000000e+00 0.000000000000000000e+00 0.000000000000000000e+00
0.000000000000000000e+00 4.534194711595773697e-03 2.964769955724477768e-03 1.516673830337822437e-03 1.149805844761431217e-03 3.271152032539248466e-03 1.551012101117521524e-04 0.000000000000000000e+00 0.000000000000000000e+00 7.020251359790563583e-03 3.879328956827521324e-03
4.531695973128080368e-03 0.000000000000000000e+00 1.886135141830891371e-04 2.003087574848905206e-04 1.842287834733724594e-03 1.658821711316704750e-03 3.155688755214214325e-03 5.858631338924169540e-03 8.371614385396242142e-04 3.294520720373839140e-04 0.000000000000000000e+00
3.064267730223946273e-05 8.783362136455252767e-05 9.867124754237011075e-05 6.696701166220009327e-05 0.000000000000000000e+00 1.184865323011763394e-05 8.701511251274496317e-05 9.614090959075838327e-05 5.613374378299340606e-05 7.699601701460778713e-05 2.798206405714154243e-04
0.000000000000000000e+00 4.350442031864076853e-05 2.599479397758841515e-03 1.760151819325983524e-03 0.000000000000000000e+00 1.585271954536437988e-02 1.272154739126563072e-03 2.724103396758437157e-03 0.000000000000000000e+00 2.450919244438409805e-03 2.287176251411437988e-02
3.591967280954122543e-03 0.000000000000000000e+00 9.118496673181653023e-04 1.808927394449710846e-03 1.896515837870538235e-03 3.687527729198336601e-03 7.636881782673299313e-04 3.068277612328529358e-03 2.740250900387763977e-03 2.666594926267862320e-03 7.337918941630050540e-05
0.000000000000000000e+00 6.773336208425462246e-04 0.000000000000000000e+00 0.000000000000000000e+00 1.941615599207580090e-03 0.000000000000000000e+00 3.168258816003799438e-03 0.000000000000000000e+00 3.053927561268210411e-03 0.000000000000000000e+00 0.000000000000000000e+00
0.000000000000000000e+00 1.546951709315180779e-03 4.096223041415214539e-03 5.102701485157012939e-03 0.000000000000000000e+00 0.000000000000000000e+00 1.752828131429851055e-03 0.000000000000000000e+00 3.217854769900441170e-03 0.000000000000000000e+00 0.000000000000000000e+00
1.867311308160424232e-03 0.000000000000000000e+00 8.582929149270057678e-03 0.000000000000000000e+00 1.712913624942302704e-02 0.000000000000000000e+00 5.347270052880048752e-03 0.000000000000000000e+00 4.066300112754106522e-03 0.000000000000000000e+00 8.462677709758281708e-03
0.000000000000000000e+00 0.000000000000000000e+00 3.853971065836958587e-06 2.066000888589769602e-06 5.988009434076957405e-06 0.000000000000000000e+00 1.518956196377985179e-07 2.188294729421613738e-06 0.000000000000000000e+00 3.172448032273678109e-06 0.000000000000000000e+00
