0.000000000000000000e+00 0.000000000000000000e+00 0.000000000000000000e+00 0.000000000000000000e+00 0.000000000000000000e+00 0.000000000000000000e+00 2.162706572562456131e-03 1.515213050879538059e-03 5.593575537204742432e-03 0.000000000000000000e+00 0.000000000000000000e+00
1.141410041600465775e-02 0.000000000000000000e+00 5.737358238548040390e-03 6.152154412120580673e-03 1.474407967180013657e-03 0.000000000000000000e+00 3.958758898079395294e-04 0.000000000000000000e+00 0.000000000000000000e+00 2.819621469825506210e-03 0.000000000000000000e+00
0.000000000000000000e+00 4.667541943490505219e-03 0.000000000000000000e+00 3.019425552338361740e-03 0.000000000000000000e+00 0.000000000000000000e+00 2.181252231821417809e-03 0.000000000000000000e+00 0.000000000000000000e+00 5.176326725631952286e-03 1.265202416107058525e-03
0.000000000000000000e+00 0.000000000000000000e+00 0.000000000000000000e+00 4.008945543318986893e-03 4.917056765407323837e-03 0.000000000000000000e+00 0.000000000000000000e+00 5.311509128659963608e-03 0.000000000000000000e+00 2.298608160344883800e-05 0.000000000000000000e+00
0.000000000000000000e+00 1.090687437681481242e-04 9.473560567130334675e-06 3.151845021420740522e-06 0.000000000000000000e+00 4.827975499210879207e-05 8.643243199912831187e-05 1.666630487306974828e-05 0.000000000000000000e+00 6.689572182949632406e-05 4.901238717138767242e-04
0.000000000000000000e+00 0.000000000000000000e+00 0.000000000000000000e+00 0.000000000000000000e+00 0.000000000000000000e+00 0.000000000000000000e+00 0.000000000000000000e+00 0.000000000000000000e+00 0.000000000000000000e+00 0.000000000000000000e+00 0.000000000000000000e+00
3.930121660232543945e-03 0.000000000000000000e+00 9.468743228353559971e-04 0.000000000000000000e+00 0.000000000000000000e+00 3.456933656707406044e-03 7.813824340701103210e-03 2.199986047344282269e-04 1.213151589035987854e-02 8.664249442517757416e-03 1.544668572023510933e-03
0.000000000000000000e+00 0.000000000000000000e+00 0.000000000000000000e+00 0.000000000000000000e+00 5.980557762086391449e-03 0.000000000000000000e+00 0.000000000000000000e+00 1.773012685589492321e-03 4.188043065369129181e-03 0.000000000000000000e+00 0.000000000000000000e+00
0.000000000000000000e+00 0.000000000000000000e+00 1.835388713516294956e-03 0.000000000000000000e+00 4.315000958740711212e-03 0.000000000000000000e+00 0.000000000000000000e+00 4.829329845961183310e-04 0.000000000000000000e+00 5.782308056950569153e-03 2.253360435133799911e-04
0.000000000000000000e+00 6.539963651448488235e-03 3.360700327903032303e-03 0.000000000000000000e+00 2.837572060525417328e-02 0.000000000000000000e+00 0.000000000000000000e+00 0.000000000000000000e+00 4.027600400149822235e-03 0.000000000000000000e+00 6.862910464406013489e-03
0.000000000000000000e+00 0.000000000000000000e+00 1.064781008608406410e-05 9.820546438277233392e-07 1.112353402277221903e-05 0.000000000000000000e+00 8.117060133372433484e-06 2.638630121509777382e-06 4.034103767480701208e-06 5.095715096103958786e-06 0.000000000000000000e+00
