0.000000000000000000e+00 4.643901064991950989e-02 1.046179931640625000e+03 0.000000000000000000e+00 0.000000000000000000e+00 0.000000000000000000e+00 1.309336425781250000e+03 7.679821777343750000e+02 1.696622894087340683e-05 3.846309846267104149e-04 0.000000000000000000e+00
1.420444726562500000e+04 1.171274809166789055e-03 6.999106933593750000e+03 2.912275781250000000e+04 1.559471129439771175e-03 3.340493164062500000e+03 5.269575683593750000e+03 1.039180660247802734e+01 8.144464111328125000e+01 2.584379882812500000e+04 3.439987109375000000e+04
1.022920608520507812e+00 2.067925292968750000e+03 4.462039062500000000e+03 6.794461914062500000e+03 5.484777832031250000e+01 4.147369628906250000e+03 7.280986816406250000e+03 1.734542236328125000e+02 3.476014160156250000e+03 5.564532714843750000e+03 2.558344726562500000e+02
3.893417724609375000e+03 5.922153930664062500e+02 2.255043387413024902e-02 3.073971939086914062e+01 1.880395507812500000e+02 2.003460571289062500e+03 7.591177734375000000e+03 2.321406250000000000e+03 2.431000976562500000e+03 2.042467594146728516e+00 2.511808319091796875e+02
9.218684196472167969e+00 7.268013000488281250e+00 3.438272178173065186e-01 3.860075950622558594e+00 6.009803200868191198e-06 6.740779280662536621e-01 4.861944198608398438e+00 1.217191457748413086e+00 2.900954246520996094e+00 9.451627731323242188e+00 3.212299728393554688e+01
0.000000000000000000e+00 0.000000000000000000e+00 0.000000000000000000e+00 0.000000000000000000e+00 0.000000000000000000e+00 1.542015559971332550e-02 0.000000000000000000e+00 0.000000000000000000e+00 0.000000000000000000e+00 0.000000000000000000e+00 3.585158265195786953e-04
9.292743530273437500e+02 6.064167968750000000e+03 1.077014952898025513e-01 1.481138427734375000e+03 2.056393213570117950e-02 9.450989775359630585e-03 7.432631835937500000e+02 5.354982614517211914e-01 1.105518188476562500e+03 1.009496289062500000e+04 1.067212524414062500e+03
1.453756591796875000e+03 2.282105957031250000e+03 8.833499755859375000e+02 2.995899902343750000e+03 7.093684570312500000e+03 1.155553417968750000e+04 1.406222991943359375e+02 1.563003234863281250e+02 1.063251367187500000e+04 9.359537109375000000e+03 4.364407714843750000e+03
0.000000000000000000e+00 1.187179077148437500e+03 1.959997558593750000e+02 1.629017639160156250e+02 1.786516189575195312e+00 3.580583496093750000e+03 2.655948730468750000e+03 1.490589380264282227e+00 8.124431371688842773e-01 1.685546487569808960e-01 2.469432220458984375e+02
0.000000000000000000e+00 0.000000000000000000e+00 0.000000000000000000e+00 0.000000000000000000e+00 2.048089790344238281e+01 0.000000000000000000e+00 0.000000000000000000e+00 0.000000000000000000e+00 0.000000000000000000e+00 0.000000000000000000e+00 5.779210187029093504e-05
0.000000000000000000e+00 0.000000000000000000e+00 1.376959830522537231e-01 3.282225952716544271e-05 2.278926372528076172e-01 0.000000000000000000e+00 4.657143726944923401e-02 1.318142265081405640e-01 1.013911514746723697e-05 9.749662131071090698e-02 7.311817898880690336e-05
