0.000000000000000000e+00 5.063971519470214844e+00 1.323219921875000000e+04 0.000000000000000000e+00 0.000000000000000000e+00 0.000000000000000000e+00 7.146768554687500000e+03 1.038532812500000000e+04 1.257159118652343750e+02 9.420529174804687500e+01 0.000000000000000000e+00
9.618479492187500000e+03 0.000000000000000000e+00 2.307627734375000000e+04 1.772564392089843750e+02 2.253458350896835327e-01 1.309268554687500000e+04 2.374321289062500000e+04 3.233999609947204590e-01 1.397607617187500000e+04 8.457301330566406250e+01 5.389660156250000000e+03
3.053972412109375000e+03 7.024935546875000000e+03 1.160774609375000000e+04 1.173808789062500000e+04 3.615643359375000000e+04 1.516231079101562500e+02 1.344610546875000000e+04 7.123390625000000000e+03 1.037559692382812500e+03 4.408912597656250000e+03 1.174493261718750000e+04
2.070620361328125000e+03 4.656631835937500000e+03 1.427212238311767578e+00 1.440447692871093750e+02 1.919006652832031250e+02 2.814486816406250000e+03 1.402152343750000000e+03 5.929478027343750000e+03 2.011500549316406250e+01 2.283310508728027344e+01 1.879661941528320312e+01
3.433228731155395508e+00 1.414795160293579102e+00 8.647499084472656250e-01 4.515343308448791504e-01 0.000000000000000000e+00 4.930078238248825073e-02 7.661703824996948242e-01 3.771680966019630432e-02 1.080853939056396484e-01 3.046283721923828125e+00 1.306391048431396484e+01
0.000000000000000000e+00 0.000000000000000000e+00 0.000000000000000000e+00 0.000000000000000000e+00 0.000000000000000000e+00 1.640018308535218239e-05 0.000000000000000000e+00 0.000000000000000000e+00 0.000000000000000000e+00 0.000000000000000000e+00 9.585706450820907776e-09
4.464372634887695312e+01 5.584624023437500000e+03 2.507654428482055664e-01 3.479373535156250000e+03 3.619156777858734131e-02 3.408772317925468087e-05 8.380332031250000000e+03 1.115934960937500000e+04 9.991543579101562500e+01 1.944238586425781250e+02 1.475730175781250000e+04
0.000000000000000000e+00 4.624807617187500000e+03 1.081161865234375000e+03 1.685360213741660118e-03 9.481832885742187500e+01 1.756843376159667969e+01 2.822330078125000000e+03 4.028519287109375000e+02 6.962541503906250000e+03 1.374916229248046875e+02 7.255895616253837943e-05
2.474557800292968750e+02 4.072083984375000000e+03 2.456324462890625000e+02 4.194497558593750000e+03 4.594608688354492188e+01 2.500920715332031250e+02 1.440324023437500000e+04 8.967031250000000000e+03 2.385567871093750000e+03 3.677176284790039062e+01 1.242153854370117188e+02
0.000000000000000000e+00 0.000000000000000000e+00 0.000000000000000000e+00 0.000000000000000000e+00 1.793712997436523438e+01 0.000000000000000000e+00 0.000000000000000000e+00 0.000000000000000000e+00 7.646883204870391637e-06 0.000000000000000000e+00 0.000000000000000000e+00
0.000000000000000000e+00 0.000000000000000000e+00 6.226569041609764099e-02 1.812916598282754421e-04 1.901770830154418945e-01 0.000000000000000000e+00 3.452004166319966316e-03 8.472211658954620361e-03 1.999865198740735650e-04 2.305099740624427795e-02 9.066254591516553774e-08
