0.000000000000000000e+00 1.564444624818861485e-03 2.424916252493858337e-03 0.000000000000000000e+00 0.000000000000000000e+00 0.000000000000000000e+00 0.000000000000000000e+00 0.000000000000000000e+00 0.000000000000000000e+00 0.000000000000000000e+00 0.000000000000000000e+00
1.239585969597101212e-02 0.000000000000000000e+00 1.361684873700141907e-02 5.593019886873662472e-04 0.000000000000000000e+00 0.000000000000000000e+00 0.000000000000000000e+00 1.212910842150449753e-02 0.000000000000000000e+00 0.000000000000000000e+00 0.000000000000000000e+00
0.000000000000000000e+00 4.993308801203966141e-03 0.000000000000000000e+00 7.299144752323627472e-03 6.043163128197193146e-03 0.000000000000000000e+00 4.307772964239120483e-03 0.000000000000000000e+00 0.000000000000000000e+00 1.161832176148891449e-02 2.217586385086178780e-03
3.998795989900827408e-03 0.000000000000000000e+00 0.000000000000000000e+00 0.000000000000000000e+00 1.556229661218822002e-03 1.813795068301260471e-03 1.032850332558155060e-02 1.058282051235437393e-02 0.000000000000000000e+00 0.000000000000000000e+00 0.000000000000000000e+00
1.449687842978164554e-04 2.101490099448710680e-04 7.945531251607462764e-05 1.818438031477853656e-04 0.000000000000000000e+00 1.919992937473580241e-04 2.033562923315912485e-04 1.188303867820650339e-04 2.377896453253924847e-04 3.703426918946206570e-04 6.220173672772943974e-04
0.000000000000000000e+00 0.000000000000000000e+00 0.000000000000000000e+00 0.000000000000000000e+00 0.000000000000000000e+00 0.000000000000000000e+00 0.000000000000000000e+00 0.000000000000000000e+00 0.000000000000000000e+00 0.000000000000000000e+00 0.000000000000000000e+00
2.392709720879793167e-03 2.922080922871828079e-03 0.000000000000000000e+00 1.596131245605647564e-03 0.000000000000000000e+00 2.625208115205168724e-03 4.343646112829446793e-03 0.000000000000000000e+00 1.283283531665802002e-02 3.759445622563362122e-03 3.106361953541636467e-03
0.000000000000000000e+00 2.627270296216011047e-03 4.083899315446615219e-03 0.000000000000000000e+00 0.000000000000000000e+00 0.000000000000000000e+00 0.000000000000000000e+00 0.000000000000000000e+00 0.000000000000000000e+00 0.000000000000000000e+00 0.000000000000000000e+00
0.000000000000000000e+00 4.376344732008874416e-04 3.467013360932469368e-03 0.000000000000000000e+00 0.000000000000000000e+00 1.275536045432090759e-02 0.000000000000000000e+00 5.183788482099771500e-03 0.000000000000000000e+00 0.000000000000000000e+00 6.676811259239912033e-03
1.294267131015658379e-03 1.794351410353556275e-04 6.696636322885751724e-03 0.000000000000000000e+00 3.794834390282630920e-02 0.000000000000000000e+00 0.000000000000000000e+00 0.000000000000000000e+00 2.927137771621346474e-03 0.000000000000000000e+00 8.504793047904968262e-03
0.000000000000000000e+00 6.581473144251503982e-07 4.665665983338840306e-06 3.101698894170112908e-06 6.026748451404273510e-06 0.000000000000000000e+00 4.192193500784924254e-06 5.071479790785815567e-06 1.025555320666171610e-06 5.004777904105139896e-06 0.000000000000000000e+00
