5.224500910117058083e-06 1.783800871635321528e-05 1.949530815181788057e-05 5.587889063463080674e-06 0.000000000000000000e+00 1.509737671767652500e-06 1.711078402877319604e-05 2.001228676817845553e-05 1.779866215656511486e-05 1.456625250284560025e-05 1.101686052606964950e-06
8.682821877300739288e-03 0.000000000000000000e+00 2.221445320174098015e-03 1.830549910664558411e-03 0.000000000000000000e+00 0.000000000000000000e+00 1.367015065625309944e-03 5.325635429471731186e-04 0.000000000000000000e+00 0.000000000000000000e+00 0.000000000000000000e+00
4.410692199598997831e-04 2.932566450908780098e-03 2.362847328186035156e-03 2.606426132842898369e-03 3.914222121238708496e-03 0.000000000000000000e+00 1.421284396201372147e-03 0.000000000000000000e+00 8.705578511580824852e-05 3.662717062979936600e-03 0.000000000000000000e+00
5.867366213351488113e-03 0.000000000000000000e+00 0.000000000000000000e+00 0.000000000000000000e+00 0.000000000000000000e+00 0.000000000000000000e+00 8.152724476531147957e-04 4.065920598804950714e-03 2.411933615803718567e-03 1.652991748414933681e-03 0.000000000000000000e+00
1.081399659597082064e-05 3.571480192476883531e-05 2.356352979404618964e-06 3.494697739370167255e-05 0.000000000000000000e+00 3.841653960989788175e-05 2.799352478177752346e-05 0.000000000000000000e+00 2.047097405011299998e-05 5.679895912180654705e-05 1.032544096233323216e-04
0.000000000000000000e+00 0.000000000000000000e+00 0.000000000000000000e+00 0.000000000000000000e+00 0.000000000000000000e+00 0.000000000000000000e+00 0.000000000000000000e+00 0.000000000000000000e+00 0.000000000000000000e+00 0.000000000000000000e+00 3.141255292575806379e-04
3.971983678638935089e-03 1.484729466028511524e-03 1.010656240396201611e-03 1.731479773297905922e-03 0.000000000000000000e+00 2.034407574683427811e-03 3.413646772969514132e-04 1.466532587073743343e-03 2.015502424910664558e-03 2.714829053729772568e-03 2.025695517659187317e-03
0.000000000000000000e+00 2.874316123779863119e-04 1.194560085423290730e-03 0.000000000000000000e+00 2.241888141725212336e-04 0.000000000000000000e+00 1.185903238365426660e-04 0.000000000000000000e+00 2.303592395037412643e-03 0.000000000000000000e+00 6.863409071229398251e-04
0.000000000000000000e+00 1.161407912150025368e-03 1.122983871027827263e-03 0.000000000000000000e+00 0.000000000000000000e+00 2.170823281630873680e-03 2.443845616653561592e-03 0.000000000000000000e+00 0.000000000000000000e+00 1.555068185552954674e-03 2.821187488734722137e-03
7.575203198939561844e-03 2.715360606089234352e-03 4.281424451619386673e-03 0.000000000000000000e+00 1.706298626959323883e-02 0.000000000000000000e+00 1.981700304895639420e-03 0.000000000000000000e+00 2.493448555469512939e-03 0.000000000000000000e+00 3.184532979503273964e-03
0.000000000000000000e+00 1.056472882510206546e-07 7.416331300191814080e-07 1.048019058202953602e-07 7.084739763740799390e-07 0.000000000000000000e+00 3.393903966752986889e-07 3.057076867207797477e-07 0.000000000000000000e+00 3.682880560518242419e-07 0.000000000000000000e+00
