0.000000000000000000e+00 0.000000000000000000e+00 0.000000000000000000e+00 0.000000000000000000e+00 0.000000000000000000e+00 0.000000000000000000e+00 5.675571039319038391e-03 2.290363423526287079e-03 2.015060978010296822e-03 0.000000000000000000e+00 0.000000000000000000e+00
3.602123353630304337e-03 0.000000000000000000e+00 5.415557418018579483e-03 1.248007058165967464e-03 0.000000000000000000e+00 0.000000000000000000e+00 1.531968155177310109e-04 0.000000000000000000e+00 2.063348190858960152e-03 0.000000000000000000e+00 0.000000000000000000e+00
0.000000000000000000e+00 5.097960587590932846e-03 0.000000000000000000e+00 5.037534981966018677e-03 5.273854825645685196e-03 2.342055086046457291e-03 1.837199437431991100e-03 0.000000000000000000e+00 2.390988403931260109e-03 6.336832884699106216e-03 5.666594486683607101e-03
2.398123033344745636e-03 0.000000000000000000e+00 0.000000000000000000e+00 4.384972155094146729e-03 1.793785340851172805e-04 2.124001039192080498e-03 0.000000000000000000e+00 6.791985128074884415e-03 6.736958399415016174e-03 3.569099819287657738e-03 0.000000000000000000e+00
0.000000000000000000e+00 1.798753328330349177e-05 0.000000000000000000e+00 3.116667357971891761e-05 0.000000000000000000e+00 2.684740320546552539e-05 5.016787326894700527e-05 0.000000000000000000e+00 2.621487510623410344e-06 0.000000000000000000e+00 2.672315749805420637e-04
0.000000000000000000e+00 0.000000000000000000e+00 0.000000000000000000e+00 0.000000000000000000e+00 0.000000000000000000e+00 1.804336905479431152e-03 0.000000000000000000e+00 0.000000000000000000e+00 0.000000000000000000e+00 0.000000000000000000e+00 0.000000000000000000e+00
2.819900866597890854e-03 0.000000000000000000e+00 0.000000000000000000e+00 5.400217603892087936e-03 0.000000000000000000e+00 2.007395727559924126e-03 0.000000000000000000e+00 0.000000000000000000e+00 1.054415293037891388e-02 3.583488753065466881e-03 1.042363326996564865e-02
0.000000000000000000e+00 0.000000000000000000e+00 0.000000000000000000e+00 0.000000000000000000e+00 2.922581741586327553e-03 0.000000000000000000e+00 0.000000000000000000e+00 0.000000000000000000e+00 2.989854663610458374e-03 0.000000000000000000e+00 0.000000000000000000e+00
0.000000000000000000e+00 0.000000000000000000e+00 3.209651680663228035e-03 0.000000000000000000e+00 6.289899814873933792e-03 0.000000000000000000e+00 1.611776417121291161e-03 3.520731697790324688e-04 2.740103751420974731e-03 0.000000000000000000e+00 1.007623155601322651e-03
7.660179398953914642e-03 3.289875807240605354e-03 1.346539892256259918e-02 0.000000000000000000e+00 2.939320355653762817e-02 0.000000000000000000e+00 0.000000000000000000e+00 0.000000000000000000e+00 4.908633884042501450e-03 0.000000000000000000e+00 5.695661064237356186e-03
0.000000000000000000e+00 0.000000000000000000e+00 3.261818392275017686e-06 0.000000000000000000e+00 4.749797426484292373e-06 0.000000000000000000e+00 1.453866730116715189e-06 7.076887413859367371e-07 4.109593589873838937e-07 1.560341047479596455e-06 0.000000000000000000e+00
