1.082094460725784302e-01 1.508045196533203125e+00 1.823831319808959961e+00 8.540569990873336792e-02 1.476293429732322693e-02 3.083862736821174622e-02 1.598093152046203613e+00 2.042063713073730469e+00 1.550351381301879883e+00 1.052601218223571777e+00 6.131188570179801900e-07
9.610761108398437500e+02 0.000000000000000000e+00 1.008087158203125000e+03 3.796977233886718750e+01 6.596058607101440430e-02 1.159682273864746094e+01 2.360219955444335938e+01 8.120192871093750000e+02 1.630952835083007812e+01 1.427397003173828125e+02 2.060418605804443359e+00
1.180009096860885620e-01 1.738287353515625000e+01 4.004738998413085938e+01 5.028510093688964844e+00 1.857787704467773438e+01 1.560885810852050781e+01 2.336462402343750000e+02 4.300341606140136719e+00 2.175117135047912598e-01 1.479829589843750000e+03 1.690556168556213379e+00
3.880418014526367188e+01 1.245216839015483856e-02 1.269736385345458984e+01 2.385033416748046875e+01 7.772583484649658203e+00 3.087971305847167969e+01 8.017725219726562500e+02 1.102591674804687500e+03 5.959256887435913086e-01 2.667164802551269531e+00 4.600720405578613281e+00
8.285315707325935364e-03 1.754388809204101562e+00 6.107906103134155273e-01 1.545545101165771484e+00 0.000000000000000000e+00 1.518751621246337891e+00 2.333381175994873047e+00 1.979881674051284790e-01 8.347575664520263672e-01 3.453104019165039062e+00 3.855270385742187500e+00
0.000000000000000000e+00 0.000000000000000000e+00 0.000000000000000000e+00 0.000000000000000000e+00 0.000000000000000000e+00 1.379722671117633581e-04 0.000000000000000000e+00 0.000000000000000000e+00 0.000000000000000000e+00 0.000000000000000000e+00 1.218651390075683594e+01
9.597975921630859375e+01 1.157979393005371094e+01 2.032164001464843750e+01 7.452426147460937500e+02 9.641729593276977539e-01 4.682195434570312500e+02 2.459783935546875000e+02 2.382092666625976562e+01 6.824542236328125000e+02 1.349474853515625000e+03 1.079350341796875000e+03
0.000000000000000000e+00 1.572342407226562500e+03 1.419242187500000000e+03 1.856556087732315063e-01 3.275655364990234375e+01 4.835658550262451172e+00 4.245207977294921875e+01 4.329741373658180237e-02 2.832029113769531250e+02 8.374530029296875000e+02 2.034567260742187500e+02
2.335920333862304688e+00 1.044622802734375000e+01 6.149989128112792969e+00 2.074558287858963013e-02 1.357611152343451977e-03 3.025078857421875000e+03 8.898555908203125000e+02 2.545810461044311523e+00 2.265219688415527344e+00 4.916293144226074219e+00 7.186221679687500000e+03
2.245046138763427734e+00 1.179825544357299805e+00 2.055222988128662109e+00 1.557448208332061768e-01 8.411024093627929688e+00 1.492238789796829224e-02 2.122297585010528564e-01 7.938493490219116211e-01 9.509169459342956543e-01 0.000000000000000000e+00 3.674133062362670898e+00
0.000000000000000000e+00 2.509935759007930756e-03 1.370971370488405228e-02 8.215678390115499496e-04 2.374845370650291443e-02 0.000000000000000000e+00 5.089341197162866592e-03 1.378549821674823761e-02 1.896076128105050884e-06 1.524247787892818451e-02 1.127626674133352935e-04
