0.000000000000000000e+00 0.000000000000000000e+00 1.739338971674442291e-03 0.000000000000000000e+00 0.000000000000000000e+00 0.000000000000000000e+00 5.277248565107584000e-03 1.236430834978818893e-03 0.000000000000000000e+00 0.000000000000000000e+00 0.000000000000000000e+00
1.927000354044139385e-03 0.000000000000000000e+00 2.235527150332927704e-03 4.906261456198990345e-04 0.000000000000000000e+00 0.000000000000000000e+00 1.793837640434503555e-03 0.000000000000000000e+00 0.000000000000000000e+00 0.000000000000000000e+00 0.000000000000000000e+00
0.000000000000000000e+00 3.761585336178541183e-03 1.714562182314693928e-03 0.000000000000000000e+00 2.593269804492592812e-03 0.000000000000000000e+00 1.225355896167457104e-03 0.000000000000000000e+00 0.000000000000000000e+00 7.522793486714363098e-03 0.000000000000000000e+00
4.344515502452850342e-03 0.000000000000000000e+00 0.000000000000000000e+00 0.000000000000000000e+00 0.000000000000000000e+00 1.265767961740493774e-03 0.000000000000000000e+00 0.000000000000000000e+00 2.590891439467668533e-03 2.119023120030760765e-03 0.000000000000000000e+00
0.000000000000000000e+00 1.263084268430247903e-04 8.700678881723433733e-05 5.613788016489706933e-05 0.000000000000000000e+00 7.057416951283812523e-05 1.089917932404205203e-04 2.971562935272231698e-05 1.303759927395731211e-04 1.346250355709344149e-04 3.062844625674188137e-04
0.000000000000000000e+00 0.000000000000000000e+00 5.874548107385635376e-03 2.632874296978116035e-03 0.000000000000000000e+00 1.451319828629493713e-02 1.005714526399970055e-03 0.000000000000000000e+00 0.000000000000000000e+00 8.543487056158483028e-04 2.366442233324050903e-02
1.482138992287218571e-03 0.000000000000000000e+00 0.000000000000000000e+00 8.196258917450904846e-03 0.000000000000000000e+00 3.899045987054705620e-03 8.846575656207278371e-05 4.004684276878833771e-03 4.775993991643190384e-03 0.000000000000000000e+00 3.003054007422178984e-04
0.000000000000000000e+00 2.909542061388492584e-03 0.000000000000000000e+00 0.000000000000000000e+00 1.577377552166581154e-03 5.853833863511681557e-05 1.094038481824100018e-03 0.000000000000000000e+00 0.000000000000000000e+00 0.000000000000000000e+00 0.000000000000000000e+00
1.934610540047287941e-03 0.000000000000000000e+00 0.000000000000000000e+00 0.000000000000000000e+00 0.000000000000000000e+00 0.000000000000000000e+00 4.341432359069585800e-03 2.616721205413341522e-03 3.441085806116461754e-03 0.000000000000000000e+00 3.650304279290139675e-04
0.000000000000000000e+00 0.000000000000000000e+00 5.641679745167493820e-03 0.000000000000000000e+00 1.404205057770013809e-02 0.000000000000000000e+00 1.312800683081150055e-03 5.587199702858924866e-04 8.808984421193599701e-03 5.592985544353723526e-03 1.319480966776609421e-02
0.000000000000000000e+00 0.000000000000000000e+00 1.021086632135848049e-06 0.000000000000000000e+00 1.870532173597894143e-06 0.000000000000000000e+00 0.000000000000000000e+00 8.642073225928470492e-07 0.000000000000000000e+00 0.000000000000000000e+00 0.000000000000000000e+00
