0.000000000000000000e+00 7.579590193927288055e-03 2.543259877711534500e-03 0.000000000000000000e+00 0.000000000000000000e+00 0.000000000000000000e+00 9.779554791748523712e-03 3.030052408576011658e-03 0.000000000000000000e+00 0.000000000000000000e+00 0.000000000000000000e+00
8.820725604891777039e-03 0.000000000000000000e+00 3.453838871791958809e-03 1.885893834696616977e-05 0.000000000000000000e+00 0.000000000000000000e+00 5.505240987986326218e-03 0.000000000000000000e+00 6.752958870492875576e-04 0.000000000000000000e+00 0.000000000000000000e+00
0.000000000000000000e+00 1.953688263893127441e-02 5.339682102203369141e-03 4.496282432228326797e-03 2.599497558549046516e-03 1.480335462838411331e-02 0.000000000000000000e+00 5.642204778268933296e-04 0.000000000000000000e+00 0.000000000000000000e+00 3.249162575230002403e-03
9.667494334280490875e-03 0.000000000000000000e+00 2.283220179378986359e-03 0.000000000000000000e+00 5.754067096859216690e-03 2.862458815798163414e-03 0.000000000000000000e+00 1.570582948625087738e-02 5.867659114301204681e-03 7.887245155870914459e-03 0.000000000000000000e+00
2.785062497423496097e-05 1.025743913487531245e-04 9.070726082427427173e-05 1.568624575156718493e-04 0.000000000000000000e+00 1.142113760579377413e-04 1.216655073221772909e-04 3.429691787459887564e-05 9.442200826015323400e-05 2.164492034353315830e-04 3.467275819275528193e-04
0.000000000000000000e+00 0.000000000000000000e+00 0.000000000000000000e+00 0.000000000000000000e+00 0.000000000000000000e+00 0.000000000000000000e+00 0.000000000000000000e+00 0.000000000000000000e+00 0.000000000000000000e+00 0.000000000000000000e+00 0.000000000000000000e+00
1.273882295936346054e-02 0.000000000000000000e+00 0.000000000000000000e+00 0.000000000000000000e+00 0.000000000000000000e+00 5.686491262167692184e-03 6.637838087044656277e-04 8.599273860454559326e-03 1.122146937996149063e-02 6.965955719351768494e-03 1.436899881809949875e-02
0.000000000000000000e+00 6.039955653250217438e-03 0.000000000000000000e+00 0.000000000000000000e+00 4.918574122712016106e-04 4.739682655781507492e-03 0.000000000000000000e+00 0.000000000000000000e+00 9.429497644305229187e-03 0.000000000000000000e+00 0.000000000000000000e+00
8.495376445353031158e-03 1.389474235475063324e-02 5.194972734898328781e-03 0.000000000000000000e+00 0.000000000000000000e+00 2.035793149843811989e-03 8.088881149888038635e-03 5.214829929172992706e-03 0.000000000000000000e+00 0.000000000000000000e+00 4.657924640923738480e-03
1.006806921213865280e-02 1.034345105290412903e-02 1.467902958393096924e-02 0.000000000000000000e+00 4.537517204880714417e-02 0.000000000000000000e+00 3.753730561584234238e-03 0.000000000000000000e+00 5.843536462634801865e-03 0.000000000000000000e+00 1.071462873369455338e-02
0.000000000000000000e+00 0.000000000000000000e+00 1.798632069949235301e-06 4.170957197402458405e-07 3.000890956172952428e-06 0.000000000000000000e+00 5.566076879404135980e-07 1.293178684136364609e-06 0.000000000000000000e+00 1.461585412698696018e-07 0.000000000000000000e+00
