1.012315601110458374e-01 1.926640570163726807e-01 1.868486851453781128e-01 7.544000446796417236e-02 0.000000000000000000e+00 5.530007183551788330e-02 2.054504752159118652e-01 2.530675232410430908e-01 1.560002565383911133e-01 1.601625084877014160e-01 6.346057355403900146e-02
1.662261039018630981e-01 0.000000000000000000e+00 1.159775257110595703e-02 7.784442603588104248e-02 1.148379743099212646e-01 2.554674148559570312e-01 1.947832256555557251e-01 3.144737333059310913e-02 2.081985324621200562e-01 2.897589206695556641e-01 2.870348840951919556e-02
0.000000000000000000e+00 1.880162581801414490e-02 0.000000000000000000e+00 0.000000000000000000e+00 0.000000000000000000e+00 3.745996858924627304e-03 4.044910892844200134e-03 7.135022431612014771e-03 2.835191553458571434e-03 7.570658624172210693e-02 0.000000000000000000e+00
4.575560241937637329e-02 0.000000000000000000e+00 2.468651160597801208e-02 5.388708785176277161e-03 3.216541931033134460e-02 7.344434969127178192e-03 3.665708005428314209e-03 6.452439725399017334e-02 4.282703995704650879e-02 0.000000000000000000e+00 0.000000000000000000e+00
0.000000000000000000e+00 5.897910159546881914e-05 0.000000000000000000e+00 2.654605304996948689e-05 0.000000000000000000e+00 7.196707883849740028e-06 2.606386260595172644e-05 0.000000000000000000e+00 0.000000000000000000e+00 1.736762351356446743e-04 4.079937934875488281e-04
0.000000000000000000e+00 0.000000000000000000e+00 0.000000000000000000e+00 0.000000000000000000e+00 0.000000000000000000e+00 0.000000000000000000e+00 0.000000000000000000e+00 0.000000000000000000e+00 0.000000000000000000e+00 0.000000000000000000e+00 0.000000000000000000e+00
2.585275098681449890e-02 6.295828614383935928e-03 0.000000000000000000e+00 6.139276549220085144e-02 3.596523543819785118e-03 1.681030727922916412e-02 5.132451187819242477e-03 2.926781773567199707e-02 1.072849612683057785e-02 1.363051962107419968e-02 9.683899581432342529e-02
0.000000000000000000e+00 6.445460021495819092e-02 0.000000000000000000e+00 0.000000000000000000e+00 8.441432379186153412e-03 0.000000000000000000e+00 1.063818484544754028e-02 6.737822666764259338e-03 8.470656722784042358e-02 1.427806168794631958e-02 2.376792766153812408e-02
0.000000000000000000e+00 5.426097288727760315e-02 0.000000000000000000e+00 6.277432292699813843e-02 3.700704080983996391e-03 4.602797329425811768e-03 7.093054056167602539e-02 6.750505999661982059e-04 3.855054825544357300e-02 0.000000000000000000e+00 5.961362272500991821e-02
0.000000000000000000e+00 0.000000000000000000e+00 0.000000000000000000e+00 0.000000000000000000e+00 1.267350860871374607e-03 0.000000000000000000e+00 0.000000000000000000e+00 0.000000000000000000e+00 0.000000000000000000e+00 0.000000000000000000e+00 0.000000000000000000e+00
0.000000000000000000e+00 2.745387519098585472e-06 5.921505362493917346e-06 5.802244231745135039e-07 6.643536835326813161e-06 0.000000000000000000e+00 1.955735569936223328e-06 3.555619969120016322e-06 3.049373731300875079e-07 1.643617451918544248e-06 0.000000000000000000e+00
