1.312835320277372375e-05 1.011554631986655295e-04 6.746070721419528127e-05 4.391544644022360444e-05 0.000000000000000000e+00 1.463066041651472915e-06 7.452694990206509829e-05 1.193771604448556900e-04 9.335389768239110708e-05 8.158736454788595438e-05 1.468223018719072570e-07
7.280775345861911774e-03 0.000000000000000000e+00 8.756528608500957489e-03 5.504732485860586166e-03 0.000000000000000000e+00 7.065749960020184517e-04 6.360676605254411697e-03 0.000000000000000000e+00 4.966653650626540184e-04 0.000000000000000000e+00 0.000000000000000000e+00
8.443048223853111267e-03 3.640688722953200340e-03 1.712590688839554787e-03 0.000000000000000000e+00 1.161687890999019146e-03 4.539523273706436157e-03 4.159518051892518997e-03 0.000000000000000000e+00 0.000000000000000000e+00 9.258478879928588867e-03 5.283222999423742294e-03
1.850243890658020973e-03 0.000000000000000000e+00 0.000000000000000000e+00 4.559058230370283127e-03 0.000000000000000000e+00 7.247529458254575729e-03 0.000000000000000000e+00 2.303188201040029526e-03 0.000000000000000000e+00 1.029891893267631531e-02 0.000000000000000000e+00
3.109284079982899129e-05 2.265316725242882967e-04 1.835528678384434897e-06 4.983676990377716720e-05 0.000000000000000000e+00 1.249529886990785599e-04 3.270044180680997670e-05 8.148630877258256078e-05 1.123962720157578588e-04 2.727248465816956013e-05 4.871716082561761141e-04
0.000000000000000000e+00 0.000000000000000000e+00 0.000000000000000000e+00 0.000000000000000000e+00 0.000000000000000000e+00 0.000000000000000000e+00 0.000000000000000000e+00 0.000000000000000000e+00 0.000000000000000000e+00 0.000000000000000000e+00 0.000000000000000000e+00
5.295671056956052780e-03 0.000000000000000000e+00 0.000000000000000000e+00 0.000000000000000000e+00 0.000000000000000000e+00 9.282317943871021271e-03 6.105267675593495369e-05 1.894076238386332989e-03 1.548228785395622253e-02 7.414239924401044846e-03 0.000000000000000000e+00
0.000000000000000000e+00 5.294668488204479218e-03 2.258579945191740990e-03 0.000000000000000000e+00 0.000000000000000000e+00 0.000000000000000000e+00 0.000000000000000000e+00 0.000000000000000000e+00 5.487979855388402939e-03 0.000000000000000000e+00 4.092255141586065292e-03
0.000000000000000000e+00 0.000000000000000000e+00 0.000000000000000000e+00 0.000000000000000000e+00 0.000000000000000000e+00 1.000295276753604412e-03 7.824619300663471222e-03 0.000000000000000000e+00 0.000000000000000000e+00 4.126808140426874161e-03 2.399415476247668266e-03
1.018434111028909683e-02 1.288117142394185066e-03 3.382295137271285057e-03 0.000000000000000000e+00 3.533559292554855347e-02 0.000000000000000000e+00 0.000000000000000000e+00 2.531551523134112358e-03 7.267468608915805817e-03 0.000000000000000000e+00 1.021509524434804916e-02
0.000000000000000000e+00 0.000000000000000000e+00 4.867313691647723317e-06 0.000000000000000000e+00 5.712676284019835293e-06 0.000000000000000000e+00 1.849518071139755193e-06 1.762232614055392332e-06 0.000000000000000000e+00 1.064166895048401784e-06 0.000000000000000000e+00
