0.000000000000000000e+00 2.482087584212422371e-03 7.333027198910713196e-03 0.000000000000000000e+00 0.000000000000000000e+00 0.000000000000000000e+00 0.000000000000000000e+00 1.382097788155078888e-02 0.000000000000000000e+00 0.000000000000000000e+00 0.000000000000000000e+00
1.412696950137615204e-02 0.000000000000000000e+00 3.731830976903438568e-03 0.000000000000000000e+00 0.000000000000000000e+00 0.000000000000000000e+00 7.055071182548999786e-04 3.980610053986310959e-03 5.918164970353245735e-05 0.000000000000000000e+00 0.000000000000000000e+00
1.897312002256512642e-03 0.000000000000000000e+00 0.000000000000000000e+00 1.773903204593807459e-04 1.464987266808748245e-02 4.219804890453815460e-03 2.470804378390312195e-03 0.000000000000000000e+00 1.510259578935801983e-03 9.997108951210975647e-03 6.291263271123170853e-04
1.826130039989948273e-02 0.000000000000000000e+00 0.000000000000000000e+00 0.000000000000000000e+00 0.000000000000000000e+00 0.000000000000000000e+00 0.000000000000000000e+00 3.694239305332303047e-03 2.224950352683663368e-03 7.755817379802465439e-03 0.000000000000000000e+00
1.257405674550682306e-04 3.378314140718430281e-04 3.160042106173932552e-04 2.635104174260050058e-04 0.000000000000000000e+00 3.343581047374755144e-04 2.235050778836011887e-04 1.231152564287185669e-04 2.927368914242833853e-04 4.769185325130820274e-04 7.481541251763701439e-04
0.000000000000000000e+00 0.000000000000000000e+00 0.000000000000000000e+00 0.000000000000000000e+00 0.000000000000000000e+00 0.000000000000000000e+00 0.000000000000000000e+00 0.000000000000000000e+00 0.000000000000000000e+00 0.000000000000000000e+00 0.000000000000000000e+00
6.440068129450082779e-03 1.006461028009653091e-02 0.000000000000000000e+00 3.638471011072397232e-03 0.000000000000000000e+00 6.023487076163291931e-03 0.000000000000000000e+00 0.000000000000000000e+00 2.833460224792361259e-03 3.408961463719606400e-03 0.000000000000000000e+00
0.000000000000000000e+00 0.000000000000000000e+00 4.439604934304952621e-03 0.000000000000000000e+00 3.182947402819991112e-03 0.000000000000000000e+00 0.000000000000000000e+00 0.000000000000000000e+00 0.000000000000000000e+00 0.000000000000000000e+00 0.000000000000000000e+00
0.000000000000000000e+00 1.687311450950801373e-03 7.135660853236913681e-03 0.000000000000000000e+00 0.000000000000000000e+00 2.166975056752562523e-03 1.626446028240025043e-04 6.327645853161811829e-03 0.000000000000000000e+00 5.703679751604795456e-03 5.114978179335594177e-03
1.255029998719692230e-02 1.806181482970714569e-02 2.387505024671554565e-03 0.000000000000000000e+00 4.254591092467308044e-02 0.000000000000000000e+00 0.000000000000000000e+00 0.000000000000000000e+00 1.704270951449871063e-02 5.613726098090410233e-03 1.340042985975742340e-02
0.000000000000000000e+00 0.000000000000000000e+00 2.326000867469701916e-06 1.877443537523504347e-06 9.274548574467189610e-06 0.000000000000000000e+00 3.527728267727070488e-06 4.230831109452992678e-06 0.000000000000000000e+00 1.295516540267271921e-06 0.000000000000000000e+00
