0.000000000000000000e+00 6.593543243408203125e+01 2.088354492187500000e+03 0.000000000000000000e+00 0.000000000000000000e+00 0.000000000000000000e+00 3.470351806640625000e+03 1.073629882812500000e+03 5.107126464843750000e+02 1.313676238059997559e+00 0.000000000000000000e+00
1.357005249023437500e+03 3.822407279585604556e-08 2.535239410400390625e+02 1.285455566406250000e+03 9.429728515625000000e+03 1.315012500000000000e+04 2.341175976562500000e+04 1.841597656250000000e+04 4.944256347656250000e+03 6.283439941406250000e+03 4.464976074218750000e+03
1.520328674316406250e+02 1.736971289062500000e+04 1.927962524414062500e+03 1.467999804687500000e+04 7.284796875000000000e+03 1.158133398437500000e+04 7.387253906250000000e+03 8.811634063720703125e+01 4.381738281250000000e+03 1.312279882812500000e+04 2.919772523455321789e-04
3.439822998046875000e+03 1.252343063242733479e-03 3.147790580987930298e-02 2.372975006103515625e+02 2.707947998046875000e+02 7.736984252929687500e+00 8.634350776672363281e+00 1.656637500000000000e+04 3.547452392578125000e+02 2.085564575195312500e+02 8.702135086059570312e+00
1.481186866760253906e+01 1.981946563720703125e+01 8.301593780517578125e+00 3.592921733856201172e+00 1.416644636265118606e-06 3.509304046630859375e+00 6.449137210845947266e+00 2.902837276458740234e+00 1.419354677200317383e+00 1.147974109649658203e+01 3.998148345947265625e+01
0.000000000000000000e+00 0.000000000000000000e+00 0.000000000000000000e+00 0.000000000000000000e+00 0.000000000000000000e+00 7.568967703264206648e-05 0.000000000000000000e+00 0.000000000000000000e+00 0.000000000000000000e+00 0.000000000000000000e+00 9.213464181812014431e-06
1.864597851562500000e+04 3.562245312500000000e+04 2.185591064453125000e+03 2.052491601562500000e+04 2.759032421875000000e+04 9.766884765625000000e+03 1.762624511718750000e+02 1.414295256836339831e-04 4.310303955078125000e+02 4.603957812500000000e+04 7.247778320312500000e+03
0.000000000000000000e+00 3.105996826171875000e+03 3.087229614257812500e+02 5.456743621826171875e+01 1.239135058593750000e+04 8.652216196060180664e-01 2.517815120518207550e-02 3.120423339843750000e+03 2.422517852783203125e+02 1.704886932373046875e+02 6.298623561859130859e+00
0.000000000000000000e+00 3.577416992187500000e+02 2.152721923828125000e+03 3.294938476562500000e+03 3.606227111816406250e+01 2.325547363281250000e+03 3.578526306152343750e+02 6.618153747695032507e-06 2.431582519531250000e+03 1.067520999908447266e+01 5.637354125976562500e+02
0.000000000000000000e+00 0.000000000000000000e+00 0.000000000000000000e+00 0.000000000000000000e+00 2.313309860229492188e+01 0.000000000000000000e+00 0.000000000000000000e+00 0.000000000000000000e+00 0.000000000000000000e+00 0.000000000000000000e+00 0.000000000000000000e+00
0.000000000000000000e+00 3.131733089685440063e-02 3.194784522056579590e-01 4.855147562921047211e-03 2.935813069343566895e-01 7.550958258661921718e-08 1.455830782651901245e-01 2.640390992164611816e-01 4.753613611683249474e-04 2.132043540477752686e-01 0.000000000000000000e+00
