0.000000000000000000e+00 2.126792669296264648e+00 4.106554565429687500e+02 0.000000000000000000e+00 0.000000000000000000e+00 0.000000000000000000e+00 2.700661718750000000e+04 7.431598437500000000e+04 2.397051304578781128e-01 2.360747070312500000e+02 0.000000000000000000e+00
2.453290625000000000e+04 1.258889525956874422e-08 5.991796875000000000e+04 2.970581250000000000e+04 4.295829391479492188e+01 1.853178253173828125e+02 3.051605415344238281e+01 2.514476422220468521e-03 3.421105078125000000e+04 4.049328613281250000e+02 1.696902923583984375e+02
4.249033927917480469e-01 4.946217651367187500e+02 1.258235626220703125e+02 1.708639648437500000e+04 9.755549804687500000e+03 3.274987109375000000e+04 5.282511328125000000e+04 3.306868286132812500e+02 9.235347747802734375e+01 1.301434277343750000e+04 3.691364843750000000e+04
4.018686718750000000e+04 2.902635937500000000e+04 2.376688271760940552e-02 3.537988281250000000e+04 5.737053222656250000e+02 6.880789184570312500e+01 5.470479687500000000e+04 6.298958593750000000e+04 5.532890625000000000e+04 1.111422343750000000e+05 6.585217187500000000e+04
1.822798848152160645e+00 2.166139411926269531e+01 7.282082557678222656e+00 6.116700172424316406e+00 0.000000000000000000e+00 3.668462514877319336e+00 1.670937347412109375e+01 5.554432868957519531e+00 1.319209480285644531e+01 2.494092750549316406e+01 5.259806823730468750e+01
0.000000000000000000e+00 0.000000000000000000e+00 0.000000000000000000e+00 0.000000000000000000e+00 0.000000000000000000e+00 0.000000000000000000e+00 0.000000000000000000e+00 0.000000000000000000e+00 0.000000000000000000e+00 0.000000000000000000e+00 4.830120678422922254e-16
4.614812500000000000e+04 3.454825000000000000e+04 0.000000000000000000e+00 4.254069531250000000e+04 1.148896068334579468e-01 1.910357971191406250e+02 2.107567749023437500e+02 7.280278015136718750e+01 5.059931030273437500e+02 2.922774023437500000e+04 1.109520385742187500e+03
6.011355253576766700e-07 3.450713281250000000e+04 1.833681869506835938e+01 1.189616308593750000e+04 6.662714843750000000e+02 6.367153930664062500e+02 6.797440350055694580e-02 4.611528906250000000e+04 4.152145703125000000e+04 1.853112411499023438e+01 6.285077095031738281e+00
5.655248260498046875e+01 8.127733154296875000e+02 1.407172607421875000e+03 1.099891210937500000e+04 1.051922149658203125e+02 8.438982421875000000e+03 9.472567749023437500e+02 3.651398925781250000e+02 1.960850219726562500e+02 3.723329305648803711e-01 2.755339453125000000e+04
0.000000000000000000e+00 0.000000000000000000e+00 0.000000000000000000e+00 0.000000000000000000e+00 5.271035003662109375e+01 0.000000000000000000e+00 0.000000000000000000e+00 0.000000000000000000e+00 0.000000000000000000e+00 0.000000000000000000e+00 0.000000000000000000e+00
0.000000000000000000e+00 2.462800274827259273e-08 1.344236284494400024e-01 1.493353465775726363e-05 4.170781075954437256e-01 1.074961275548957929e-07 1.115382555872201920e-02 6.128250807523727417e-02 0.000000000000000000e+00 3.431307524442672729e-02 2.921518316156834771e-08
