0.000000000000000000e+00 4.789223894476890564e-03 7.913701236248016357e-03 0.000000000000000000e+00 0.000000000000000000e+00 0.000000000000000000e+00 9.123899042606353760e-03 0.000000000000000000e+00 0.000000000000000000e+00 0.000000000000000000e+00 0.000000000000000000e+00
5.103662610054016113e-03 0.000000000000000000e+00 2.148678060621023178e-03 4.893435398116707802e-04 0.000000000000000000e+00 6.465889746323227882e-04 1.083891955204308033e-03 0.000000000000000000e+00 3.863726044073700905e-03 0.000000000000000000e+00 0.000000000000000000e+00
0.000000000000000000e+00 9.785956703126430511e-03 0.000000000000000000e+00 0.000000000000000000e+00 0.000000000000000000e+00 9.998308494687080383e-03 4.537185188382863998e-03 0.000000000000000000e+00 7.281055673956871033e-03 1.809291308745741844e-03 0.000000000000000000e+00
7.944716140627861023e-03 0.000000000000000000e+00 0.000000000000000000e+00 0.000000000000000000e+00 0.000000000000000000e+00 5.481273867189884186e-03 3.940725699067115784e-03 1.401576865464448929e-02 1.786320121027529240e-03 2.024474233621731400e-04 0.000000000000000000e+00
0.000000000000000000e+00 7.585673301946371794e-05 3.256993295508436859e-05 2.332817821297794580e-04 0.000000000000000000e+00 0.000000000000000000e+00 6.929582741577178240e-05 6.091437171562574804e-05 7.611839100718498230e-05 1.851881679613143206e-04 2.759733179118484259e-04
0.000000000000000000e+00 0.000000000000000000e+00 0.000000000000000000e+00 0.000000000000000000e+00 0.000000000000000000e+00 3.996897430624812841e-04 0.000000000000000000e+00 0.000000000000000000e+00 0.000000000000000000e+00 0.000000000000000000e+00 0.000000000000000000e+00
4.524209653027355671e-04 1.183194946497678757e-02 0.000000000000000000e+00 1.484689884819090366e-03 0.000000000000000000e+00 1.786743057891726494e-03 7.323952740989625454e-04 0.000000000000000000e+00 0.000000000000000000e+00 5.714147351682186127e-03 7.431152742356061935e-03
0.000000000000000000e+00 0.000000000000000000e+00 0.000000000000000000e+00 0.000000000000000000e+00 1.021688571199774742e-03 0.000000000000000000e+00 0.000000000000000000e+00 3.547224332578480244e-04 6.034825928509235382e-03 0.000000000000000000e+00 1.743086962960660458e-03
0.000000000000000000e+00 3.067573998123407364e-03 1.339640730293467641e-04 1.104380498873069882e-04 0.000000000000000000e+00 0.000000000000000000e+00 0.000000000000000000e+00 1.342684263363480568e-04 8.592007216066122055e-04 0.000000000000000000e+00 0.000000000000000000e+00
5.444901529699563980e-03 2.417367417365312576e-03 1.301283948123455048e-02 0.000000000000000000e+00 3.140863776206970215e-02 7.731807883828878403e-03 0.000000000000000000e+00 0.000000000000000000e+00 3.416804829612374306e-03 0.000000000000000000e+00 9.686039760708808899e-03
0.000000000000000000e+00 0.000000000000000000e+00 3.030502739420626312e-06 2.853615796993835829e-07 9.510980817140080035e-06 0.000000000000000000e+00 1.229391614288033452e-06 3.640959107542585116e-07 0.000000000000000000e+00 2.691857616810011677e-06 0.000000000000000000e+00
