0.000000000000000000e+00 0.000000000000000000e+00 9.864876978099346161e-03 0.000000000000000000e+00 0.000000000000000000e+00 0.000000000000000000e+00 4.852997604757547379e-03 2.869552932679653168e-03 6.609465926885604858e-03 0.000000000000000000e+00 0.000000000000000000e+00
8.499680086970329285e-03 0.000000000000000000e+00 3.764108056202530861e-03 1.063553150743246078e-03 1.499065430834889412e-03 0.000000000000000000e+00 2.428799489280208945e-04 0.000000000000000000e+00 6.678251083940267563e-04 0.000000000000000000e+00 0.000000000000000000e+00
5.293148569762706757e-04 0.000000000000000000e+00 0.000000000000000000e+00 6.377493031322956085e-03 3.430344513617455959e-04 2.383321290835738182e-03 0.000000000000000000e+00 0.000000000000000000e+00 0.000000000000000000e+00 3.794135991483926773e-03 0.000000000000000000e+00
7.940774783492088318e-03 3.819093690253794193e-04 0.000000000000000000e+00 0.000000000000000000e+00 0.000000000000000000e+00 0.000000000000000000e+00 0.000000000000000000e+00 9.143410250544548035e-03 0.000000000000000000e+00 0.000000000000000000e+00 0.000000000000000000e+00
1.632298517506569624e-04 3.069762024097144604e-04 1.381989131914451718e-04 1.931234437506645918e-04 0.000000000000000000e+00 1.247179461643099785e-04 8.538178371964022517e-05 1.498896453995257616e-04 7.592674228362739086e-05 2.893933269660919905e-04 6.492066313512623310e-04
0.000000000000000000e+00 3.216276410967111588e-03 0.000000000000000000e+00 1.890447805635631084e-03 0.000000000000000000e+00 1.917047239840030670e-02 6.036316044628620148e-03 4.654534859582781792e-04 0.000000000000000000e+00 2.626447239890694618e-03 2.361586503684520721e-02
2.252454636618494987e-03 3.802132792770862579e-03 0.000000000000000000e+00 0.000000000000000000e+00 0.000000000000000000e+00 0.000000000000000000e+00 0.000000000000000000e+00 0.000000000000000000e+00 2.445814025122672319e-04 3.633053041994571686e-03 1.878194045275449753e-03
0.000000000000000000e+00 0.000000000000000000e+00 1.061758724972605705e-03 0.000000000000000000e+00 1.025476609356701374e-03 0.000000000000000000e+00 0.000000000000000000e+00 0.000000000000000000e+00 2.789921592921018600e-03 4.368639085441827774e-03 0.000000000000000000e+00
0.000000000000000000e+00 7.720239460468292236e-03 5.326912738382816315e-03 0.000000000000000000e+00 0.000000000000000000e+00 0.000000000000000000e+00 5.295508075505495071e-03 4.711977671831846237e-03 7.847819360904395580e-04 2.325796755030751228e-03 0.000000000000000000e+00
1.724165747873485088e-03 8.418410085141658783e-03 7.745929993689060211e-03 0.000000000000000000e+00 1.823526807129383087e-02 0.000000000000000000e+00 5.161164794117212296e-03 0.000000000000000000e+00 2.945948624983429909e-03 0.000000000000000000e+00 4.327917937189340591e-03
0.000000000000000000e+00 0.000000000000000000e+00 2.653742285474436358e-06 0.000000000000000000e+00 1.453970526199555025e-05 0.000000000000000000e+00 2.146232873201370239e-06 8.552280633011832833e-06 0.000000000000000000e+00 4.773043201566906646e-06 0.000000000000000000e+00
