0.000000000000000000e+00 6.733583286404609680e-03 1.301383832469582558e-03 0.000000000000000000e+00 0.000000000000000000e+00 0.000000000000000000e+00 7.244222331792116165e-03 5.641243886202573776e-03 2.501928713172674179e-03 0.000000000000000000e+00 0.000000000000000000e+00
7.405042182654142380e-03 0.000000000000000000e+00 1.446609199047088623e-02 1.417928002774715424e-02 0.000000000000000000e+00 0.000000000000000000e+00 0.000000000000000000e+00 7.404754869639873505e-03 0.000000000000000000e+00 0.000000000000000000e+00 0.000000000000000000e+00
0.000000000000000000e+00 1.593429781496524811e-02 0.000000000000000000e+00 1.362284761853516102e-03 0.000000000000000000e+00 1.079236529767513275e-02 1.957624685019254684e-03 0.000000000000000000e+00 7.897303439676761627e-03 7.326755207031965256e-03 8.308294345624744892e-04
1.225892920047044754e-02 0.000000000000000000e+00 0.000000000000000000e+00 0.000000000000000000e+00 0.000000000000000000e+00 0.000000000000000000e+00 3.767571761272847652e-04 1.348716765642166138e-02 0.000000000000000000e+00 1.013175860862247646e-04 0.000000000000000000e+00
0.000000000000000000e+00 3.732559271156787872e-04 1.465411041863262653e-04 1.005387457553297281e-04 0.000000000000000000e+00 1.867609244072809815e-04 2.860192325897514820e-04 0.000000000000000000e+00 4.508652200456708670e-04 4.944891552440822124e-04 9.519774466753005981e-04
0.000000000000000000e+00 0.000000000000000000e+00 0.000000000000000000e+00 0.000000000000000000e+00 0.000000000000000000e+00 0.000000000000000000e+00 0.000000000000000000e+00 0.000000000000000000e+00 0.000000000000000000e+00 0.000000000000000000e+00 0.000000000000000000e+00
1.305221021175384521e-02 1.971685327589511871e-02 0.000000000000000000e+00 4.679087083786725998e-03 0.000000000000000000e+00 2.974087838083505630e-03 5.707338918000459671e-03 0.000000000000000000e+00 0.000000000000000000e+00 4.283081740140914917e-03 0.000000000000000000e+00
0.000000000000000000e+00 5.405821371823549271e-03 0.000000000000000000e+00 0.000000000000000000e+00 0.000000000000000000e+00 0.000000000000000000e+00 0.000000000000000000e+00 5.112954531796276569e-04 7.316301343962550163e-04 0.000000000000000000e+00 2.704757265746593475e-03
0.000000000000000000e+00 4.207315389066934586e-03 6.460347678512334824e-03 4.019951447844505310e-03 0.000000000000000000e+00 2.012066543102264404e-03 2.567909425124526024e-03 1.528835506178438663e-03 0.000000000000000000e+00 3.124956740066409111e-03 2.673587063327431679e-03
1.067289337515830994e-02 7.930570282042026520e-03 1.920756185427308083e-03 0.000000000000000000e+00 4.979581385850906372e-02 9.208101546391844749e-04 0.000000000000000000e+00 1.396241248585283756e-03 4.344235640019178391e-03 3.087723627686500549e-03 9.968754835426807404e-03
0.000000000000000000e+00 3.070134198424057104e-06 9.577008313499391079e-06 8.307501957460772246e-06 1.783396146493032575e-05 0.000000000000000000e+00 9.299336852564010769e-06 8.404783329751808196e-06 0.000000000000000000e+00 1.400877590640448034e-05 0.000000000000000000e+00
