0.000000000000000000e+00 2.758869901299476624e-03 1.906382967717945576e-03 0.000000000000000000e+00 0.000000000000000000e+00 0.000000000000000000e+00 3.629079146776348352e-04 0.000000000000000000e+00 6.620400235988199711e-04 0.000000000000000000e+00 0.000000000000000000e+00
2.252575708553195000e-03 0.000000000000000000e+00 2.870133146643638611e-03 0.000000000000000000e+00 0.000000000000000000e+00 1.943001552717760205e-04 6.736105424351990223e-04 1.297681359574198723e-03 0.000000000000000000e+00 0.000000000000000000e+00 0.000000000000000000e+00
1.323938835412263870e-03 2.537105465307831764e-03 5.007835570722818375e-04 0.000000000000000000e+00 9.669744758866727352e-05 2.993728034198284149e-03 1.163381035439670086e-03 0.000000000000000000e+00 1.495702599640935659e-04 4.379437770694494247e-03 0.000000000000000000e+00
4.384934727568179369e-04 0.000000000000000000e+00 4.816802684217691422e-04 0.000000000000000000e+00 9.298536460846662521e-04 0.000000000000000000e+00 1.374011975713074207e-03 1.547544379718601704e-03 0.000000000000000000e+00 3.174724057316780090e-03 0.000000000000000000e+00
8.362123480765148997e-05 2.283990470459684730e-04 7.885496597737073898e-05 2.077104581985622644e-04 0.000000000000000000e+00 2.005460555665194988e-04 1.902252843137830496e-04 1.295088586630299687e-04 2.001267421292141080e-04 2.111384528689086437e-04 3.330737235955893993e-04
0.000000000000000000e+00 1.499761827290058136e-03 3.446619259193539619e-03 0.000000000000000000e+00 0.000000000000000000e+00 1.117304526269435883e-02 6.760543328709900379e-04 0.000000000000000000e+00 0.000000000000000000e+00 1.224031904712319374e-03 1.623878628015518188e-02
3.593930974602699280e-03 0.000000000000000000e+00 2.175388217438012362e-04 1.176487887278199196e-03 0.000000000000000000e+00 1.886481302790343761e-03 5.704944487661123276e-04 1.009696046821773052e-03 3.131846897304058075e-03 1.753393677063286304e-03 0.000000000000000000e+00
0.000000000000000000e+00 2.329049399122595787e-03 1.254649687325581908e-04 0.000000000000000000e+00 9.106155484914779663e-04 1.471364987082779408e-03 1.128189964219927788e-03 0.000000000000000000e+00 9.197117760777473450e-04 0.000000000000000000e+00 0.000000000000000000e+00
0.000000000000000000e+00 3.658364003058522940e-04 0.000000000000000000e+00 0.000000000000000000e+00 0.000000000000000000e+00 0.000000000000000000e+00 1.152212847955524921e-03 0.000000000000000000e+00 0.000000000000000000e+00 0.000000000000000000e+00 1.287754741497337818e-03
1.458908780477941036e-03 3.401503490749746561e-04 5.344036035239696503e-03 0.000000000000000000e+00 1.248653233051300049e-02 0.000000000000000000e+00 1.533411443233489990e-03 0.000000000000000000e+00 3.632491454482078552e-03 0.000000000000000000e+00 4.129151813685894012e-03
0.000000000000000000e+00 0.000000000000000000e+00 3.202448169759009033e-06 1.238296476913092192e-06 3.632503194239689037e-06 0.000000000000000000e+00 2.168918854295043275e-06 2.671883521543350071e-06 0.000000000000000000e+00 1.847654061748471577e-06 0.000000000000000000e+00
