0.000000000000000000e+00 0.000000000000000000e+00 0.000000000000000000e+00 0.000000000000000000e+00 0.000000000000000000e+00 0.000000000000000000e+00 0.000000000000000000e+00 7.706242613494396210e-03 8.140702848322689533e-04 0.000000000000000000e+00 0.000000000000000000e+00
1.035044807940721512e-02 0.000000000000000000e+00 0.000000000000000000e+00 0.000000000000000000e+00 7.810275070369243622e-03 0.000000000000000000e+00 0.000000000000000000e+00 3.089608071604743600e-05 0.000000000000000000e+00 0.000000000000000000e+00 5.029282998293638229e-03
0.000000000000000000e+00 2.112356160068884492e-04 0.000000000000000000e+00 2.597236772999167442e-03 1.294992980547249317e-03 0.000000000000000000e+00 8.523706346750259399e-03 0.000000000000000000e+00 0.000000000000000000e+00 1.274426933377981186e-02 0.000000000000000000e+00
0.000000000000000000e+00 0.000000000000000000e+00 0.000000000000000000e+00 0.000000000000000000e+00 2.855726284906268120e-03 0.000000000000000000e+00 1.844087964855134487e-03 8.460213430225849152e-03 2.671904861927032471e-03 0.000000000000000000e+00 0.000000000000000000e+00
1.766631430655252188e-05 1.650422345846891403e-04 1.942514936672523618e-04 1.458682818338274956e-04 0.000000000000000000e+00 6.729568849550560117e-05 0.000000000000000000e+00 0.000000000000000000e+00 4.715764953289180994e-05 2.056735975202172995e-04 5.906603764742612839e-04
0.000000000000000000e+00 0.000000000000000000e+00 0.000000000000000000e+00 0.000000000000000000e+00 0.000000000000000000e+00 4.236280918121337891e-03 0.000000000000000000e+00 0.000000000000000000e+00 0.000000000000000000e+00 0.000000000000000000e+00 0.000000000000000000e+00
5.900136195123195648e-03 0.000000000000000000e+00 0.000000000000000000e+00 3.703300375491380692e-03 0.000000000000000000e+00 0.000000000000000000e+00 0.000000000000000000e+00 4.644691478461027145e-03 0.000000000000000000e+00 9.422264993190765381e-03 9.138917550444602966e-03
0.000000000000000000e+00 6.738597876392304897e-04 8.720582351088523865e-03 0.000000000000000000e+00 0.000000000000000000e+00 0.000000000000000000e+00 0.000000000000000000e+00 0.000000000000000000e+00 5.297676194459199905e-03 3.004312980920076370e-03 4.709888715296983719e-03
2.787881239783018827e-04 0.000000000000000000e+00 0.000000000000000000e+00 1.093101338483393192e-03 0.000000000000000000e+00 2.521980088204145432e-03 7.138705812394618988e-03 0.000000000000000000e+00 4.981411620974540710e-03 0.000000000000000000e+00 6.516191177070140839e-03
1.315559260547161102e-02 0.000000000000000000e+00 2.701760735362768173e-03 0.000000000000000000e+00 3.823025524616241455e-02 0.000000000000000000e+00 1.625034783501178026e-04 0.000000000000000000e+00 3.379015717655420303e-03 0.000000000000000000e+00 8.561896160244941711e-03
0.000000000000000000e+00 2.327849273342508241e-07 4.033743152831448242e-06 3.864611528570094379e-07 1.033108128467574716e-05 0.000000000000000000e+00 3.120839437542599626e-06 3.673340188470319845e-06 0.000000000000000000e+00 8.587530828663147986e-07 0.000000000000000000e+00
