0.000000000000000000e+00 3.144755726680159569e-03 4.998145624995231628e-03 0.000000000000000000e+00 0.000000000000000000e+00 0.000000000000000000e+00 1.104632485657930374e-02 3.248948196414858103e-04 0.000000000000000000e+00 0.000000000000000000e+00 0.000000000000000000e+00
3.475165693089365959e-03 0.000000000000000000e+00 3.426007460802793503e-04 4.334947443567216396e-04 0.000000000000000000e+00 0.000000000000000000e+00 2.470133360475301743e-03 1.950086443684995174e-03 0.000000000000000000e+00 0.000000000000000000e+00 0.000000000000000000e+00
1.621389877982437611e-03 2.708843676373362541e-03 0.000000000000000000e+00 3.328335238620638847e-03 5.097654182463884354e-03 2.057454083114862442e-03 5.883793812245130539e-03 0.000000000000000000e+00 5.587425548583269119e-03 9.325860999524593353e-03 4.711892921477556229e-03
1.433955319225788116e-02 6.314574857242405415e-04 1.440773718059062958e-03 0.000000000000000000e+00 1.881206757389008999e-03 0.000000000000000000e+00 2.737710019573569298e-03 1.730910502374172211e-03 8.041673339903354645e-03 7.362978998571634293e-03 0.000000000000000000e+00
4.336948404670692980e-05 2.408962463960051537e-04 4.723104066215455532e-04 3.476575075183063745e-04 0.000000000000000000e+00 2.877345541492104530e-04 5.130213685333728790e-04 2.456148213241249323e-04 5.479382816702127457e-04 5.609212093986570835e-04 1.099594635888934135e-03
0.000000000000000000e+00 0.000000000000000000e+00 0.000000000000000000e+00 0.000000000000000000e+00 0.000000000000000000e+00 4.835799336433410645e-04 0.000000000000000000e+00 0.000000000000000000e+00 0.000000000000000000e+00 0.000000000000000000e+00 0.000000000000000000e+00
5.198264960199594498e-03 0.000000000000000000e+00 0.000000000000000000e+00 0.000000000000000000e+00 0.000000000000000000e+00 0.000000000000000000e+00 0.000000000000000000e+00 8.124825544655323029e-03 3.059390000998973846e-03 0.000000000000000000e+00 0.000000000000000000e+00
0.000000000000000000e+00 0.000000000000000000e+00 4.967797081917524338e-03 0.000000000000000000e+00 2.299754647538065910e-03 0.000000000000000000e+00 0.000000000000000000e+00 9.216072503477334976e-04 9.964008349925279617e-04 0.000000000000000000e+00 0.000000000000000000e+00
0.000000000000000000e+00 0.000000000000000000e+00 0.000000000000000000e+00 4.031339776702225208e-04 0.000000000000000000e+00 2.143156481906771660e-03 0.000000000000000000e+00 0.000000000000000000e+00 0.000000000000000000e+00 0.000000000000000000e+00 8.685949258506298065e-03
9.017366915941238403e-03 9.724759496748447418e-03 1.658224873244762421e-02 0.000000000000000000e+00 4.041606932878494263e-02 7.505862973630428314e-03 0.000000000000000000e+00 0.000000000000000000e+00 9.888980537652969360e-03 0.000000000000000000e+00 9.493493475019931793e-03
0.000000000000000000e+00 0.000000000000000000e+00 5.067308393336134031e-06 1.398299218635656871e-06 1.232012073160149157e-05 0.000000000000000000e+00 8.441244290224858560e-07 2.946015001725754701e-06 0.000000000000000000e+00 5.078141384728951380e-06 0.000000000000000000e+00
