0.000000000000000000e+00 4.219089634716510773e-03 0.000000000000000000e+00 0.000000000000000000e+00 0.000000000000000000e+00 0.000000000000000000e+00 0.000000000000000000e+00 6.137227173894643784e-03 0.000000000000000000e+00 0.000000000000000000e+00 0.000000000000000000e+00
8.685163222253322601e-03 0.000000000000000000e+00 1.079202978871762753e-03 0.000000000000000000e+00 0.000000000000000000e+00 0.000000000000000000e+00 0.000000000000000000e+00 4.661225466406904161e-05 6.926613394170999527e-03 0.000000000000000000e+00 0.000000000000000000e+00
8.671437390148639679e-03 1.157497707754373550e-02 0.000000000000000000e+00 0.000000000000000000e+00 1.302822143770754337e-03 4.868836607784032822e-03 4.910587333142757416e-03 0.000000000000000000e+00 0.000000000000000000e+00 5.130441393703222275e-03 0.000000000000000000e+00
0.000000000000000000e+00 0.000000000000000000e+00 0.000000000000000000e+00 0.000000000000000000e+00 5.693841958418488503e-04 0.000000000000000000e+00 0.000000000000000000e+00 8.733384311199188232e-03 0.000000000000000000e+00 0.000000000000000000e+00 0.000000000000000000e+00
3.786231843605492031e-07 1.612095220480114222e-04 1.970136690943036228e-05 2.279759937664493918e-04 0.000000000000000000e+00 1.702304580248892307e-04 7.987441495060920715e-05 2.952869181171990931e-05 1.140544845839031041e-04 2.290253905812278390e-04 3.661718219518661499e-04
0.000000000000000000e+00 0.000000000000000000e+00 0.000000000000000000e+00 0.000000000000000000e+00 0.000000000000000000e+00 0.000000000000000000e+00 0.000000000000000000e+00 0.000000000000000000e+00 0.000000000000000000e+00 0.000000000000000000e+00 8.673617379884035472e-19
1.167157292366027832e-02 0.000000000000000000e+00 1.115617691539227962e-03 0.000000000000000000e+00 0.000000000000000000e+00 3.684024559333920479e-03 0.000000000000000000e+00 1.085483818314969540e-03 3.240951569750905037e-03 1.009287871420383453e-02 1.103114709258079529e-02
0.000000000000000000e+00 9.765219874680042267e-03 0.000000000000000000e+00 0.000000000000000000e+00 7.130144513212144375e-04 0.000000000000000000e+00 0.000000000000000000e+00 0.000000000000000000e+00 1.235916186124086380e-02 1.969399396330118179e-03 3.658860456198453903e-03
0.000000000000000000e+00 0.000000000000000000e+00 0.000000000000000000e+00 0.000000000000000000e+00 1.723182521118360455e-07 0.000000000000000000e+00 4.882075882051140070e-04 1.514348696218803525e-04 0.000000000000000000e+00 3.034813795238733292e-03 4.622302018105983734e-03
6.563181988894939423e-03 5.231425748206675053e-04 5.553124006837606430e-03 0.000000000000000000e+00 2.745546959340572357e-02 3.903383854776620865e-03 0.000000000000000000e+00 0.000000000000000000e+00 0.000000000000000000e+00 0.000000000000000000e+00 6.181228905916213989e-03
0.000000000000000000e+00 1.208901039717602544e-06 4.585197075357427821e-06 2.492898147465893999e-06 5.541304744838271290e-06 0.000000000000000000e+00 4.414064278535079211e-06 2.743153572737355717e-06 0.000000000000000000e+00 2.861112534446874633e-06 0.000000000000000000e+00
