3.416349589824676514e-01 2.007858753204345703e+00 1.669895768165588379e+00 4.835867583751678467e-01 0.000000000000000000e+00 2.361303567886352539e-02 2.173268079757690430e+00 2.029908180236816406e+00 1.749101996421813965e+00 1.406226873397827148e+00 9.458143613301217556e-04
3.339308593750000000e+04 0.000000000000000000e+00 2.817252159118652344e+01 1.654309375000000000e+05 1.266226768493652344e-01 2.995764017105102539e-01 2.621673643589019775e-01 1.564702320098876953e+01 2.737291717529296875e+01 2.143055200576782227e-02 3.598078328650444746e-04
4.362792083156818990e-08 9.270316406250000000e+04 2.061554531250000000e+05 1.160051250000000000e+05 5.265955352783203125e+01 2.958881562500000000e+05 1.395977656250000000e+05 6.106367072788998485e-05 2.685195249796379358e-05 9.759457397460937500e+01 9.116279687500000000e+04
1.113427500000000000e+05 4.812499554418536718e-08 2.751570641994476318e-01 2.897781250000000000e+04 6.109977539062500000e+03 8.910476416349411011e-02 1.220268859863281250e+02 1.153802812500000000e+05 1.080758285522460938e+02 8.936476092458178755e-08 0.000000000000000000e+00
1.175099945068359375e+01 2.648471641540527344e+01 1.249310398101806641e+01 2.507718658447265625e+01 0.000000000000000000e+00 2.493744277954101562e+01 2.091558837890625000e+01 1.708345413208007812e+01 1.929293060302734375e+01 1.859462738037109375e+01 4.146085357666015625e+01
0.000000000000000000e+00 3.532724304199218750e+02 4.063836059570312500e+02 3.463001708984375000e+02 1.399095001220703125e+02 6.887376708984375000e+02 3.542196655273437500e+02 2.705472412109375000e+02 2.565809326171875000e+02 3.984210205078125000e+02 8.129663085937500000e+02
8.810378125000000000e+04 1.960937109375000000e+04 0.000000000000000000e+00 1.705109863281250000e+02 2.630828221938941169e-09 1.367927343750000000e+04 2.309497833251953125e+00 1.805661914062500000e+04 1.038111328125000000e+04 1.654197656250000000e+04 4.426796913146972656e+00
0.000000000000000000e+00 1.164674531250000000e+05 2.504838256835937500e+02 3.000449505634605885e-04 7.355340957641601562e+00 8.893753588199615479e-02 2.828733398437500000e+04 2.203068256378173828e+00 1.088739375000000000e+05 6.713712215423583984e+00 8.860912500000000000e+04
1.274256152343750000e+04 4.018989944458007812e+01 9.583427429199218750e+01 1.809386062622070312e+01 8.163776947185397148e-04 1.747562255859375000e+02 7.270939062500000000e+04 7.996400000000000000e+04 1.810400000000000000e+04 6.270676612854003906e+00 1.628618847656250000e+04
5.631804000927331799e-08 0.000000000000000000e+00 4.485415294766426086e-03 0.000000000000000000e+00 1.689747452735900879e+00 0.000000000000000000e+00 0.000000000000000000e+00 0.000000000000000000e+00 0.000000000000000000e+00 0.000000000000000000e+00 2.372679446125403047e-04
0.000000000000000000e+00 2.413340098428307101e-06 3.819316029548645020e-01 9.867344796657562256e-02 5.402259826660156250e-01 0.000000000000000000e+00 3.696017563343048096e-01 4.690297245979309082e-01 2.848620397344348021e-07 5.388146638870239258e-01 2.683768980205059052e-04
