0.000000000000000000e+00 0.000000000000000000e+00 3.103578928858041763e-04 0.000000000000000000e+00 0.000000000000000000e+00 0.000000000000000000e+00 3.529115114361047745e-03 6.761160329915583134e-04 0.000000000000000000e+00 4.321042448282241821e-03 0.000000000000000000e+00
8.020485751330852509e-03 0.000000000000000000e+00 0.000000000000000000e+00 0.000000000000000000e+00 0.000000000000000000e+00 2.919994527474045753e-03 0.000000000000000000e+00 0.000000000000000000e+00 0.000000000000000000e+00 1.041631679981946945e-02 0.000000000000000000e+00
0.000000000000000000e+00 8.572923950850963593e-03 0.000000000000000000e+00 0.000000000000000000e+00 0.000000000000000000e+00 1.750370021909475327e-03 4.449041560292243958e-03 0.000000000000000000e+00 5.321179050952196121e-03 4.435204435139894485e-03 0.000000000000000000e+00
0.000000000000000000e+00 0.000000000000000000e+00 0.000000000000000000e+00 0.000000000000000000e+00 9.594696573913097382e-03 5.267053842544555664e-03 1.197672914713621140e-03 1.358659286051988602e-02 7.036407478153705597e-03 0.000000000000000000e+00 0.000000000000000000e+00
0.000000000000000000e+00 7.545265543740242720e-05 7.795214514771942049e-06 3.559033793862909079e-04 0.000000000000000000e+00 1.949992583831772208e-04 1.202062630909495056e-04 3.888236096827313304e-05 3.628117701737210155e-05 2.331610303372144699e-04 5.651791580021381378e-04
0.000000000000000000e+00 0.000000000000000000e+00 0.000000000000000000e+00 0.000000000000000000e+00 0.000000000000000000e+00 5.506202578544616699e-04 0.000000000000000000e+00 0.000000000000000000e+00 0.000000000000000000e+00 0.000000000000000000e+00 0.000000000000000000e+00
7.408307865262031555e-03 3.788827685639262199e-03 0.000000000000000000e+00 2.479898743331432343e-03 0.000000000000000000e+00 1.057854015380144119e-02 4.692724440246820450e-03 6.391664501279592514e-03 1.104919426143169403e-02 1.537270471453666687e-02 1.538766454905271530e-02
0.000000000000000000e+00 6.132883951067924500e-03 0.000000000000000000e+00 5.572109948843717575e-03 0.000000000000000000e+00 0.000000000000000000e+00 2.356410026550292969e-03 0.000000000000000000e+00 1.290070917457342148e-02 0.000000000000000000e+00 4.765459802001714706e-03
0.000000000000000000e+00 0.000000000000000000e+00 0.000000000000000000e+00 0.000000000000000000e+00 3.572750138118863106e-03 1.616867302800528705e-05 5.696144886314868927e-03 0.000000000000000000e+00 1.750727387843653560e-04 8.276787120848894119e-04 1.159462053328752518e-02
4.624520428478717804e-03 0.000000000000000000e+00 2.490964950993657112e-03 0.000000000000000000e+00 4.177495464682579041e-02 0.000000000000000000e+00 0.000000000000000000e+00 0.000000000000000000e+00 1.959702000021934509e-03 0.000000000000000000e+00 1.173369958996772766e-02
0.000000000000000000e+00 2.200492190240765922e-06 1.402230645908275619e-05 4.797303972736699507e-06 1.631370832910761237e-05 0.000000000000000000e+00 6.402304279617965221e-06 1.375733177155780140e-06 0.000000000000000000e+00 3.671159674922819249e-06 0.000000000000000000e+00
