0.000000000000000000e+00 2.863228321075439453e-03 0.000000000000000000e+00 0.000000000000000000e+00 0.000000000000000000e+00 0.000000000000000000e+00 0.000000000000000000e+00 8.364479057490825653e-03 0.000000000000000000e+00 0.000000000000000000e+00 0.000000000000000000e+00
1.633716933429241180e-02 0.000000000000000000e+00 5.123591981828212738e-04 0.000000000000000000e+00 0.000000000000000000e+00 0.000000000000000000e+00 4.386445507407188416e-03 5.746108945459127426e-03 0.000000000000000000e+00 0.000000000000000000e+00 0.000000000000000000e+00
0.000000000000000000e+00 1.803350402042269707e-03 2.060405444353818893e-03 0.000000000000000000e+00 2.641244325786828995e-03 4.897198174148797989e-03 6.641274783760309219e-03 0.000000000000000000e+00 0.000000000000000000e+00 5.828938912600278854e-03 0.000000000000000000e+00
6.646085530519485474e-03 1.172960386611521244e-03 0.000000000000000000e+00 1.383579801768064499e-03 1.338183041661977768e-02 0.000000000000000000e+00 0.000000000000000000e+00 3.853212343528866768e-03 3.772364463657140732e-03 0.000000000000000000e+00 0.000000000000000000e+00
5.152050653123296797e-05 1.241345744347199798e-04 6.150286935735493898e-05 1.291411754209548235e-04 0.000000000000000000e+00 1.787383516784757376e-04 1.537452044431120157e-05 0.000000000000000000e+00 3.347241772644338198e-07 2.565183385740965605e-04 4.188207385595887899e-04
0.000000000000000000e+00 0.000000000000000000e+00 0.000000000000000000e+00 0.000000000000000000e+00 0.000000000000000000e+00 4.110574664082378149e-04 0.000000000000000000e+00 0.000000000000000000e+00 0.000000000000000000e+00 0.000000000000000000e+00 0.000000000000000000e+00
6.630468647927045822e-03 1.823437632992863655e-03 0.000000000000000000e+00 3.872019471600651741e-03 0.000000000000000000e+00 7.707015611231327057e-03 7.354522123932838440e-03 1.286763604730367661e-02 4.733914975076913834e-04 1.041044108569622040e-02 6.122824735939502716e-03
0.000000000000000000e+00 1.370923477225005627e-03 0.000000000000000000e+00 0.000000000000000000e+00 0.000000000000000000e+00 0.000000000000000000e+00 0.000000000000000000e+00 0.000000000000000000e+00 2.302453154698014259e-03 0.000000000000000000e+00 4.880763590335845947e-03
0.000000000000000000e+00 0.000000000000000000e+00 0.000000000000000000e+00 0.000000000000000000e+00 0.000000000000000000e+00 1.517561497166752815e-03 3.993072547018527985e-03 0.000000000000000000e+00 0.000000000000000000e+00 0.000000000000000000e+00 1.070213504135608673e-02
5.707738455384969711e-03 0.000000000000000000e+00 2.494551474228501320e-03 0.000000000000000000e+00 3.908674418926239014e-02 0.000000000000000000e+00 0.000000000000000000e+00 0.000000000000000000e+00 4.769503604620695114e-03 2.606339752674102783e-03 4.901289474219083786e-03
0.000000000000000000e+00 1.056690962286666036e-06 3.268627096986165270e-06 3.048859298360184766e-06 5.968844106973847374e-06 0.000000000000000000e+00 4.385358806757722050e-06 2.516929043849813752e-06 6.015329745423514396e-07 2.733306928348611109e-06 0.000000000000000000e+00
