0.000000000000000000e+00 9.186470997519791126e-04 0.000000000000000000e+00 0.000000000000000000e+00 0.000000000000000000e+00 0.000000000000000000e+00 0.000000000000000000e+00 4.060276318341493607e-03 0.000000000000000000e+00 0.000000000000000000e+00 0.000000000000000000e+00
6.437250413000583649e-03 0.000000000000000000e+00 1.041733194142580032e-02 0.000000000000000000e+00 0.000000000000000000e+00 0.000000000000000000e+00 0.000000000000000000e+00 0.000000000000000000e+00 2.575668739154934883e-03 0.000000000000000000e+00 0.000000000000000000e+00
0.000000000000000000e+00 1.135535072535276413e-02 0.000000000000000000e+00 0.000000000000000000e+00 0.000000000000000000e+00 1.824630796909332275e-02 1.322234794497489929e-02 0.000000000000000000e+00 1.854559639468789101e-03 3.460798878222703934e-03 1.750707509927451611e-03
1.716464571654796600e-02 0.000000000000000000e+00 0.000000000000000000e+00 0.000000000000000000e+00 0.000000000000000000e+00 3.977720625698566437e-03 0.000000000000000000e+00 7.090391591191291809e-03 4.766244441270828247e-03 6.000583991408348083e-03 0.000000000000000000e+00
0.000000000000000000e+00 9.255744225811213255e-05 1.873697692644782364e-05 5.121751382830552757e-05 0.000000000000000000e+00 8.314667502418160439e-05 7.059014751575887203e-05 0.000000000000000000e+00 4.535898551694117486e-05 7.373575499514117837e-05 2.867023285944014788e-04
0.000000000000000000e+00 0.000000000000000000e+00 0.000000000000000000e+00 0.000000000000000000e+00 0.000000000000000000e+00 0.000000000000000000e+00 0.000000000000000000e+00 0.000000000000000000e+00 0.000000000000000000e+00 0.000000000000000000e+00 1.026030047796666622e-03
3.966029267758131027e-03 3.543151542544364929e-03 0.000000000000000000e+00 5.339089315384626389e-03 0.000000000000000000e+00 7.991148158907890320e-03 4.955803975462913513e-03 0.000000000000000000e+00 2.716807881370186806e-03 5.546355154365301132e-03 4.171117208898067474e-03
0.000000000000000000e+00 5.989259108901023865e-03 0.000000000000000000e+00 0.000000000000000000e+00 0.000000000000000000e+00 0.000000000000000000e+00 0.000000000000000000e+00 1.567676663398742676e-03 1.173889264464378357e-02 0.000000000000000000e+00 4.916436737403273582e-04
0.000000000000000000e+00 0.000000000000000000e+00 0.000000000000000000e+00 1.657847315073013306e-03 0.000000000000000000e+00 6.700052879750728607e-03 2.170195570215582848e-03 0.000000000000000000e+00 0.000000000000000000e+00 0.000000000000000000e+00 0.000000000000000000e+00
5.286644678562879562e-03 0.000000000000000000e+00 6.624989677220582962e-03 0.000000000000000000e+00 4.387959092855453491e-02 2.428941428661346436e-03 0.000000000000000000e+00 0.000000000000000000e+00 7.254893425852060318e-03 0.000000000000000000e+00 1.590555720031261444e-02
0.000000000000000000e+00 0.000000000000000000e+00 1.870265009529248346e-06 1.073612111213151366e-06 3.138251940981717780e-06 0.000000000000000000e+00 5.591916760749882087e-07 1.712967900857620407e-07 0.000000000000000000e+00 1.026141831061977427e-06 0.000000000000000000e+00
