0.000000000000000000e+00 0.000000000000000000e+00 6.292473059147596359e-03 0.000000000000000000e+00 0.000000000000000000e+00 0.000000000000000000e+00 4.944805521517992020e-03 5.280420184135437012e-03 4.269199445843696594e-03 0.000000000000000000e+00 0.000000000000000000e+00
2.205232623964548111e-03 0.000000000000000000e+00 0.000000000000000000e+00 0.000000000000000000e+00 0.000000000000000000e+00 0.000000000000000000e+00 1.171106379479169846e-02 0.000000000000000000e+00 0.000000000000000000e+00 0.000000000000000000e+00 0.000000000000000000e+00
0.000000000000000000e+00 8.084351196885108948e-03 4.128117579966783524e-03 0.000000000000000000e+00 0.000000000000000000e+00 1.018326077610254288e-02 1.929227146320044994e-03 0.000000000000000000e+00 2.276463666930794716e-03 4.698543343693017960e-03 0.000000000000000000e+00
1.001053117215633392e-02 2.903774380683898926e-03 0.000000000000000000e+00 0.000000000000000000e+00 0.000000000000000000e+00 2.840125467628240585e-03 1.294772373512387276e-03 0.000000000000000000e+00 6.052612327039241791e-03 5.956204142421483994e-03 0.000000000000000000e+00
0.000000000000000000e+00 1.659479457885026932e-04 1.632812636671587825e-04 9.928293729899451137e-05 0.000000000000000000e+00 8.212275861296802759e-05 9.881156438495963812e-05 9.593414870323613286e-05 1.316739217145368457e-04 1.550228917039930820e-04 4.873346770182251930e-04
0.000000000000000000e+00 0.000000000000000000e+00 0.000000000000000000e+00 0.000000000000000000e+00 0.000000000000000000e+00 0.000000000000000000e+00 0.000000000000000000e+00 0.000000000000000000e+00 0.000000000000000000e+00 0.000000000000000000e+00 1.479449216276407242e-03
4.417206626385450363e-03 6.280984729528427124e-03 0.000000000000000000e+00 1.759359985589981079e-02 0.000000000000000000e+00 5.928860977292060852e-03 9.536377154290676117e-03 5.214891396462917328e-03 0.000000000000000000e+00 3.147960174828767776e-03 0.000000000000000000e+00
0.000000000000000000e+00 1.453906111419200897e-02 6.141682970337569714e-04 0.000000000000000000e+00 2.847722731530666351e-03 6.700985133647918701e-03 0.000000000000000000e+00 0.000000000000000000e+00 0.000000000000000000e+00 0.000000000000000000e+00 0.000000000000000000e+00
8.015490311663597822e-05 0.000000000000000000e+00 0.000000000000000000e+00 2.034379402175545692e-03 0.000000000000000000e+00 4.726300481706857681e-03 1.215302292257547379e-02 0.000000000000000000e+00 0.000000000000000000e+00 8.469093590974807739e-04 0.000000000000000000e+00
6.205971352756023407e-03 0.000000000000000000e+00 3.465656773187220097e-04 0.000000000000000000e+00 4.528221860527992249e-02 0.000000000000000000e+00 0.000000000000000000e+00 0.000000000000000000e+00 1.410524267703294754e-02 3.133124671876430511e-03 2.179701440036296844e-02
0.000000000000000000e+00 0.000000000000000000e+00 2.924967247963650152e-06 5.466124548547668383e-07 4.018535037175752223e-06 0.000000000000000000e+00 1.041222731146262959e-06 1.846553800533001777e-06 0.000000000000000000e+00 9.977273975891876034e-07 0.000000000000000000e+00
