0.000000000000000000e+00 6.488315411843359470e-04 0.000000000000000000e+00 0.000000000000000000e+00 0.000000000000000000e+00 0.000000000000000000e+00 0.000000000000000000e+00 2.507584635168313980e-03 0.000000000000000000e+00 0.000000000000000000e+00 0.000000000000000000e+00
3.783401334658265114e-03 0.000000000000000000e+00 5.759154446423053741e-04 8.540271082893013954e-04 3.383117145858705044e-04 0.000000000000000000e+00 0.000000000000000000e+00 5.204418557696044445e-04 0.000000000000000000e+00 0.000000000000000000e+00 0.000000000000000000e+00
0.000000000000000000e+00 6.794324144721031189e-03 0.000000000000000000e+00 0.000000000000000000e+00 0.000000000000000000e+00 3.630726132541894913e-03 2.789504826068878174e-03 1.165877678431570530e-03 5.931197199970483780e-03 4.891593562206253409e-05 0.000000000000000000e+00
2.873158315196633339e-03 0.000000000000000000e+00 0.000000000000000000e+00 0.000000000000000000e+00 4.540155176073312759e-03 0.000000000000000000e+00 0.000000000000000000e+00 9.306365624070167542e-03 0.000000000000000000e+00 0.000000000000000000e+00 0.000000000000000000e+00
0.000000000000000000e+00 0.000000000000000000e+00 0.000000000000000000e+00 0.000000000000000000e+00 0.000000000000000000e+00 0.000000000000000000e+00 0.000000000000000000e+00 0.000000000000000000e+00 0.000000000000000000e+00 2.555141509219538420e-05 7.621807890245690942e-05
0.000000000000000000e+00 0.000000000000000000e+00 0.000000000000000000e+00 0.000000000000000000e+00 0.000000000000000000e+00 1.669216587174560118e-08 0.000000000000000000e+00 0.000000000000000000e+00 0.000000000000000000e+00 0.000000000000000000e+00 0.000000000000000000e+00
6.018649321049451828e-03 6.731706205755472183e-03 0.000000000000000000e+00 0.000000000000000000e+00 0.000000000000000000e+00 0.000000000000000000e+00 4.572035744786262512e-03 0.000000000000000000e+00 0.000000000000000000e+00 5.147390533238649368e-03 2.047457965090870857e-03
0.000000000000000000e+00 2.619790844619274139e-03 0.000000000000000000e+00 0.000000000000000000e+00 0.000000000000000000e+00 0.000000000000000000e+00 3.036384878214448690e-04 5.124852061271667480e-03 9.715242194943130016e-04 1.901920419186353683e-03 0.000000000000000000e+00
0.000000000000000000e+00 6.355398334562778473e-03 0.000000000000000000e+00 0.000000000000000000e+00 0.000000000000000000e+00 1.433378085494041443e-03 2.626405796036124229e-03 0.000000000000000000e+00 0.000000000000000000e+00 3.245151136070489883e-03 0.000000000000000000e+00
3.802281571552157402e-03 2.331139112357050180e-04 4.622437991201877594e-03 0.000000000000000000e+00 1.974867098033428192e-02 3.699977649375796318e-03 3.543049329891800880e-03 2.934544114395976067e-03 0.000000000000000000e+00 0.000000000000000000e+00 8.431838825345039368e-03
0.000000000000000000e+00 7.089303721841133665e-08 1.056345354299992323e-06 0.000000000000000000e+00 2.413085894659161568e-06 0.000000000000000000e+00 0.000000000000000000e+00 1.198033146465604659e-06 2.595974990526883630e-07 3.542017168456368381e-07 0.000000000000000000e+00
