0.000000000000000000e+00 0.000000000000000000e+00 0.000000000000000000e+00 0.000000000000000000e+00 0.000000000000000000e+00 0.000000000000000000e+00 1.657254644669592381e-03 2.748052123934030533e-03 1.806536456570029259e-04 0.000000000000000000e+00 0.000000000000000000e+00
4.724586382508277893e-03 0.000000000000000000e+00 3.821102203801274300e-03 0.000000000000000000e+00 0.000000000000000000e+00 0.000000000000000000e+00 0.000000000000000000e+00 0.000000000000000000e+00 2.155459718778729439e-03 0.000000000000000000e+00 0.000000000000000000e+00
1.669690827839076519e-03 0.000000000000000000e+00 0.000000000000000000e+00 0.000000000000000000e+00 2.293357159942388535e-03 3.316616406664252281e-03 1.633891253732144833e-03 0.000000000000000000e+00 0.000000000000000000e+00 3.293054411187767982e-03 3.763398854061961174e-04
6.715855095535516739e-03 0.000000000000000000e+00 0.000000000000000000e+00 0.000000000000000000e+00 1.688507618382573128e-03 0.000000000000000000e+00 1.287858467549085617e-03 9.553950512781739235e-04 0.000000000000000000e+00 4.208955797366797924e-04 0.000000000000000000e+00
1.155863446911098436e-05 6.974893767619505525e-05 4.968831854057498276e-05 4.939734208164736629e-05 0.000000000000000000e+00 8.820138464216142893e-05 5.826105916639789939e-05 0.000000000000000000e+00 3.980401015724055469e-05 6.924004992470145226e-05 2.364307583775371313e-04
0.000000000000000000e+00 0.000000000000000000e+00 1.035281922668218613e-03 1.436689170077443123e-03 0.000000000000000000e+00 1.562126260250806808e-02 0.000000000000000000e+00 0.000000000000000000e+00 8.123120642267167568e-05 4.486808553338050842e-03 2.247980050742626190e-02
1.670584082603454590e-03 2.155444119125604630e-03 0.000000000000000000e+00 4.054099321365356445e-03 0.000000000000000000e+00 2.845339477062225342e-03 0.000000000000000000e+00 2.129837404936552048e-03 8.758497278904542327e-05 1.427492359653115273e-03 3.909503575414419174e-03
0.000000000000000000e+00 6.403053645044565201e-03 0.000000000000000000e+00 0.000000000000000000e+00 0.000000000000000000e+00 0.000000000000000000e+00 0.000000000000000000e+00 1.298529910854995251e-03 1.815887400880455971e-03 0.000000000000000000e+00 0.000000000000000000e+00
0.000000000000000000e+00 4.983252845704555511e-03 0.000000000000000000e+00 5.133356316946446896e-04 0.000000000000000000e+00 0.000000000000000000e+00 6.659945356659591198e-04 0.000000000000000000e+00 0.000000000000000000e+00 1.364645198918879032e-03 8.622635505162179470e-05
3.768458031117916107e-03 2.505706157535314560e-03 6.438591983169317245e-03 0.000000000000000000e+00 1.702262833714485168e-02 0.000000000000000000e+00 0.000000000000000000e+00 3.243680694140493870e-04 5.249507259577512741e-03 4.186609585303813219e-04 9.244320914149284363e-03
0.000000000000000000e+00 0.000000000000000000e+00 1.383098833684925921e-06 4.298395239743513230e-08 3.388564437045715749e-06 0.000000000000000000e+00 1.146368731497204863e-06 1.385495011163584422e-06 4.476538890685333172e-07 1.193466687254840508e-06 0.000000000000000000e+00
