0.000000000000000000e+00 0.000000000000000000e+00 0.000000000000000000e+00 0.000000000000000000e+00 0.000000000000000000e+00 0.000000000000000000e+00 0.000000000000000000e+00 2.575685270130634308e-03 0.000000000000000000e+00 0.000000000000000000e+00 0.000000000000000000e+00
1.313589606434106827e-02 0.000000000000000000e+00 3.994649450760334730e-04 0.000000000000000000e+00 2.027466834988445044e-04 0.000000000000000000e+00 0.000000000000000000e+00 0.000000000000000000e+00 4.231906787026673555e-04 0.000000000000000000e+00 0.000000000000000000e+00
0.000000000000000000e+00 0.000000000000000000e+00 0.000000000000000000e+00 5.426741205155849457e-03 8.517787791788578033e-03 0.000000000000000000e+00 7.022930774837732315e-03 0.000000000000000000e+00 1.355391810648143291e-03 1.161944959312677383e-02 0.000000000000000000e+00
9.363997727632522583e-03 0.000000000000000000e+00 0.000000000000000000e+00 0.000000000000000000e+00 6.540319416671991348e-03 0.000000000000000000e+00 0.000000000000000000e+00 2.985652070492506027e-03 6.467870436608791351e-03 0.000000000000000000e+00 0.000000000000000000e+00
1.576351787662133574e-04 1.542961108498275280e-04 2.487445599399507046e-04 2.126855542883276939e-04 0.000000000000000000e+00 3.330634499434381723e-04 2.343162923352792859e-04 9.992362174671143293e-05 2.081372658722102642e-04 2.829213917721062899e-04 6.802311399951577187e-04
0.000000000000000000e+00 0.000000000000000000e+00 0.000000000000000000e+00 0.000000000000000000e+00 0.000000000000000000e+00 1.801090314984321594e-03 0.000000000000000000e+00 0.000000000000000000e+00 0.000000000000000000e+00 0.000000000000000000e+00 1.734723475976807094e-18
4.046825692057609558e-03 4.889008705504238605e-04 0.000000000000000000e+00 0.000000000000000000e+00 0.000000000000000000e+00 0.000000000000000000e+00 0.000000000000000000e+00 6.977143697440624237e-03 1.100838300772011280e-03 5.437819752842187881e-03 1.199653279036283493e-02
0.000000000000000000e+00 2.491804305464029312e-03 8.256060071289539337e-03 0.000000000000000000e+00 1.051115221343934536e-03 0.000000000000000000e+00 0.000000000000000000e+00 0.000000000000000000e+00 8.111528120934963226e-03 2.358069876208901405e-03 0.000000000000000000e+00
4.756811540573835373e-03 9.648888371884822845e-03 0.000000000000000000e+00 0.000000000000000000e+00 0.000000000000000000e+00 0.000000000000000000e+00 5.592396948486566544e-03 0.000000000000000000e+00 0.000000000000000000e+00 3.088915953412652016e-03 6.358865182846784592e-03
1.747434772551059723e-02 5.829946603626012802e-03 1.096086204051971436e-02 0.000000000000000000e+00 4.166166856884956360e-02 0.000000000000000000e+00 0.000000000000000000e+00 0.000000000000000000e+00 3.839735174551606178e-03 0.000000000000000000e+00 5.607864819467067719e-03
0.000000000000000000e+00 4.651106735309440410e-07 3.050040049856761470e-06 0.000000000000000000e+00 5.905850230192299932e-06 0.000000000000000000e+00 2.615613766465685330e-06 1.740549350870423950e-06 0.000000000000000000e+00 2.167627599192201160e-06 0.000000000000000000e+00
