0.000000000000000000e+00 0.000000000000000000e+00 3.211514092981815338e-03 0.000000000000000000e+00 0.000000000000000000e+00 0.000000000000000000e+00 0.000000000000000000e+00 1.973432255908846855e-03 6.510823150165379047e-04 0.000000000000000000e+00 0.000000000000000000e+00
3.643385600298643112e-03 0.000000000000000000e+00 1.348107936792075634e-03 4.871845885645598173e-04 3.857190604321658611e-04 0.000000000000000000e+00 1.051471452228724957e-03 7.426572265103459358e-04 0.000000000000000000e+00 0.000000000000000000e+00 0.000000000000000000e+00
0.000000000000000000e+00 2.990317763760685921e-03 0.000000000000000000e+00 1.118036103434860706e-03 0.000000000000000000e+00 2.097623655572533607e-03 1.224583829753100872e-03 0.000000000000000000e+00 0.000000000000000000e+00 2.567874267697334290e-03 0.000000000000000000e+00
4.945184569805860519e-03 0.000000000000000000e+00 0.000000000000000000e+00 0.000000000000000000e+00 1.705015660263597965e-03 0.000000000000000000e+00 0.000000000000000000e+00 2.627735724672675133e-03 3.152869408950209618e-03 0.000000000000000000e+00 0.000000000000000000e+00
3.596358874347060919e-05 1.616505323909223080e-04 1.237979595316573977e-04 1.786546781659126282e-04 0.000000000000000000e+00 2.725587110035121441e-04 1.091038793674670160e-04 0.000000000000000000e+00 1.883733493741601706e-04 3.436052065808326006e-04 7.195045473054051399e-04
0.000000000000000000e+00 0.000000000000000000e+00 3.433836624026298523e-03 0.000000000000000000e+00 0.000000000000000000e+00 1.428382843732833862e-02 0.000000000000000000e+00 0.000000000000000000e+00 0.000000000000000000e+00 3.578273346647620201e-03 2.248741500079631805e-02
9.742002584971487522e-04 1.540609402582049370e-03 0.000000000000000000e+00 1.253423281013965607e-03 0.000000000000000000e+00 1.147697330452501774e-03 3.895294154062867165e-03 0.000000000000000000e+00 4.873778671026229858e-03 5.143871065229177475e-03 8.591764490120112896e-04
0.000000000000000000e+00 4.146934486925601959e-03 2.198564354330301285e-03 1.091773039661347866e-03 0.000000000000000000e+00 0.000000000000000000e+00 0.000000000000000000e+00 0.000000000000000000e+00 0.000000000000000000e+00 0.000000000000000000e+00 0.000000000000000000e+00
1.372443657601252198e-04 1.413088059052824974e-03 0.000000000000000000e+00 0.000000000000000000e+00 0.000000000000000000e+00 1.775181037373840809e-03 5.783887580037117004e-03 2.408693078905344009e-03 0.000000000000000000e+00 0.000000000000000000e+00 9.076704154722392559e-04
1.508021960034966469e-03 2.629805123433470726e-03 1.395959290675818920e-03 0.000000000000000000e+00 1.312792394310235977e-02 0.000000000000000000e+00 0.000000000000000000e+00 0.000000000000000000e+00 5.045195575803518295e-03 2.412870060652494431e-03 8.380011655390262604e-03
0.000000000000000000e+00 3.670552359835710377e-07 1.143695044447667897e-05 0.000000000000000000e+00 1.869641891971696168e-05 0.000000000000000000e+00 0.000000000000000000e+00 1.929454265336971730e-05 0.000000000000000000e+00 6.760616088286042213e-06 0.000000000000000000e+00
