0.000000000000000000e+00 8.149466514587402344e+00 5.067628784179687500e+02 0.000000000000000000e+00 0.000000000000000000e+00 0.000000000000000000e+00 1.831132568359375000e+03 3.901464080810546875e+01 1.096970939636230469e+01 1.813734054565429688e+00 0.000000000000000000e+00
4.167054443359375000e+02 0.000000000000000000e+00 1.731947021484375000e+03 1.866135597229003906e+00 8.394180908203125000e+02 4.884034423828125000e+02 2.854613281250000000e+03 1.985101318359375000e+03 1.304221191406250000e+02 2.069952201843261719e+01 7.646779785156250000e+02
1.184686470031738281e+01 8.666190429687500000e+03 4.572474609375000000e+03 7.445274902343750000e+03 5.472289062500000000e+03 1.294980773925781250e+02 2.524279785156250000e+03 4.237975097656250000e+03 8.455801010131835938e+00 5.180894531250000000e+03 1.155403976440429688e+02
4.040135955810546875e+01 2.293514709472656250e+02 8.563356933593750000e+02 2.229519653320312500e+01 3.035440368652343750e+02 3.045253992080688477e+00 4.133411026000976562e+01 9.430385742187500000e+02 7.997135009765625000e+02 1.947177505493164062e+01 2.827714920043945312e+01
1.021301597356796265e-01 2.174561470746994019e-01 1.481250226497650146e-01 1.358767747879028320e-01 0.000000000000000000e+00 1.097334802580007818e-06 8.421687781810760498e-02 2.482575774192810059e-01 0.000000000000000000e+00 6.203946471214294434e-01 2.572479724884033203e+00
0.000000000000000000e+00 0.000000000000000000e+00 0.000000000000000000e+00 0.000000000000000000e+00 0.000000000000000000e+00 0.000000000000000000e+00 0.000000000000000000e+00 0.000000000000000000e+00 0.000000000000000000e+00 0.000000000000000000e+00 2.574870681762695312e+01
2.805952636718750000e+03 2.293486976623535156e+01 4.713257446289062500e+02 1.837881347656250000e+03 1.477526245117187500e+03 7.130428275559097528e-05 3.162006835937500000e+03 4.507300567626953125e+01 3.377087402343750000e+03 1.875794982910156250e+01 9.144960937500000000e+02
0.000000000000000000e+00 3.775013671875000000e+03 1.273079223632812500e+03 1.341728496551513672e+01 1.450692382812500000e+03 9.599419555664062500e+02 9.546331763267517090e-01 1.299369506835937500e+03 4.951823043823242188e+01 3.665408611297607422e+00 5.039696960449218750e+02
0.000000000000000000e+00 3.976474609375000000e+02 4.305691719055175781e+00 2.719259262084960938e+01 4.245428085327148438e+00 2.480137023925781250e+02 2.220583648681640625e+02 4.398609744384884834e-04 6.200344238281250000e+02 9.974287033081054688e+00 3.897696533203125000e+02
0.000000000000000000e+00 0.000000000000000000e+00 0.000000000000000000e+00 0.000000000000000000e+00 1.949612021446228027e+00 0.000000000000000000e+00 0.000000000000000000e+00 0.000000000000000000e+00 0.000000000000000000e+00 0.000000000000000000e+00 3.530407557263970375e-04
0.000000000000000000e+00 1.973339356482028961e-03 1.467831246554851532e-02 5.708697244699578732e-06 3.996703028678894043e-02 0.000000000000000000e+00 2.699141157791018486e-03 1.308083068579435349e-02 0.000000000000000000e+00 2.087126486003398895e-02 7.976058213898795657e-08
