0.000000000000000000e+00 4.408607259392738342e-03 0.000000000000000000e+00 0.000000000000000000e+00 0.000000000000000000e+00 0.000000000000000000e+00 3.661991795524954796e-04 1.513122813776135445e-03 0.000000000000000000e+00 0.000000000000000000e+00 0.000000000000000000e+00
8.563470095396041870e-03 0.000000000000000000e+00 8.756157942116260529e-03 0.000000000000000000e+00 0.000000000000000000e+00 0.000000000000000000e+00 5.534549127332866192e-04 1.463989261537790298e-03 1.468967413529753685e-03 0.000000000000000000e+00 0.000000000000000000e+00
0.000000000000000000e+00 1.220564264804124832e-02 0.000000000000000000e+00 0.000000000000000000e+00 6.433696951717138290e-03 2.041689306497573853e-02 4.677910823374986649e-03 0.000000000000000000e+00 6.095284130424261093e-03 4.642788786441087723e-03 0.000000000000000000e+00
9.051809087395668030e-03 0.000000000000000000e+00 0.000000000000000000e+00 0.000000000000000000e+00 9.397497400641441345e-03 0.000000000000000000e+00 0.000000000000000000e+00 7.144880481064319611e-03 0.000000000000000000e+00 3.590037347748875618e-03 0.000000000000000000e+00
1.095143761631334201e-05 1.946632401086390018e-04 1.652574283070862293e-04 1.281373115489259362e-04 0.000000000000000000e+00 1.100034569390118122e-04 1.169386814581230283e-04 2.066483721137046814e-04 1.911525323521345854e-04 2.854708000086247921e-04 5.135253886692225933e-04
0.000000000000000000e+00 0.000000000000000000e+00 0.000000000000000000e+00 0.000000000000000000e+00 0.000000000000000000e+00 3.200549690518528223e-04 0.000000000000000000e+00 0.000000000000000000e+00 0.000000000000000000e+00 0.000000000000000000e+00 0.000000000000000000e+00
1.179422345012426376e-02 1.492220209911465645e-03 0.000000000000000000e+00 0.000000000000000000e+00 0.000000000000000000e+00 0.000000000000000000e+00 2.985639497637748718e-03 5.687922704964876175e-03 0.000000000000000000e+00 2.217765664681792259e-03 0.000000000000000000e+00
0.000000000000000000e+00 4.667604807764291763e-03 0.000000000000000000e+00 0.000000000000000000e+00 2.103327540680766106e-03 0.000000000000000000e+00 0.000000000000000000e+00 7.575999479740858078e-03 1.187200378626585007e-02 0.000000000000000000e+00 0.000000000000000000e+00
0.000000000000000000e+00 2.558848063927143812e-04 0.000000000000000000e+00 0.000000000000000000e+00 0.000000000000000000e+00 0.000000000000000000e+00 1.624052856641355902e-05 0.000000000000000000e+00 0.000000000000000000e+00 0.000000000000000000e+00 0.000000000000000000e+00
0.000000000000000000e+00 0.000000000000000000e+00 1.501736603677272797e-02 0.000000000000000000e+00 3.945561125874519348e-02 6.453795824199914932e-03 0.000000000000000000e+00 2.514023566618561745e-03 7.756656035780906677e-03 0.000000000000000000e+00 1.303956378251314163e-02
0.000000000000000000e+00 0.000000000000000000e+00 3.528565002852701582e-06 1.469583480684377719e-06 4.887497652816819027e-06 0.000000000000000000e+00 1.162484750238945708e-06 1.847798785092891194e-06 4.751364315325190546e-07 1.729466248434619047e-06 0.000000000000000000e+00
