0.000000000000000000e+00 0.000000000000000000e+00 3.043781500309705734e-03 0.000000000000000000e+00 0.000000000000000000e+00 0.000000000000000000e+00 0.000000000000000000e+00 5.024380050599575043e-03 0.000000000000000000e+00 0.000000000000000000e+00 0.000000000000000000e+00
6.684619933366775513e-03 0.000000000000000000e+00 5.207715556025505066e-03 0.000000000000000000e+00 0.000000000000000000e+00 0.000000000000000000e+00 0.000000000000000000e+00 8.635581471025943756e-04 0.000000000000000000e+00 0.000000000000000000e+00 0.000000000000000000e+00
0.000000000000000000e+00 4.140230361372232437e-03 2.525821560993790627e-03 0.000000000000000000e+00 0.000000000000000000e+00 2.416530158370733261e-03 1.342308823950588703e-03 0.000000000000000000e+00 0.000000000000000000e+00 5.515523254871368408e-03 0.000000000000000000e+00
5.318968091160058975e-03 0.000000000000000000e+00 0.000000000000000000e+00 0.000000000000000000e+00 1.032894593663513660e-03 2.557843225076794624e-03 1.078481087461113930e-03 9.031803347170352936e-04 2.055590273812413216e-03 6.380820414051413536e-04 0.000000000000000000e+00
5.124197559780441225e-05 8.872563194017857313e-05 4.677797551266849041e-05 6.218627822818234563e-05 0.000000000000000000e+00 8.878543303580954671e-05 9.323452104581519961e-05 6.820068665547296405e-05 5.779068669653497636e-05 9.449898061575368047e-05 2.932542993221431971e-04
0.000000000000000000e+00 0.000000000000000000e+00 3.808241570368409157e-03 0.000000000000000000e+00 0.000000000000000000e+00 1.918903738260269165e-02 0.000000000000000000e+00 0.000000000000000000e+00 0.000000000000000000e+00 4.396719858050346375e-03 2.580339647829532623e-02
4.764228127896785736e-03 0.000000000000000000e+00 0.000000000000000000e+00 2.621674677357077599e-03 0.000000000000000000e+00 2.892273245379328728e-03 2.877700375393033028e-03 4.236560780555009842e-03 3.669894067570567131e-03 3.137779189273715019e-03 2.332432777620851994e-04
0.000000000000000000e+00 4.987559281289577484e-03 4.573708865791559219e-03 0.000000000000000000e+00 0.000000000000000000e+00 0.000000000000000000e+00 2.676777774468064308e-03 0.000000000000000000e+00 3.044051663891877979e-05 0.000000000000000000e+00 0.000000000000000000e+00
2.103780861943960190e-03 1.782188890501856804e-03 0.000000000000000000e+00 0.000000000000000000e+00 0.000000000000000000e+00 2.075686585158109665e-03 5.128340329974889755e-03 0.000000000000000000e+00 0.000000000000000000e+00 0.000000000000000000e+00 7.988976431079208851e-04
9.425572934560477734e-04 0.000000000000000000e+00 4.577676299959421158e-03 0.000000000000000000e+00 2.231905981898307800e-02 0.000000000000000000e+00 0.000000000000000000e+00 0.000000000000000000e+00 2.803712151944637299e-03 0.000000000000000000e+00 9.775496087968349457e-03
0.000000000000000000e+00 0.000000000000000000e+00 8.770627459853130858e-07 0.000000000000000000e+00 2.316593281648238190e-06 0.000000000000000000e+00 0.000000000000000000e+00 6.746342933183768764e-07 0.000000000000000000e+00 1.696162144071422517e-07 0.000000000000000000e+00
