0.000000000000000000e+00 2.621785097289830446e-04 0.000000000000000000e+00 0.000000000000000000e+00 0.000000000000000000e+00 0.000000000000000000e+00 3.318406408652663231e-03 6.704817060381174088e-03 1.936503336764872074e-03 0.000000000000000000e+00 0.000000000000000000e+00
7.378714624792337418e-03 0.000000000000000000e+00 3.801540471613407135e-03 0.000000000000000000e+00 0.000000000000000000e+00 0.000000000000000000e+00 0.000000000000000000e+00 6.584954913705587387e-03 0.000000000000000000e+00 0.000000000000000000e+00 4.434416070580482483e-03
3.048789221793413162e-03 5.361438263207674026e-03 0.000000000000000000e+00 2.687134081497788429e-03 0.000000000000000000e+00 1.108681876212358475e-02 1.012115553021430969e-02 0.000000000000000000e+00 9.574932046234607697e-04 5.540724378079175949e-03 0.000000000000000000e+00
5.054637324064970016e-03 2.688518958166241646e-03 0.000000000000000000e+00 3.569137479644268751e-04 3.042022464796900749e-03 0.000000000000000000e+00 5.256248638033866882e-03 8.677430450916290283e-03 1.347526558674871922e-03 4.258133471012115479e-03 0.000000000000000000e+00
9.732677426654845476e-05 1.983905676752328873e-04 2.223872579634189606e-04 7.382015610346570611e-05 0.000000000000000000e+00 8.152306691044941545e-06 0.000000000000000000e+00 4.303494642954319715e-05 1.922018236655276269e-05 2.743625955190509558e-04 6.735978531651198864e-04
0.000000000000000000e+00 0.000000000000000000e+00 0.000000000000000000e+00 0.000000000000000000e+00 0.000000000000000000e+00 0.000000000000000000e+00 0.000000000000000000e+00 0.000000000000000000e+00 0.000000000000000000e+00 0.000000000000000000e+00 0.000000000000000000e+00
1.977104926481842995e-03 0.000000000000000000e+00 0.000000000000000000e+00 0.000000000000000000e+00 0.000000000000000000e+00 0.000000000000000000e+00 1.303648925386369228e-03 3.363956930115818977e-03 0.000000000000000000e+00 0.000000000000000000e+00 0.000000000000000000e+00
0.000000000000000000e+00 6.709386070724576712e-05 5.380606744438409805e-03 0.000000000000000000e+00 0.000000000000000000e+00 0.000000000000000000e+00 0.000000000000000000e+00 1.242934074252843857e-02 3.508520079776644707e-03 0.000000000000000000e+00 0.000000000000000000e+00
0.000000000000000000e+00 0.000000000000000000e+00 2.545606810599565506e-03 9.013625676743686199e-04 0.000000000000000000e+00 1.894036890007555485e-03 0.000000000000000000e+00 0.000000000000000000e+00 5.075662629678845406e-04 0.000000000000000000e+00 6.019052118062973022e-03
0.000000000000000000e+00 0.000000000000000000e+00 1.391191594302654266e-02 0.000000000000000000e+00 4.871582239866256714e-02 5.677965469658374786e-03 0.000000000000000000e+00 0.000000000000000000e+00 1.021167449653148651e-02 0.000000000000000000e+00 1.692654006183147430e-02
0.000000000000000000e+00 0.000000000000000000e+00 4.514286956691648811e-06 3.305035079392837361e-06 7.709291821811348200e-06 0.000000000000000000e+00 1.856477183537208475e-06 1.794575155145139433e-06 0.000000000000000000e+00 2.982598516609868966e-06 0.000000000000000000e+00
