0.000000000000000000e+00 1.861042459495365620e-03 0.000000000000000000e+00 0.000000000000000000e+00 0.000000000000000000e+00 0.000000000000000000e+00 0.000000000000000000e+00 2.310242503881454468e-03 2.483766758814454079e-03 0.000000000000000000e+00 0.000000000000000000e+00
2.886898117139935493e-03 0.000000000000000000e+00 3.668692894279956818e-03 1.947424723766744137e-03 0.000000000000000000e+00 0.000000000000000000e+00 8.170089568011462688e-04 0.000000000000000000e+00 0.000000000000000000e+00 0.000000000000000000e+00 0.000000000000000000e+00
1.471821800805628300e-03 0.000000000000000000e+00 0.000000000000000000e+00 0.000000000000000000e+00 3.595737507566809654e-03 6.365543697029352188e-03 1.914156950078904629e-03 0.000000000000000000e+00 1.896604313515126705e-03 3.118398366495966911e-03 2.025637542828917503e-03
6.022928748279809952e-03 0.000000000000000000e+00 0.000000000000000000e+00 0.000000000000000000e+00 5.275737494230270386e-03 0.000000000000000000e+00 4.037389007862657309e-04 5.571507383137941360e-03 1.340361312031745911e-03 4.756550770252943039e-03 0.000000000000000000e+00
3.882532837451435626e-05 8.017510845093056560e-05 5.951783532509580255e-05 7.105588883860036731e-05 0.000000000000000000e+00 2.268589378218166530e-05 4.914765668218024075e-05 1.972580867004580796e-05 8.879878441803157330e-05 5.243747364147566259e-05 1.997636281885206699e-04
0.000000000000000000e+00 9.732807520776987076e-04 4.698289092630147934e-03 5.749894771724939346e-03 0.000000000000000000e+00 1.654633507132530212e-02 0.000000000000000000e+00 1.444665482267737389e-03 3.185542766004800797e-03 4.236169159412384033e-03 2.159344963729381561e-02
3.295009257271885872e-03 2.621226478368043900e-03 0.000000000000000000e+00 0.000000000000000000e+00 0.000000000000000000e+00 3.099459223449230194e-03 0.000000000000000000e+00 0.000000000000000000e+00 3.600666997954249382e-03 7.213888224214315414e-03 0.000000000000000000e+00
0.000000000000000000e+00 6.540350732393562794e-04 0.000000000000000000e+00 0.000000000000000000e+00 0.000000000000000000e+00 0.000000000000000000e+00 0.000000000000000000e+00 1.408828306011855602e-03 3.965506795793771744e-03 0.000000000000000000e+00 0.000000000000000000e+00
0.000000000000000000e+00 1.879852963611483574e-03 0.000000000000000000e+00 0.000000000000000000e+00 0.000000000000000000e+00 0.000000000000000000e+00 4.173770430497825146e-04 0.000000000000000000e+00 0.000000000000000000e+00 2.724805148318409920e-03 4.369469825178384781e-03
3.244494320824742317e-03 2.789482241496443748e-03 8.663895539939403534e-03 0.000000000000000000e+00 2.136901207268238068e-02 0.000000000000000000e+00 7.853223360143601894e-04 1.209112582728266716e-03 2.585893962532281876e-03 0.000000000000000000e+00 3.013344481587409973e-03
0.000000000000000000e+00 0.000000000000000000e+00 8.856368935994396452e-07 2.305985162820434198e-07 1.344074121334415395e-06 0.000000000000000000e+00 4.913362658953701612e-07 6.806918690926977433e-07 0.000000000000000000e+00 9.091691595131123904e-07 0.000000000000000000e+00
