0.000000000000000000e+00 0.000000000000000000e+00 3.043217817321419716e-03 0.000000000000000000e+00 0.000000000000000000e+00 0.000000000000000000e+00 0.000000000000000000e+00 5.137812811881303787e-03 0.000000000000000000e+00 0.000000000000000000e+00 0.000000000000000000e+00
3.961188718676567078e-03 0.000000000000000000e+00 5.522875115275382996e-03 5.231288727372884750e-03 0.000000000000000000e+00 3.801592858508229256e-03 8.893433958292007446e-03 0.000000000000000000e+00 0.000000000000000000e+00 3.547769272699952126e-03 3.156180027872323990e-03
0.000000000000000000e+00 2.035422250628471375e-03 1.032587140798568726e-03 0.000000000000000000e+00 0.000000000000000000e+00 3.021779935806989670e-03 2.239943947643041611e-03 0.000000000000000000e+00 0.000000000000000000e+00 8.479777723550796509e-03 0.000000000000000000e+00
3.847165964543819427e-03 0.000000000000000000e+00 0.000000000000000000e+00 6.420383442673482932e-07 0.000000000000000000e+00 5.205733701586723328e-03 3.734737401828169823e-03 1.870533567853271961e-03 4.318632185459136963e-03 2.955668373033404350e-03 0.000000000000000000e+00
1.703147136140614748e-04 3.254192706663161516e-04 2.430061431368812919e-04 2.053955831797793508e-04 0.000000000000000000e+00 3.047740319743752480e-04 2.779035712592303753e-04 4.849052129429765046e-05 2.056660450762137771e-04 3.920533927157521248e-04 6.721096578985452652e-04
0.000000000000000000e+00 0.000000000000000000e+00 0.000000000000000000e+00 0.000000000000000000e+00 0.000000000000000000e+00 0.000000000000000000e+00 0.000000000000000000e+00 0.000000000000000000e+00 0.000000000000000000e+00 0.000000000000000000e+00 0.000000000000000000e+00
3.814312163740396500e-03 4.728739149868488312e-03 0.000000000000000000e+00 9.383304975926876068e-03 0.000000000000000000e+00 5.829803645610809326e-03 8.990977890789508820e-03 0.000000000000000000e+00 5.190285854041576385e-03 6.576873827725648880e-03 8.118969388306140900e-03
0.000000000000000000e+00 3.104283707216382027e-03 0.000000000000000000e+00 0.000000000000000000e+00 2.197456778958439827e-03 0.000000000000000000e+00 0.000000000000000000e+00 0.000000000000000000e+00 4.587869159877300262e-03 0.000000000000000000e+00 0.000000000000000000e+00
0.000000000000000000e+00 0.000000000000000000e+00 0.000000000000000000e+00 3.560106968507170677e-03 0.000000000000000000e+00 0.000000000000000000e+00 3.411366837099194527e-03 2.268805168569087982e-03 0.000000000000000000e+00 3.824729472398757935e-03 0.000000000000000000e+00
9.879851713776588440e-03 0.000000000000000000e+00 0.000000000000000000e+00 0.000000000000000000e+00 3.640171885490417480e-02 0.000000000000000000e+00 0.000000000000000000e+00 0.000000000000000000e+00 1.429814659059047699e-02 0.000000000000000000e+00 1.803656853735446930e-02
0.000000000000000000e+00 0.000000000000000000e+00 8.820713446766603738e-06 2.118291604347177781e-06 1.206294018629705533e-05 0.000000000000000000e+00 5.258813416730845347e-06 3.050590976272360422e-06 0.000000000000000000e+00 8.838346730044577271e-06 0.000000000000000000e+00
