0.000000000000000000e+00 9.518702697753906250e+01 1.536754638671875000e+03 0.000000000000000000e+00 0.000000000000000000e+00 0.000000000000000000e+00 6.756362304687500000e+02 5.440783691406250000e+02 1.479923095703125000e+02 3.781345825195312500e+02 0.000000000000000000e+00
1.231662719726562500e+03 0.000000000000000000e+00 4.680134582519531250e+01 6.776893554687500000e+03 3.109735064208507538e-02 5.273119926452636719e+00 2.292116165161132812e+01 4.005483150482177734e+00 9.498523712158203125e+00 1.000123843550682068e-01 9.992902343750000000e+03
1.841812896728515625e+02 2.412463378906250000e+03 3.220509643554687500e+02 3.684940185546875000e+02 4.350449752807617188e+01 6.685954101562500000e+03 6.940624023437500000e+03 5.325500488281250000e+01 4.446015736903063953e-06 6.475998046875000000e+03 2.773090004920959473e-01
9.332938232421875000e+02 3.679557495117187500e+02 3.852307128906250000e+01 1.312203674316406250e+02 1.262024002075195312e+02 1.792244720458984375e+02 2.311260253906250000e+03 1.983039550781250000e+03 5.551936645507812500e+02 1.005288543701171875e+02 3.423721313476562500e+02
5.734472274780273438e+00 1.071562576293945312e+01 6.667321205139160156e+00 2.322830438613891602e+00 2.980699491672567092e-06 1.101544570922851562e+01 6.762365341186523438e+00 2.428362965583801270e-01 8.945858001708984375e+00 9.039527893066406250e+00 2.506355476379394531e+01
0.000000000000000000e+00 0.000000000000000000e+00 0.000000000000000000e+00 0.000000000000000000e+00 0.000000000000000000e+00 0.000000000000000000e+00 0.000000000000000000e+00 0.000000000000000000e+00 0.000000000000000000e+00 0.000000000000000000e+00 0.000000000000000000e+00
1.879879150390625000e+02 1.918387207031250000e+03 2.296672058105468750e+01 1.223041748046875000e+03 0.000000000000000000e+00 5.383565521240234375e+01 2.016081787109375000e+03 2.453269436955451965e-02 1.406445312500000000e+02 1.201062255859375000e+03 1.213549316406250000e+03
0.000000000000000000e+00 3.454082519531250000e+03 5.639030761718750000e+03 4.167977905273437500e+01 1.085627517700195312e+02 2.702281799316406250e+02 7.977397460937500000e+02 4.838064453125000000e+03 3.865929199218750000e+03 4.633830078125000000e+03 9.514643295460700756e-09
0.000000000000000000e+00 2.536283935546875000e+03 1.511931457519531250e+02 3.364523437500000000e+03 5.400227737426757812e+01 1.542235473632812500e+03 2.105476318359375000e+03 1.274084228515625000e+03 7.203905029296875000e+02 1.080892089843750000e+03 8.331430053710937500e+01
4.920671284198760986e-01 0.000000000000000000e+00 0.000000000000000000e+00 0.000000000000000000e+00 2.006734657287597656e+01 0.000000000000000000e+00 0.000000000000000000e+00 0.000000000000000000e+00 0.000000000000000000e+00 0.000000000000000000e+00 2.402773857116699219e+00
0.000000000000000000e+00 4.614763893187046051e-03 1.006386354565620422e-01 0.000000000000000000e+00 2.278832495212554932e-01 0.000000000000000000e+00 5.476455044117756188e-05 5.231619626283645630e-02 0.000000000000000000e+00 1.178132742643356323e-01 0.000000000000000000e+00
