0.000000000000000000e+00 0.000000000000000000e+00 5.511743947863578796e-03 0.000000000000000000e+00 0.000000000000000000e+00 0.000000000000000000e+00 3.587980056181550026e-03 0.000000000000000000e+00 2.028229879215359688e-03 0.000000000000000000e+00 0.000000000000000000e+00
6.804684642702341080e-03 0.000000000000000000e+00 8.457218296825885773e-03 4.694976378232240677e-03 0.000000000000000000e+00 0.000000000000000000e+00 4.466321552172303200e-04 1.208797330036759377e-03 3.472539596259593964e-03 0.000000000000000000e+00 1.559718861244618893e-03
0.000000000000000000e+00 0.000000000000000000e+00 0.000000000000000000e+00 2.780243987217545509e-03 1.233201008290052414e-03 1.810756279155611992e-03 5.413899198174476624e-03 0.000000000000000000e+00 0.000000000000000000e+00 1.414565835148096085e-02 2.195792505517601967e-03
5.327200982719659805e-03 1.011470612138509750e-02 0.000000000000000000e+00 0.000000000000000000e+00 1.456043682992458344e-03 0.000000000000000000e+00 9.416714310646057129e-03 6.089147180318832397e-03 5.515402182936668396e-03 0.000000000000000000e+00 0.000000000000000000e+00
1.330606173723936081e-04 3.998663160018622875e-04 5.989475757814943790e-04 2.822380629368126392e-04 0.000000000000000000e+00 3.686561831273138523e-04 3.820358542725443840e-04 3.400759014766663313e-04 5.400086520239710808e-04 6.766315200366079807e-04 9.596655727364122868e-04
0.000000000000000000e+00 0.000000000000000000e+00 0.000000000000000000e+00 0.000000000000000000e+00 0.000000000000000000e+00 0.000000000000000000e+00 0.000000000000000000e+00 0.000000000000000000e+00 0.000000000000000000e+00 0.000000000000000000e+00 0.000000000000000000e+00
3.064272925257682800e-03 1.489207264967262745e-03 0.000000000000000000e+00 2.898551523685455322e-03 0.000000000000000000e+00 0.000000000000000000e+00 5.774610908702015877e-04 2.097715158015489578e-03 5.032754852436482906e-04 1.539693679660558701e-03 0.000000000000000000e+00
0.000000000000000000e+00 2.332365140318870544e-03 0.000000000000000000e+00 5.590999033302068710e-03 3.169676347170025110e-04 0.000000000000000000e+00 0.000000000000000000e+00 7.791834417730569839e-03 5.357785616070032120e-03 0.000000000000000000e+00 0.000000000000000000e+00
0.000000000000000000e+00 7.281511789187788963e-04 1.356712309643626213e-03 7.845846004784107208e-03 0.000000000000000000e+00 0.000000000000000000e+00 1.815558352973312140e-04 1.755433506332337856e-03 1.204499392770230770e-03 0.000000000000000000e+00 1.643933355808258057e-03
5.408347118645906448e-03 6.556720938533544540e-03 8.265688084065914154e-03 0.000000000000000000e+00 3.443346172571182251e-02 3.024781588464975357e-03 0.000000000000000000e+00 0.000000000000000000e+00 8.932714350521564484e-03 4.689686931669712067e-03 6.728441920131444931e-03
0.000000000000000000e+00 0.000000000000000000e+00 3.014100229847826995e-06 5.010620952816680074e-06 9.131092156167142093e-06 0.000000000000000000e+00 2.394522198301274329e-06 3.263670350861502811e-06 0.000000000000000000e+00 6.410700734704732895e-06 0.000000000000000000e+00
