0.000000000000000000e+00 0.000000000000000000e+00 1.668406184762716293e-04 0.000000000000000000e+00 0.000000000000000000e+00 0.000000000000000000e+00 4.059890750795602798e-03 0.000000000000000000e+00 0.000000000000000000e+00 0.000000000000000000e+00 0.000000000000000000e+00
6.378819234669208527e-03 0.000000000000000000e+00 6.046497263014316559e-03 0.000000000000000000e+00 5.277934949845075607e-03 0.000000000000000000e+00 1.730329124256968498e-03 0.000000000000000000e+00 0.000000000000000000e+00 0.000000000000000000e+00 0.000000000000000000e+00
0.000000000000000000e+00 4.240787588059902191e-03 3.289090003818273544e-03 2.942072926089167595e-03 1.578530645929276943e-03 0.000000000000000000e+00 5.894917529076337814e-03 2.217143308371305466e-03 0.000000000000000000e+00 3.843355458229780197e-03 0.000000000000000000e+00
6.247842684388160706e-03 0.000000000000000000e+00 0.000000000000000000e+00 0.000000000000000000e+00 0.000000000000000000e+00 0.000000000000000000e+00 0.000000000000000000e+00 6.094326963648200035e-04 1.376705011352896690e-03 0.000000000000000000e+00 0.000000000000000000e+00
0.000000000000000000e+00 1.958093926077708602e-04 2.374182076891884208e-04 1.882057695183902979e-04 0.000000000000000000e+00 2.989711356349289417e-04 2.410220768069848418e-04 9.270806185668334365e-05 2.286069502588361502e-04 2.129303902620449662e-04 5.139570566825568676e-04
0.000000000000000000e+00 0.000000000000000000e+00 0.000000000000000000e+00 0.000000000000000000e+00 0.000000000000000000e+00 1.341326627880334854e-03 0.000000000000000000e+00 0.000000000000000000e+00 0.000000000000000000e+00 0.000000000000000000e+00 0.000000000000000000e+00
5.617735907435417175e-03 1.439363695681095123e-03 0.000000000000000000e+00 7.352520711719989777e-03 0.000000000000000000e+00 1.184744946658611298e-02 1.961165340617299080e-03 1.049229293130338192e-03 3.561811288818717003e-03 4.428557120263576508e-03 4.570470191538333893e-03
0.000000000000000000e+00 1.101176533848047256e-02 1.190133392810821533e-03 2.779427682980895042e-03 1.917855581268668175e-03 5.873102694749832153e-03 0.000000000000000000e+00 0.000000000000000000e+00 3.127815143670886755e-04 0.000000000000000000e+00 0.000000000000000000e+00
0.000000000000000000e+00 8.735054172575473785e-03 1.514738396508619189e-04 1.632400788366794586e-03 0.000000000000000000e+00 0.000000000000000000e+00 9.013351984322071075e-03 1.171407173387706280e-03 0.000000000000000000e+00 0.000000000000000000e+00 0.000000000000000000e+00
0.000000000000000000e+00 0.000000000000000000e+00 5.517091602087020874e-03 0.000000000000000000e+00 2.657548710703849792e-02 0.000000000000000000e+00 0.000000000000000000e+00 0.000000000000000000e+00 8.968997746706008911e-03 0.000000000000000000e+00 1.399129256606101990e-02
0.000000000000000000e+00 7.458460231646313332e-07 1.639102947592618875e-06 1.417748649146233220e-06 3.624664941526134498e-06 0.000000000000000000e+00 5.009297296965087298e-07 2.914315928137511946e-06 1.686695441094343551e-06 3.441642775214859284e-06 3.939099997296580113e-07
