0.000000000000000000e+00 7.846537017822265625e+01 1.086322402954101562e+01 0.000000000000000000e+00 0.000000000000000000e+00 0.000000000000000000e+00 2.542998504638671875e+01 8.330307006835937500e+01 2.026440342888236046e-03 1.467662453651428223e-01 0.000000000000000000e+00
2.070121002197265625e+01 0.000000000000000000e+00 6.809840679168701172e+00 1.499046020507812500e+02 7.161564230918884277e-01 6.142126464843750000e+01 7.923001098632812500e+01 9.579187631607055664e-02 1.092550277709960938e+01 1.056699066162109375e+02 1.079675903320312500e+02
4.460034072399139404e-01 3.127115821838378906e+01 4.722536468505859375e+01 1.462968444824218750e+01 1.024294178932905197e-03 2.704129791259765625e+01 3.607022476196289062e+01 3.403998911380767822e-03 8.466410636901855469e-01 1.401217460632324219e+01 1.060668029822409153e-03
1.369309043884277344e+01 9.658671617507934570e-01 1.993440836668014526e-01 2.274668502807617188e+01 5.168437004089355469e+00 1.626293373107910156e+01 4.638606643676757812e+01 5.262484359741210938e+01 2.650696563720703125e+01 4.373369216918945312e+01 9.349065367132425308e-04
2.471330463886260986e-01 3.249419331550598145e-01 5.056691765785217285e-01 4.203675985336303711e-01 0.000000000000000000e+00 2.259689569473266602e-01 6.754090189933776855e-01 3.277846872806549072e-01 4.651315212249755859e-01 6.611618399620056152e-01 1.438159823417663574e+00
0.000000000000000000e+00 0.000000000000000000e+00 0.000000000000000000e+00 0.000000000000000000e+00 0.000000000000000000e+00 0.000000000000000000e+00 0.000000000000000000e+00 0.000000000000000000e+00 0.000000000000000000e+00 0.000000000000000000e+00 1.989762115478515625e+01
3.892423629760742188e+01 2.862052536010742188e+01 2.394887269474565983e-05 7.062874603271484375e+01 1.602483868598937988e+00 2.509907150268554688e+01 9.314782917499542236e-03 3.466330170631408691e-01 7.927141189575195312e+00 7.013873291015625000e+01 8.681988716125488281e+00
1.029222985380329192e-04 1.868281555175781250e+02 7.507003784179687500e+01 3.815458416938781738e-01 8.511913940310478210e-03 7.286103820800781250e+01 1.329133272171020508e+00 8.346280670166015625e+01 7.878173351287841797e+00 3.412783189560286701e-05 6.908276367187500000e+01
1.333781331777572632e-01 2.773610591888427734e+00 4.327919960021972656e+00 1.042723846435546875e+02 1.078216591849923134e-04 1.096134033203125000e+02 1.159685516357421875e+02 5.039154202677309513e-04 2.725695669651031494e-01 4.993521118164062500e+01 1.001493835449218750e+02
2.229225635528564453e+00 1.047609567642211914e+00 7.964347839355468750e+00 0.000000000000000000e+00 1.371420288085937500e+02 1.846903860569000244e-01 0.000000000000000000e+00 0.000000000000000000e+00 3.729105234146118164e+00 0.000000000000000000e+00 5.246500968933105469e+00
0.000000000000000000e+00 1.932255599967902526e-07 1.145583111792802811e-02 4.510066006332635880e-03 2.095687389373779297e-02 0.000000000000000000e+00 9.501204476691782475e-04 8.656533434987068176e-03 5.660236865878687240e-07 1.098969671875238419e-02 1.370222307741641998e-03
