0.000000000000000000e+00 0.000000000000000000e+00 0.000000000000000000e+00 0.000000000000000000e+00 0.000000000000000000e+00 0.000000000000000000e+00 0.000000000000000000e+00 0.000000000000000000e+00 1.575673813931643963e-03 0.000000000000000000e+00 0.000000000000000000e+00
1.352125499397516251e-02 0.000000000000000000e+00 1.226311142090708017e-04 0.000000000000000000e+00 4.838411230593919754e-03 0.000000000000000000e+00 0.000000000000000000e+00 0.000000000000000000e+00 1.216209027916193008e-02 0.000000000000000000e+00 9.473847458139061928e-04
1.312938285991549492e-03 0.000000000000000000e+00 0.000000000000000000e+00 1.124269794672727585e-03 0.000000000000000000e+00 3.915096167474985123e-03 6.203917437233030796e-04 0.000000000000000000e+00 0.000000000000000000e+00 1.397842075675725937e-02 1.767611480318009853e-03
2.723943209275603294e-03 0.000000000000000000e+00 0.000000000000000000e+00 4.811955150216817856e-03 1.657419139519333839e-03 6.286688614636659622e-03 0.000000000000000000e+00 3.092929488047957420e-03 0.000000000000000000e+00 0.000000000000000000e+00 0.000000000000000000e+00
2.701598859857767820e-04 5.560146528296172619e-04 6.148967077024281025e-04 5.121144931763410568e-04 0.000000000000000000e+00 5.308564286679029465e-04 4.205676668789237738e-04 3.098422312177717686e-04 3.559157194104045630e-04 5.052206106483936310e-04 1.178099890239536762e-03
0.000000000000000000e+00 0.000000000000000000e+00 0.000000000000000000e+00 0.000000000000000000e+00 0.000000000000000000e+00 4.588119685649871826e-03 0.000000000000000000e+00 0.000000000000000000e+00 0.000000000000000000e+00 0.000000000000000000e+00 0.000000000000000000e+00
2.078966499539092183e-04 2.662178594619035721e-03 0.000000000000000000e+00 6.632878910750150681e-03 0.000000000000000000e+00 5.582838784903287888e-03 2.629052149131894112e-03 4.972406197339296341e-03 5.611414089798927307e-03 7.504291832447052002e-03 1.491404511034488678e-02
0.000000000000000000e+00 1.985541079193353653e-03 8.289257064461708069e-03 0.000000000000000000e+00 2.911000512540340424e-03 2.033496275544166565e-03 0.000000000000000000e+00 0.000000000000000000e+00 9.810886345803737640e-03 4.380939062684774399e-03 5.195412086322903633e-05
5.449274089187383652e-03 8.466651663184165955e-03 6.087629124522209167e-03 0.000000000000000000e+00 0.000000000000000000e+00 0.000000000000000000e+00 5.112678278237581253e-03 0.000000000000000000e+00 7.207624614238739014e-03 4.681997001171112061e-03 0.000000000000000000e+00
8.897373452782630920e-03 7.701108232140541077e-03 1.360400766134262085e-02 0.000000000000000000e+00 4.449019953608512878e-02 0.000000000000000000e+00 0.000000000000000000e+00 0.000000000000000000e+00 1.228114415425807238e-04 0.000000000000000000e+00 1.072576269507408142e-02
0.000000000000000000e+00 0.000000000000000000e+00 3.147464667563326657e-06 0.000000000000000000e+00 2.106048123096115887e-05 0.000000000000000000e+00 7.272535640368005261e-07 0.000000000000000000e+00 0.000000000000000000e+00 0.000000000000000000e+00 0.000000000000000000e+00
