0.000000000000000000e+00 0.000000000000000000e+00 1.501989085227251053e-02 0.000000000000000000e+00 0.000000000000000000e+00 0.000000000000000000e+00 3.167652757838368416e-04 0.000000000000000000e+00 1.258844160474836826e-03 2.570302225649356842e-03 0.000000000000000000e+00
1.526221167296171188e-02 0.000000000000000000e+00 6.333985365927219391e-03 5.906634032726287842e-03 0.000000000000000000e+00 0.000000000000000000e+00 6.641142535954713821e-03 8.760953787714242935e-04 0.000000000000000000e+00 0.000000000000000000e+00 0.000000000000000000e+00
5.507774185389280319e-03 9.462822228670120239e-03 0.000000000000000000e+00 0.000000000000000000e+00 9.936028160154819489e-03 1.052488386631011963e-02 0.000000000000000000e+00 0.000000000000000000e+00 8.906224742531776428e-03 4.767354985233396292e-04 0.000000000000000000e+00
9.405623190104961395e-03 0.000000000000000000e+00 3.820276819169521332e-03 1.801317092031240463e-03 1.107321772724390030e-02 0.000000000000000000e+00 4.848227370530366898e-03 9.791726246476173401e-03 0.000000000000000000e+00 0.000000000000000000e+00 0.000000000000000000e+00
0.000000000000000000e+00 2.238902816316112876e-04 2.016173966694623232e-04 2.210570673923939466e-04 0.000000000000000000e+00 2.217934525106102228e-04 1.020502822939306498e-04 0.000000000000000000e+00 1.268083578906953335e-04 4.210500628687441349e-04 7.783255423419177532e-04
0.000000000000000000e+00 0.000000000000000000e+00 0.000000000000000000e+00 0.000000000000000000e+00 0.000000000000000000e+00 1.337945461273193359e-03 0.000000000000000000e+00 0.000000000000000000e+00 0.000000000000000000e+00 0.000000000000000000e+00 0.000000000000000000e+00
7.021754048764705658e-03 7.204947061836719513e-03 0.000000000000000000e+00 0.000000000000000000e+00 0.000000000000000000e+00 1.754998811520636082e-03 4.478745162487030029e-03 1.986902439966797829e-03 0.000000000000000000e+00 4.218976944684982300e-03 8.662020787596702576e-03
0.000000000000000000e+00 1.859582262113690376e-03 0.000000000000000000e+00 2.454186091199517250e-03 2.523412695154547691e-03 1.205632835626602173e-02 0.000000000000000000e+00 2.287682378664612770e-03 6.988476961851119995e-03 0.000000000000000000e+00 0.000000000000000000e+00
2.412596950307488441e-03 7.052712608128786087e-03 1.331880455836653709e-03 0.000000000000000000e+00 0.000000000000000000e+00 2.667613327503204346e-03 5.126636940985918045e-03 5.367357283830642700e-03 0.000000000000000000e+00 3.784193191677331924e-03 7.340713636949658394e-04
4.756664857268333435e-03 1.124019548296928406e-02 7.050853688269853592e-03 0.000000000000000000e+00 3.870262578129768372e-02 2.475492889061570168e-03 0.000000000000000000e+00 9.652760811150074005e-03 0.000000000000000000e+00 0.000000000000000000e+00 1.965765468776226044e-02
0.000000000000000000e+00 0.000000000000000000e+00 1.212689039675751701e-05 0.000000000000000000e+00 1.992822581087239087e-05 0.000000000000000000e+00 0.000000000000000000e+00 1.617710495338542387e-06 0.000000000000000000e+00 4.806619472219608724e-06 0.000000000000000000e+00
