6.067088127136230469e+00 6.014645385742187500e+01 5.279739379882812500e+01 7.709636688232421875e+00 7.865538448095321655e-02 0.000000000000000000e+00 6.666881561279296875e+01 7.300917053222656250e+01 5.871772766113281250e+01 5.222969818115234375e+01 7.278989315032958984e+00
4.787559765625000000e+04 0.000000000000000000e+00 2.216687500000000000e+04 8.983259277343750000e+02 4.183694921875000000e+04 6.523573242187500000e+03 4.073404541015625000e+03 3.035353710937500000e+04 3.237335742187500000e+04 8.203614503145217896e-03 4.323226562500000000e+04
8.407074809074401855e-01 1.545889377593994141e+01 4.198850250244140625e+01 2.236301953125000000e+04 1.980749511718750000e+01 4.428493652343750000e+02 1.897998437500000000e+04 2.478758811950683594e+01 4.495756030082702637e-01 5.978115234375000000e+04 2.404244840145111084e-01
1.078662988281250000e+04 1.567743530273437500e+02 1.081631054687500000e+04 1.339186718750000000e+04 1.110179931640625000e+03 6.069654785156250000e+03 6.911046386718750000e+03 1.287375976562500000e+03 1.121268164062500000e+04 1.914204101562500000e+02 2.735431081646311213e-08
2.396421623229980469e+01 6.895329284667968750e+01 3.504351043701171875e+01 4.334907531738281250e+01 0.000000000000000000e+00 3.766334152221679688e+01 4.538413238525390625e+01 2.829964447021484375e+01 3.021267509460449219e+01 4.850485992431640625e+01 1.344465942382812500e+02
0.000000000000000000e+00 0.000000000000000000e+00 0.000000000000000000e+00 0.000000000000000000e+00 0.000000000000000000e+00 6.826918106526136398e-04 0.000000000000000000e+00 0.000000000000000000e+00 0.000000000000000000e+00 0.000000000000000000e+00 5.170116424560546875e+01
7.282580566406250000e+03 8.026768798828125000e+02 3.756066435016691685e-04 1.176586718750000000e+04 6.015100552758667618e-06 9.436243164062500000e+03 8.501710205078125000e+02 1.074168945312500000e+03 2.126485156250000000e+04 6.131002929687500000e+03 1.778151123046875000e+03
0.000000000000000000e+00 9.289988281250000000e+04 1.402525312500000000e+05 1.748677444458007812e+01 1.144251796875000000e+05 5.351847656250000000e+04 1.045118896484375000e+03 8.423271875000000000e+04 6.180624609375000000e+04 8.867130468750000000e+04 1.230171630859375000e+03
0.000000000000000000e+00 1.424861132812500000e+04 4.238513183593750000e+02 5.142741699218750000e+02 4.185570776462554932e-02 4.700257812500000000e+04 1.043896408081054688e+02 1.095057812500000000e+04 1.558153438568115234e+01 5.700589179992675781e+00 1.151445117187500000e+04
0.000000000000000000e+00 0.000000000000000000e+00 0.000000000000000000e+00 0.000000000000000000e+00 1.864711608886718750e+02 0.000000000000000000e+00 0.000000000000000000e+00 0.000000000000000000e+00 0.000000000000000000e+00 0.000000000000000000e+00 0.000000000000000000e+00
0.000000000000000000e+00 8.268908597528934479e-03 4.179949164390563965e-01 3.335995133966207504e-04 7.057002186775207520e-01 0.000000000000000000e+00 1.892116516828536987e-01 1.473309099674224854e-01 0.000000000000000000e+00 2.808566689491271973e-01 0.000000000000000000e+00
