0.000000000000000000e+00 0.000000000000000000e+00 0.000000000000000000e+00 0.000000000000000000e+00 0.000000000000000000e+00 0.000000000000000000e+00 1.431084796786308289e-02 7.935032248497009277e-03 0.000000000000000000e+00 0.000000000000000000e+00 0.000000000000000000e+00
0.000000000000000000e+00 0.000000000000000000e+00 6.466272752732038498e-03 1.633600215427577496e-03 2.982248261105269194e-04 0.000000000000000000e+00 0.000000000000000000e+00 6.784871802665293217e-04 0.000000000000000000e+00 0.000000000000000000e+00 2.828249940648674965e-03
0.000000000000000000e+00 5.652848049066960812e-04 0.000000000000000000e+00 1.229969784617424011e-03 4.021344240754842758e-03 7.487571565434336662e-04 0.000000000000000000e+00 1.028713537380099297e-03 0.000000000000000000e+00 4.783897195011377335e-03 4.416651092469692230e-03
2.174655906856060028e-03 0.000000000000000000e+00 0.000000000000000000e+00 1.102973357774317265e-03 6.618382874876260757e-03 9.323928505182266235e-03 4.062114283442497253e-03 0.000000000000000000e+00 9.052651585079729557e-04 1.939509063959121704e-03 0.000000000000000000e+00
2.627423382364213467e-04 2.741919888649135828e-04 1.606193836778402328e-04 1.585837744642049074e-04 0.000000000000000000e+00 4.028105176985263824e-04 3.476340498309582472e-04 2.861926623154431581e-05 3.104382194578647614e-04 4.031641292385756969e-04 6.372826173901557922e-04
0.000000000000000000e+00 0.000000000000000000e+00 0.000000000000000000e+00 0.000000000000000000e+00 0.000000000000000000e+00 2.593569457530975342e-03 0.000000000000000000e+00 0.000000000000000000e+00 0.000000000000000000e+00 0.000000000000000000e+00 0.000000000000000000e+00
0.000000000000000000e+00 0.000000000000000000e+00 0.000000000000000000e+00 1.094728475436568260e-03 0.000000000000000000e+00 3.039919771254062653e-03 1.320361392572522163e-03 0.000000000000000000e+00 1.122772693634033203e-02 0.000000000000000000e+00 1.512912567704916000e-02
0.000000000000000000e+00 1.173987798392772675e-02 2.548413584008812904e-03 0.000000000000000000e+00 0.000000000000000000e+00 0.000000000000000000e+00 0.000000000000000000e+00 0.000000000000000000e+00 7.589340675622224808e-03 0.000000000000000000e+00 0.000000000000000000e+00
0.000000000000000000e+00 4.383273422718048096e-03 0.000000000000000000e+00 0.000000000000000000e+00 4.056115576531738043e-04 6.865365430712699890e-03 1.513138413429260254e-03 0.000000000000000000e+00 0.000000000000000000e+00 0.000000000000000000e+00 2.714136848226189613e-03
8.188194595277309418e-03 8.854687213897705078e-03 9.679730981588363647e-03 0.000000000000000000e+00 2.957570552825927734e-02 0.000000000000000000e+00 0.000000000000000000e+00 0.000000000000000000e+00 0.000000000000000000e+00 0.000000000000000000e+00 8.618110790848731995e-03
0.000000000000000000e+00 0.000000000000000000e+00 3.123339865851448849e-06 0.000000000000000000e+00 6.514388132927706465e-06 0.000000000000000000e+00 0.000000000000000000e+00 3.567954308891785331e-06 0.000000000000000000e+00 3.300248636151081882e-06 0.000000000000000000e+00
