0.000000000000000000e+00 0.000000000000000000e+00 5.331952590495347977e-03 0.000000000000000000e+00 0.000000000000000000e+00 0.000000000000000000e+00 0.000000000000000000e+00 4.948712419718503952e-03 3.536943346261978149e-03 0.000000000000000000e+00 0.000000000000000000e+00
1.602871716022491455e-02 0.000000000000000000e+00 1.158542465418577194e-02 3.773378906771540642e-03 1.260169316083192825e-03 0.000000000000000000e+00 2.773432759568095207e-03 6.722818361595273018e-04 0.000000000000000000e+00 0.000000000000000000e+00 0.000000000000000000e+00
0.000000000000000000e+00 5.762222688645124435e-03 0.000000000000000000e+00 7.710642181336879730e-03 3.620060626417398453e-03 5.053270142525434494e-03 0.000000000000000000e+00 0.000000000000000000e+00 6.505630910396575928e-03 1.429333351552486420e-02 0.000000000000000000e+00
5.756462458521127701e-03 0.000000000000000000e+00 0.000000000000000000e+00 0.000000000000000000e+00 1.044845767319202423e-02 0.000000000000000000e+00 0.000000000000000000e+00 2.117142453789710999e-02 1.149164861999452114e-03 0.000000000000000000e+00 0.000000000000000000e+00
0.000000000000000000e+00 3.929462400265038013e-05 1.014605586533434689e-04 4.152303154114633799e-05 0.000000000000000000e+00 0.000000000000000000e+00 0.000000000000000000e+00 0.000000000000000000e+00 0.000000000000000000e+00 2.299342449987307191e-04 5.514267832040786743e-04
0.000000000000000000e+00 0.000000000000000000e+00 0.000000000000000000e+00 0.000000000000000000e+00 0.000000000000000000e+00 2.405447885394096375e-03 0.000000000000000000e+00 0.000000000000000000e+00 0.000000000000000000e+00 0.000000000000000000e+00 0.000000000000000000e+00
6.161276716738939285e-03 9.144158102571964264e-03 0.000000000000000000e+00 0.000000000000000000e+00 0.000000000000000000e+00 7.226417073979973793e-04 9.651327127357944846e-05 8.450772613286972046e-03 5.640089511871337891e-03 1.010670140385627747e-02 9.786577895283699036e-03
0.000000000000000000e+00 1.031204708851873875e-03 0.000000000000000000e+00 1.029195729643106461e-03 0.000000000000000000e+00 0.000000000000000000e+00 0.000000000000000000e+00 0.000000000000000000e+00 9.196077473461627960e-03 0.000000000000000000e+00 0.000000000000000000e+00
0.000000000000000000e+00 1.014656666666269302e-02 5.476227961480617523e-04 1.194573356769979000e-03 0.000000000000000000e+00 0.000000000000000000e+00 1.027077902108430862e-02 0.000000000000000000e+00 4.803162068128585815e-03 5.357826594263315201e-03 6.126452237367630005e-03
7.110680919140577316e-03 1.606061239726841450e-03 1.489445380866527557e-02 0.000000000000000000e+00 3.811370581388473511e-02 0.000000000000000000e+00 4.252900369465351105e-03 0.000000000000000000e+00 8.849015459418296814e-03 0.000000000000000000e+00 3.311270615085959435e-03
0.000000000000000000e+00 0.000000000000000000e+00 1.200757287733722478e-05 3.485046590867568739e-06 2.429673259030096233e-05 0.000000000000000000e+00 7.621973509230883792e-06 6.984897481743246317e-06 3.140497938147746027e-06 9.375505214848089963e-06 0.000000000000000000e+00
