0.000000000000000000e+00 0.000000000000000000e+00 0.000000000000000000e+00 0.000000000000000000e+00 0.000000000000000000e+00 0.000000000000000000e+00 0.000000000000000000e+00 0.000000000000000000e+00 0.000000000000000000e+00 0.000000000000000000e+00 0.000000000000000000e+00
2.519967500120401382e-03 0.000000000000000000e+00 0.000000000000000000e+00 4.517259731073863804e-05 0.000000000000000000e+00 0.000000000000000000e+00 0.000000000000000000e+00 0.000000000000000000e+00 2.915690420195460320e-04 0.000000000000000000e+00 1.043509546434506774e-04
0.000000000000000000e+00 6.523233023472130299e-04 0.000000000000000000e+00 0.000000000000000000e+00 2.215735148638486862e-04 1.237868051975965500e-02 0.000000000000000000e+00 0.000000000000000000e+00 1.228603301569819450e-03 2.488423371687531471e-03 5.969982012175023556e-04
5.088080186396837234e-03 0.000000000000000000e+00 0.000000000000000000e+00 2.156967762857675552e-03 3.658151486888527870e-03 0.000000000000000000e+00 2.776258159428834915e-03 1.923262723721563816e-03 0.000000000000000000e+00 5.311177112162113190e-03 3.588768420740962029e-03
1.804635685402899981e-04 2.018762897932901978e-04 1.980031229322776198e-04 6.902557652210816741e-05 0.000000000000000000e+00 1.046980250976048410e-04 1.525342668173834682e-04 0.000000000000000000e+00 1.990390010178089142e-04 1.073806051863357425e-04 4.947439301759004593e-04
0.000000000000000000e+00 0.000000000000000000e+00 0.000000000000000000e+00 0.000000000000000000e+00 0.000000000000000000e+00 0.000000000000000000e+00 0.000000000000000000e+00 0.000000000000000000e+00 0.000000000000000000e+00 0.000000000000000000e+00 0.000000000000000000e+00
0.000000000000000000e+00 1.649631885811686516e-03 0.000000000000000000e+00 2.856704639270901680e-03 0.000000000000000000e+00 0.000000000000000000e+00 7.075570523738861084e-03 0.000000000000000000e+00 0.000000000000000000e+00 3.558569354936480522e-03 5.865878891199827194e-03
0.000000000000000000e+00 0.000000000000000000e+00 3.207461442798376083e-03 0.000000000000000000e+00 0.000000000000000000e+00 1.075771520845592022e-03 0.000000000000000000e+00 1.132915145717561245e-03 5.116700660437345505e-03 0.000000000000000000e+00 0.000000000000000000e+00
0.000000000000000000e+00 7.991869933903217316e-03 0.000000000000000000e+00 3.532090689986944199e-03 0.000000000000000000e+00 7.142480462789535522e-04 0.000000000000000000e+00 0.000000000000000000e+00 0.000000000000000000e+00 4.216509871184825897e-03 2.612950745970010757e-03
1.159370504319667816e-02 4.748535342514514923e-03 8.509671315550804138e-03 0.000000000000000000e+00 2.686690911650657654e-02 0.000000000000000000e+00 0.000000000000000000e+00 5.902499891817569733e-03 0.000000000000000000e+00 0.000000000000000000e+00 6.724858656525611877e-03
0.000000000000000000e+00 0.000000000000000000e+00 2.795346745187998749e-06 0.000000000000000000e+00 4.848777280130889267e-06 0.000000000000000000e+00 4.387829619645344792e-07 1.391211839063544176e-07 5.196677079766232055e-07 2.782011733870604075e-06 0.000000000000000000e+00
