0.000000000000000000e+00 0.000000000000000000e+00 0.000000000000000000e+00 0.000000000000000000e+00 0.000000000000000000e+00 0.000000000000000000e+00 2.964025130495429039e-03 3.258452750742435455e-03 0.000000000000000000e+00 7.787630893290042877e-04 0.000000000000000000e+00
3.850791370496153831e-03 0.000000000000000000e+00 0.000000000000000000e+00 0.000000000000000000e+00 2.628212329000234604e-03 1.781317521817982197e-03 0.000000000000000000e+00 0.000000000000000000e+00 4.941542167216539383e-03 0.000000000000000000e+00 0.000000000000000000e+00
0.000000000000000000e+00 0.000000000000000000e+00 0.000000000000000000e+00 0.000000000000000000e+00 0.000000000000000000e+00 4.561703652143478394e-03 4.374826792627573013e-03 0.000000000000000000e+00 0.000000000000000000e+00 2.517476212233304977e-03 2.310492098331451416e-03
7.096362300217151642e-03 0.000000000000000000e+00 0.000000000000000000e+00 3.997371997684240341e-03 3.300485201179981232e-03 4.447682760655879974e-03 3.932815045118331909e-03 9.156986139714717865e-03 2.752968575805425644e-03 0.000000000000000000e+00 1.094807288609445095e-03
0.000000000000000000e+00 5.821817103424109519e-05 2.166549384128302336e-04 3.373745712451636791e-04 0.000000000000000000e+00 8.449848246527835727e-05 2.263538772240281105e-04 7.391508552245795727e-05 8.213338151108473539e-05 2.078106335829943419e-04 6.241453229449689388e-04
0.000000000000000000e+00 0.000000000000000000e+00 0.000000000000000000e+00 0.000000000000000000e+00 0.000000000000000000e+00 0.000000000000000000e+00 0.000000000000000000e+00 0.000000000000000000e+00 0.000000000000000000e+00 0.000000000000000000e+00 0.000000000000000000e+00
0.000000000000000000e+00 0.000000000000000000e+00 0.000000000000000000e+00 5.534808151423931122e-03 0.000000000000000000e+00 1.540338853374123573e-03 0.000000000000000000e+00 1.070686709135770798e-02 2.648917026817798615e-03 9.623575024306774139e-03 1.173338107764720917e-02
0.000000000000000000e+00 3.200430190190672874e-03 0.000000000000000000e+00 0.000000000000000000e+00 0.000000000000000000e+00 0.000000000000000000e+00 0.000000000000000000e+00 0.000000000000000000e+00 6.378268357366323471e-03 0.000000000000000000e+00 5.811634939163923264e-03
0.000000000000000000e+00 2.332375152036547661e-03 0.000000000000000000e+00 0.000000000000000000e+00 0.000000000000000000e+00 3.675067797303199768e-03 1.757288002409040928e-03 0.000000000000000000e+00 7.454196922481060028e-03 0.000000000000000000e+00 7.731682620942592621e-03
1.063066348433494568e-02 0.000000000000000000e+00 1.417052280157804489e-02 0.000000000000000000e+00 3.407090157270431519e-02 0.000000000000000000e+00 0.000000000000000000e+00 0.000000000000000000e+00 4.947738721966743469e-03 0.000000000000000000e+00 1.290332432836294174e-02
0.000000000000000000e+00 0.000000000000000000e+00 2.351451712456764653e-06 3.740141778507677373e-07 7.107244073267793283e-06 0.000000000000000000e+00 3.272269395893090405e-06 4.060262597249675309e-07 0.000000000000000000e+00 6.091718205425422639e-07 0.000000000000000000e+00
