0.000000000000000000e+00 1.293945871293544769e-02 2.264831447973847389e-03 0.000000000000000000e+00 0.000000000000000000e+00 0.000000000000000000e+00 6.651944015175104141e-03 6.583321373909711838e-04 1.194766839034855366e-03 0.000000000000000000e+00 0.000000000000000000e+00
7.009425666183233261e-03 0.000000000000000000e+00 1.152456551790237427e-02 0.000000000000000000e+00 0.000000000000000000e+00 0.000000000000000000e+00 7.496841717511415482e-03 8.486575097776949406e-05 2.100080018863081932e-03 0.000000000000000000e+00 0.000000000000000000e+00
0.000000000000000000e+00 1.197753101587295532e-02 4.258185625076293945e-03 9.888857603073120117e-03 0.000000000000000000e+00 1.516044139862060547e-02 4.725714214146137238e-03 0.000000000000000000e+00 0.000000000000000000e+00 3.534655319526791573e-03 0.000000000000000000e+00
1.006409898400306702e-02 0.000000000000000000e+00 3.678401000797748566e-03 0.000000000000000000e+00 0.000000000000000000e+00 1.179714780300855637e-02 0.000000000000000000e+00 1.149889454245567322e-02 9.577552787959575653e-03 4.199789837002754211e-03 0.000000000000000000e+00
2.088457404170185328e-04 2.992482914123684168e-04 1.610124600119888783e-04 2.592308737803250551e-04 0.000000000000000000e+00 1.132403340307064354e-04 2.342677616979926825e-04 1.604283752385526896e-04 1.828411041060462594e-04 2.914011711254715919e-04 5.134624661877751350e-04
0.000000000000000000e+00 0.000000000000000000e+00 0.000000000000000000e+00 0.000000000000000000e+00 0.000000000000000000e+00 0.000000000000000000e+00 0.000000000000000000e+00 0.000000000000000000e+00 0.000000000000000000e+00 0.000000000000000000e+00 4.039451014250516891e-03
6.849597208201885223e-03 0.000000000000000000e+00 0.000000000000000000e+00 0.000000000000000000e+00 0.000000000000000000e+00 6.380702368915081024e-03 0.000000000000000000e+00 0.000000000000000000e+00 2.876383485272526741e-03 0.000000000000000000e+00 1.006343681365251541e-02
0.000000000000000000e+00 5.102593917399644852e-03 6.800509989261627197e-03 0.000000000000000000e+00 9.030271321535110474e-04 0.000000000000000000e+00 0.000000000000000000e+00 0.000000000000000000e+00 0.000000000000000000e+00 0.000000000000000000e+00 3.792915085796266794e-04
0.000000000000000000e+00 0.000000000000000000e+00 5.692014005035161972e-03 0.000000000000000000e+00 0.000000000000000000e+00 3.413873258978128433e-03 9.821802377700805664e-03 9.602314094081521034e-04 5.457501392811536789e-03 0.000000000000000000e+00 2.632511081174015999e-03
5.774783436208963394e-03 6.923681939952075481e-04 1.301595009863376617e-02 0.000000000000000000e+00 4.343128576874732971e-02 5.705961026251316071e-03 1.102705579251050949e-02 0.000000000000000000e+00 0.000000000000000000e+00 1.093904837034642696e-03 1.120702922344207764e-02
0.000000000000000000e+00 0.000000000000000000e+00 1.815704194996214937e-06 9.243262866220902652e-07 5.658522695739520714e-06 0.000000000000000000e+00 0.000000000000000000e+00 4.315883415983989835e-06 0.000000000000000000e+00 9.821517323871375993e-07 0.000000000000000000e+00
