0.000000000000000000e+00 1.402345001697540283e-01 3.918796937796287239e-05 0.000000000000000000e+00 0.000000000000000000e+00 0.000000000000000000e+00 2.597963064908981323e-02 2.611530423164367676e-01 5.962927360087633133e-03 1.072152331471443176e-01 0.000000000000000000e+00
8.046551607549190521e-03 0.000000000000000000e+00 4.654387757182121277e-02 5.363930761814117432e-02 0.000000000000000000e+00 1.030159890651702881e-01 2.097712364047765732e-03 9.314525127410888672e-02 7.617655396461486816e-02 0.000000000000000000e+00 2.843120368197560310e-03
5.065512657165527344e-02 6.902385503053665161e-03 7.053512334823608398e-02 1.746703870594501495e-03 5.045858677476644516e-03 9.616694599390029907e-02 1.358286361210048199e-03 0.000000000000000000e+00 8.069232106208801270e-03 1.212220266461372375e-01 1.255773659795522690e-02
4.665927588939666748e-02 7.513736933469772339e-02 4.993209242820739746e-02 1.211179569363594055e-01 9.392966330051422119e-02 1.639626175165176392e-02 8.427092432975769043e-02 4.715004935860633850e-02 1.575375907123088837e-02 1.036393083631992340e-02 9.698747098445892334e-02
4.101206432096660137e-04 5.322770448401570320e-04 8.638133876956999302e-04 3.955450956709682941e-04 0.000000000000000000e+00 1.606059377081692219e-04 1.159169769380241632e-04 2.203109324909746647e-04 6.652175798080861568e-04 1.042408403009176254e-03 2.732054563239216805e-03
0.000000000000000000e+00 0.000000000000000000e+00 0.000000000000000000e+00 0.000000000000000000e+00 0.000000000000000000e+00 2.047907619271427393e-04 0.000000000000000000e+00 0.000000000000000000e+00 0.000000000000000000e+00 0.000000000000000000e+00 1.190722116461984115e-07
1.827639788389205933e-01 8.474859409034252167e-03 1.375652253627777100e-01 3.479435667395591736e-02 0.000000000000000000e+00 2.613690793514251709e-01 2.838270962238311768e-01 1.367163956165313721e-01 3.067269027233123779e-01 2.889586091041564941e-01 2.983430027961730957e-01
0.000000000000000000e+00 1.317072063684463501e-01 0.000000000000000000e+00 0.000000000000000000e+00 1.046276986598968506e-01 9.750042110681533813e-02 0.000000000000000000e+00 6.074734777212142944e-02 3.108136355876922607e-01 3.204381559044122696e-03 3.666005330160260201e-03
0.000000000000000000e+00 1.360851824283599854e-01 0.000000000000000000e+00 6.658594310283660889e-02 0.000000000000000000e+00 1.203789263963699341e-01 1.856710463762283325e-01 4.700305685400962830e-02 3.556478070095181465e-03 1.404734211973845959e-03 0.000000000000000000e+00
5.192480981349945068e-03 6.533078849315643311e-03 1.841248199343681335e-02 0.000000000000000000e+00 1.985836178064346313e-01 5.655313376337289810e-03 0.000000000000000000e+00 0.000000000000000000e+00 4.599231295287609100e-03 1.091246213763952255e-02 4.990648478269577026e-02
0.000000000000000000e+00 1.278642969282373087e-07 1.860097108874469995e-05 1.457986400055233389e-06 4.622060077963396907e-05 0.000000000000000000e+00 3.563685879726108396e-07 1.426358539902139455e-05 0.000000000000000000e+00 1.269479253096506000e-05 0.000000000000000000e+00
