0.000000000000000000e+00 0.000000000000000000e+00 0.000000000000000000e+00 0.000000000000000000e+00 0.000000000000000000e+00 0.000000000000000000e+00 0.000000000000000000e+00 1.694739214144647121e-03 0.000000000000000000e+00 0.000000000000000000e+00 0.000000000000000000e+00
8.041030727326869965e-03 0.000000000000000000e+00 0.000000000000000000e+00 6.485739722847938538e-04 0.000000000000000000e+00 0.000000000000000000e+00 0.000000000000000000e+00 1.123420195654034615e-03 2.169373037759214640e-04 1.494643744081258774e-03 0.000000000000000000e+00
0.000000000000000000e+00 1.049235113896429539e-03 3.318971255794167519e-03 1.594350091181695461e-03 0.000000000000000000e+00 0.000000000000000000e+00 2.864161506295204163e-03 0.000000000000000000e+00 0.000000000000000000e+00 8.073495700955390930e-03 0.000000000000000000e+00
4.869798664003610611e-03 0.000000000000000000e+00 0.000000000000000000e+00 3.265526611357927322e-03 0.000000000000000000e+00 1.128237578086555004e-03 4.684950690716505051e-03 0.000000000000000000e+00 4.900134634226560593e-03 0.000000000000000000e+00 3.172997618094086647e-03
1.007980608846992254e-05 6.824635056545957923e-05 1.298618590226396918e-04 3.050016857741866261e-05 0.000000000000000000e+00 4.790303501067683101e-05 8.355863246833905578e-05 0.000000000000000000e+00 0.000000000000000000e+00 6.602163921343162656e-05 3.299720701761543751e-04
0.000000000000000000e+00 0.000000000000000000e+00 0.000000000000000000e+00 0.000000000000000000e+00 0.000000000000000000e+00 0.000000000000000000e+00 0.000000000000000000e+00 0.000000000000000000e+00 0.000000000000000000e+00 0.000000000000000000e+00 0.000000000000000000e+00
3.599661402404308319e-03 0.000000000000000000e+00 0.000000000000000000e+00 4.125885199755430222e-03 0.000000000000000000e+00 2.977628726512193680e-03 0.000000000000000000e+00 4.288337193429470062e-03 8.267292752861976624e-03 3.138754982501268387e-03 7.193603087216615677e-03
0.000000000000000000e+00 7.328402716666460037e-03 6.814864929765462875e-03 0.000000000000000000e+00 0.000000000000000000e+00 0.000000000000000000e+00 0.000000000000000000e+00 5.753295845352113247e-04 1.555087859742343426e-03 0.000000000000000000e+00 0.000000000000000000e+00
0.000000000000000000e+00 3.311888314783573151e-03 3.259819350205361843e-04 8.317978936247527599e-04 0.000000000000000000e+00 4.017363302409648895e-03 0.000000000000000000e+00 0.000000000000000000e+00 0.000000000000000000e+00 8.921002881834283471e-05 6.360610015690326691e-03
7.137367036193609238e-03 0.000000000000000000e+00 8.788912557065486908e-03 0.000000000000000000e+00 3.756818175315856934e-02 0.000000000000000000e+00 0.000000000000000000e+00 0.000000000000000000e+00 2.563377143815159798e-03 0.000000000000000000e+00 5.149594042450189590e-03
0.000000000000000000e+00 0.000000000000000000e+00 1.649545765758375637e-06 0.000000000000000000e+00 6.486705842689843848e-06 0.000000000000000000e+00 4.490501339660113445e-07 3.686947280812091776e-08 0.000000000000000000e+00 1.624413471290608868e-06 0.000000000000000000e+00
