0.000000000000000000e+00 0.000000000000000000e+00 6.897620391100645065e-03 0.000000000000000000e+00 0.000000000000000000e+00 0.000000000000000000e+00 3.149310825392603874e-03 1.982776448130607605e-03 4.052059259265661240e-03 0.000000000000000000e+00 0.000000000000000000e+00
1.744654960930347443e-02 0.000000000000000000e+00 8.537118323147296906e-03 0.000000000000000000e+00 2.846155082806944847e-03 0.000000000000000000e+00 5.611452274024486542e-03 0.000000000000000000e+00 0.000000000000000000e+00 0.000000000000000000e+00 0.000000000000000000e+00
2.723081503063440323e-03 3.906509373337030411e-03 0.000000000000000000e+00 0.000000000000000000e+00 1.417899783700704575e-02 1.119253505021333694e-02 6.463209632784128189e-03 0.000000000000000000e+00 7.518209517002105713e-03 2.461951225996017456e-03 3.810276044532656670e-03
3.241594135761260986e-02 0.000000000000000000e+00 6.097605451941490173e-03 0.000000000000000000e+00 3.401869209483265877e-03 0.000000000000000000e+00 0.000000000000000000e+00 1.651753485202789307e-02 2.297563478350639343e-03 3.605655627325177193e-03 0.000000000000000000e+00
2.094080628012306988e-05 9.217355545843020082e-05 4.286096082068979740e-04 1.714037061901763082e-04 0.000000000000000000e+00 1.415814331267029047e-04 1.973539765458554029e-04 2.632394025567919016e-04 2.537952677812427282e-04 4.355749697424471378e-04 9.647100814618170261e-04
0.000000000000000000e+00 0.000000000000000000e+00 0.000000000000000000e+00 0.000000000000000000e+00 0.000000000000000000e+00 9.120926260948181152e-04 0.000000000000000000e+00 0.000000000000000000e+00 0.000000000000000000e+00 0.000000000000000000e+00 0.000000000000000000e+00
4.557904321700334549e-03 1.212683878839015961e-02 0.000000000000000000e+00 2.467312384396791458e-03 0.000000000000000000e+00 8.690984686836600304e-04 0.000000000000000000e+00 1.151331700384616852e-02 0.000000000000000000e+00 8.099673315882682800e-03 5.980819114483892918e-04
0.000000000000000000e+00 0.000000000000000000e+00 0.000000000000000000e+00 0.000000000000000000e+00 4.035617224872112274e-03 0.000000000000000000e+00 0.000000000000000000e+00 0.000000000000000000e+00 1.249393820762634277e-02 0.000000000000000000e+00 0.000000000000000000e+00
0.000000000000000000e+00 1.114415377378463745e-02 5.768896546214818954e-03 0.000000000000000000e+00 0.000000000000000000e+00 0.000000000000000000e+00 8.557421155273914337e-03 0.000000000000000000e+00 0.000000000000000000e+00 2.240585628896951675e-03 6.742529571056365967e-03
1.844933256506919861e-02 1.140584144741296768e-02 2.612079121172428131e-02 0.000000000000000000e+00 5.531200766563415527e-02 0.000000000000000000e+00 0.000000000000000000e+00 0.000000000000000000e+00 9.722297079861164093e-03 0.000000000000000000e+00 1.055867876857519150e-02
0.000000000000000000e+00 6.270479957493080292e-07 3.392555072423419915e-06 1.823014372348552570e-06 1.050843093253206462e-05 0.000000000000000000e+00 2.062597104668384418e-06 3.457038701526471414e-06 9.696723282104358077e-07 4.505676770349964499e-06 0.000000000000000000e+00
