0.000000000000000000e+00 1.779377809725701809e-03 2.289257710799574852e-03 0.000000000000000000e+00 0.000000000000000000e+00 0.000000000000000000e+00 6.953114643692970276e-03 0.000000000000000000e+00 7.376297842711210251e-03 0.000000000000000000e+00 0.000000000000000000e+00
6.853219121694564819e-03 0.000000000000000000e+00 7.859484292566776276e-03 4.355117678642272949e-03 1.516620279289782047e-03 0.000000000000000000e+00 2.458122035022825003e-04 0.000000000000000000e+00 0.000000000000000000e+00 0.000000000000000000e+00 3.696605097502470016e-03
4.151490429649129510e-05 1.189883239567279816e-02 0.000000000000000000e+00 1.180637278594076633e-03 0.000000000000000000e+00 9.607350453734397888e-03 3.525857813656330109e-03 0.000000000000000000e+00 5.820997990667819977e-03 6.868454162031412125e-03 0.000000000000000000e+00
4.981830250471830368e-03 1.671963604167103767e-03 0.000000000000000000e+00 0.000000000000000000e+00 3.609690349549055099e-03 7.576760835945606232e-03 0.000000000000000000e+00 1.607809960842132568e-02 1.456289668567478657e-03 7.066114339977502823e-04 0.000000000000000000e+00
1.004952064249664545e-04 2.094373194267973304e-04 2.150292420992627740e-04 2.223577466793358326e-04 0.000000000000000000e+00 1.789461821317672729e-04 1.604147255420684814e-04 1.632376079214736819e-04 1.453175500500947237e-04 2.785937977023422718e-04 6.160068442113697529e-04
0.000000000000000000e+00 0.000000000000000000e+00 0.000000000000000000e+00 0.000000000000000000e+00 0.000000000000000000e+00 5.869859829545021057e-03 0.000000000000000000e+00 0.000000000000000000e+00 0.000000000000000000e+00 0.000000000000000000e+00 0.000000000000000000e+00
3.834408009424805641e-03 3.882237477228045464e-03 0.000000000000000000e+00 5.630738451145589352e-04 0.000000000000000000e+00 0.000000000000000000e+00 1.418369170278310776e-02 2.733982983045279980e-04 4.634790122509002686e-03 4.797974834218621254e-04 2.350626280531287193e-03
0.000000000000000000e+00 8.873675833456218243e-04 3.994086582679301500e-04 0.000000000000000000e+00 6.705762352794408798e-04 0.000000000000000000e+00 0.000000000000000000e+00 0.000000000000000000e+00 6.259897258132696152e-03 7.140217348933219910e-04 0.000000000000000000e+00
0.000000000000000000e+00 0.000000000000000000e+00 3.281908109784126282e-03 1.750551513396203518e-03 3.184582106769084930e-03 0.000000000000000000e+00 0.000000000000000000e+00 2.583056222647428513e-03 0.000000000000000000e+00 0.000000000000000000e+00 1.151151605881750584e-03
1.189308823086321354e-03 1.675766427069902420e-03 1.202223729342222214e-02 0.000000000000000000e+00 3.644216805696487427e-02 1.035041059367358685e-03 0.000000000000000000e+00 0.000000000000000000e+00 1.051239948719739914e-02 0.000000000000000000e+00 8.432597853243350983e-03
0.000000000000000000e+00 0.000000000000000000e+00 8.870650162862148136e-06 3.348480959175503813e-06 1.286077531403861940e-05 0.000000000000000000e+00 4.450409960554679856e-06 3.458910214249044657e-06 1.401630697728251107e-06 7.858321623643860221e-06 0.000000000000000000e+00
