0.000000000000000000e+00 0.000000000000000000e+00 4.599475767463445663e-03 0.000000000000000000e+00 0.000000000000000000e+00 0.000000000000000000e+00 0.000000000000000000e+00 2.148653380572795868e-03 5.244792904704809189e-03 0.000000000000000000e+00 0.000000000000000000e+00
1.493140682578086853e-02 0.000000000000000000e+00 1.265186630189418793e-02 5.135217215865850449e-03 0.000000000000000000e+00 0.000000000000000000e+00 1.136627607047557831e-02 0.000000000000000000e+00 2.749483683146536350e-04 0.000000000000000000e+00 0.000000000000000000e+00
2.365925814956426620e-03 8.199123665690422058e-03 0.000000000000000000e+00 3.367768600583076477e-03 2.485973294824361801e-03 3.900028765201568604e-03 0.000000000000000000e+00 0.000000000000000000e+00 9.864769876003265381e-03 1.010968722403049469e-02 1.638383790850639343e-02
7.765374612063169479e-03 0.000000000000000000e+00 0.000000000000000000e+00 2.239122259197756648e-04 6.263215560466051102e-03 0.000000000000000000e+00 0.000000000000000000e+00 2.019451558589935303e-02 3.995039500296115875e-03 0.000000000000000000e+00 0.000000000000000000e+00
0.000000000000000000e+00 1.352423569187521935e-04 2.195940614910796285e-04 2.243182680103927851e-04 0.000000000000000000e+00 1.383324997732415795e-04 1.722714951029047370e-04 8.347047696588560939e-05 1.714277750579640269e-04 3.932078252546489239e-04 6.515563582070171833e-04
0.000000000000000000e+00 0.000000000000000000e+00 0.000000000000000000e+00 0.000000000000000000e+00 0.000000000000000000e+00 3.704093396663665771e-04 0.000000000000000000e+00 0.000000000000000000e+00 0.000000000000000000e+00 0.000000000000000000e+00 0.000000000000000000e+00
1.345457788556814194e-02 3.423269372433423996e-03 0.000000000000000000e+00 0.000000000000000000e+00 3.544553648680448532e-03 5.487222690135240555e-03 0.000000000000000000e+00 6.167392712086439133e-03 1.077283453196287155e-02 1.112783094868063927e-03 2.903397893533110619e-03
0.000000000000000000e+00 3.265315899625420570e-03 0.000000000000000000e+00 2.688181353732943535e-03 6.271282676607370377e-03 0.000000000000000000e+00 3.002651501446962357e-03 3.813411341980099678e-03 5.069272592663764954e-03 0.000000000000000000e+00 3.340340452268719673e-03
2.761433599516749382e-03 0.000000000000000000e+00 1.382860075682401657e-02 0.000000000000000000e+00 1.921717543154954910e-03 0.000000000000000000e+00 4.992204718291759491e-03 4.491446074098348618e-03 0.000000000000000000e+00 1.020043971948325634e-03 5.886433180421590805e-03
1.468035485595464706e-02 1.807964406907558441e-02 1.078092306852340698e-02 0.000000000000000000e+00 3.333652392029762268e-02 2.625367138534784317e-03 1.690458157099783421e-03 0.000000000000000000e+00 1.753240358084440231e-04 0.000000000000000000e+00 3.254210576415061951e-03
0.000000000000000000e+00 0.000000000000000000e+00 9.885805411613546312e-06 5.205349680181825534e-06 1.522305592516204342e-05 0.000000000000000000e+00 2.791600081764045171e-06 5.452695404528640211e-06 0.000000000000000000e+00 5.649608738167444244e-06 0.000000000000000000e+00
