0.000000000000000000e+00 3.732630517333745956e-03 5.803114268928766251e-03 0.000000000000000000e+00 0.000000000000000000e+00 0.000000000000000000e+00 1.698576495982706547e-03 0.000000000000000000e+00 0.000000000000000000e+00 1.733753713779151440e-03 0.000000000000000000e+00
6.553986575454473495e-03 0.000000000000000000e+00 0.000000000000000000e+00 0.000000000000000000e+00 2.915743272751569748e-03 0.000000000000000000e+00 7.283384911715984344e-03 0.000000000000000000e+00 0.000000000000000000e+00 0.000000000000000000e+00 0.000000000000000000e+00
0.000000000000000000e+00 7.934557506814599037e-04 0.000000000000000000e+00 6.525929551571607590e-03 2.593072364106774330e-03 0.000000000000000000e+00 5.073859822005033493e-03 0.000000000000000000e+00 0.000000000000000000e+00 2.441949676722288132e-03 0.000000000000000000e+00
1.068644225597381592e-02 6.421918980777263641e-03 8.963790722191333771e-03 0.000000000000000000e+00 4.076581099070608616e-04 1.561935408972203732e-03 2.013840479776263237e-03 8.470034226775169373e-03 3.782334737479686737e-03 4.982023965567350388e-03 0.000000000000000000e+00
1.806587715691421181e-05 3.445241891313344240e-04 4.831298720091581345e-04 3.406853938940912485e-04 0.000000000000000000e+00 5.650684470310807228e-04 2.695086586754769087e-04 3.429168718867003918e-04 5.473461351357400417e-04 8.832495077513158321e-04 1.187178073450922966e-03
0.000000000000000000e+00 0.000000000000000000e+00 0.000000000000000000e+00 0.000000000000000000e+00 0.000000000000000000e+00 0.000000000000000000e+00 0.000000000000000000e+00 0.000000000000000000e+00 0.000000000000000000e+00 0.000000000000000000e+00 0.000000000000000000e+00
6.013995967805385590e-03 1.082659419625997543e-02 0.000000000000000000e+00 6.732848705723881721e-04 0.000000000000000000e+00 2.884898101910948753e-03 0.000000000000000000e+00 1.292554894462227821e-03 4.779490176588296890e-03 4.677914548665285110e-03 3.817569930106401443e-03
0.000000000000000000e+00 2.250046003609895706e-03 0.000000000000000000e+00 2.021000953391194344e-03 7.159159868024289608e-04 7.645942270755767822e-03 0.000000000000000000e+00 0.000000000000000000e+00 3.340287366881966591e-03 0.000000000000000000e+00 0.000000000000000000e+00
1.052560657262802124e-02 1.949586789123713970e-03 2.862557303160429001e-03 0.000000000000000000e+00 0.000000000000000000e+00 3.821775317192077637e-03 1.371228415518999100e-02 3.174291457980871201e-03 0.000000000000000000e+00 1.351202256046235561e-03 0.000000000000000000e+00
8.169103413820266724e-03 4.359384998679161072e-03 1.154070347547531128e-02 0.000000000000000000e+00 3.005160763859748840e-02 0.000000000000000000e+00 0.000000000000000000e+00 1.206600922159850597e-03 6.584526970982551575e-03 5.868888460099697113e-03 1.582992635667324066e-02
0.000000000000000000e+00 0.000000000000000000e+00 7.601154720759950578e-06 2.444970050419215113e-06 1.596143920323811471e-05 0.000000000000000000e+00 0.000000000000000000e+00 1.879694536910392344e-05 0.000000000000000000e+00 0.000000000000000000e+00 0.000000000000000000e+00
