0.000000000000000000e+00 4.490375984460115433e-03 5.116272252053022385e-03 0.000000000000000000e+00 0.000000000000000000e+00 0.000000000000000000e+00 1.089724339544773102e-02 9.487856179475784302e-03 7.413298008032143116e-04 0.000000000000000000e+00 0.000000000000000000e+00
1.998166320845484734e-03 0.000000000000000000e+00 3.814552444964647293e-03 0.000000000000000000e+00 0.000000000000000000e+00 1.718028797768056393e-03 6.497431546449661255e-03 0.000000000000000000e+00 0.000000000000000000e+00 0.000000000000000000e+00 0.000000000000000000e+00
0.000000000000000000e+00 1.196831185370683670e-02 4.497012123465538025e-03 9.005106403492391109e-04 0.000000000000000000e+00 1.669672690331935883e-02 0.000000000000000000e+00 2.632458927109837532e-04 0.000000000000000000e+00 5.298674106597900391e-03 8.243990596383810043e-04
6.168866064399480820e-03 0.000000000000000000e+00 0.000000000000000000e+00 0.000000000000000000e+00 5.242567509412765503e-03 0.000000000000000000e+00 0.000000000000000000e+00 1.227385085076093674e-02 6.889793090522289276e-03 0.000000000000000000e+00 0.000000000000000000e+00
1.228322362294420600e-04 3.222675295546650887e-04 1.568202715134248137e-04 4.153985937591642141e-04 0.000000000000000000e+00 2.047723974101245403e-04 4.285851318854838610e-04 7.732979429420083761e-05 2.668003726284950972e-04 5.295023438520729542e-04 6.573254358954727650e-04
0.000000000000000000e+00 0.000000000000000000e+00 0.000000000000000000e+00 0.000000000000000000e+00 0.000000000000000000e+00 0.000000000000000000e+00 0.000000000000000000e+00 0.000000000000000000e+00 0.000000000000000000e+00 0.000000000000000000e+00 2.439533825963735580e-03
6.637158803641796112e-03 0.000000000000000000e+00 0.000000000000000000e+00 0.000000000000000000e+00 2.507094992324709892e-03 0.000000000000000000e+00 7.185603026300668716e-03 8.104199543595314026e-03 1.095640100538730621e-02 4.644335131160914898e-04 1.247749477624893188e-02
0.000000000000000000e+00 8.109970018267631531e-03 0.000000000000000000e+00 0.000000000000000000e+00 8.765647187829017639e-03 7.755387341603636742e-04 0.000000000000000000e+00 0.000000000000000000e+00 0.000000000000000000e+00 0.000000000000000000e+00 4.232835955917835236e-03
0.000000000000000000e+00 5.890183616429567337e-03 4.603555891662836075e-03 0.000000000000000000e+00 0.000000000000000000e+00 1.286522718146443367e-03 1.425159745849668980e-03 1.049742219038307667e-03 3.808804904110729694e-04 0.000000000000000000e+00 0.000000000000000000e+00
5.813772790133953094e-03 1.141252275556325912e-02 1.686558686196804047e-02 0.000000000000000000e+00 3.973599150776863098e-02 0.000000000000000000e+00 1.693221507593989372e-03 0.000000000000000000e+00 0.000000000000000000e+00 0.000000000000000000e+00 1.750838384032249451e-02
0.000000000000000000e+00 0.000000000000000000e+00 4.421903668117010966e-06 1.134913986788887996e-06 6.937822945474181324e-06 0.000000000000000000e+00 0.000000000000000000e+00 1.918482439577928744e-06 0.000000000000000000e+00 5.721135494241025299e-07 0.000000000000000000e+00
