0.000000000000000000e+00 0.000000000000000000e+00 3.512416034936904907e-03 0.000000000000000000e+00 0.000000000000000000e+00 0.000000000000000000e+00 5.979489535093307495e-03 2.282212022691965103e-03 2.694961614906787872e-03 0.000000000000000000e+00 0.000000000000000000e+00
0.000000000000000000e+00 0.000000000000000000e+00 6.176895461976528168e-03 5.947695579379796982e-03 0.000000000000000000e+00 0.000000000000000000e+00 3.381449962034821510e-03 0.000000000000000000e+00 0.000000000000000000e+00 0.000000000000000000e+00 0.000000000000000000e+00
0.000000000000000000e+00 3.627099329605698586e-03 2.740056253969669342e-03 1.853056717664003372e-03 0.000000000000000000e+00 4.278263077139854431e-03 0.000000000000000000e+00 0.000000000000000000e+00 0.000000000000000000e+00 2.615903038531541824e-03 0.000000000000000000e+00
5.990410689264535904e-03 0.000000000000000000e+00 0.000000000000000000e+00 0.000000000000000000e+00 2.689417218789458275e-03 0.000000000000000000e+00 3.747339127585291862e-03 5.360278300940990448e-03 3.110861405730247498e-03 4.624557215720415115e-03 0.000000000000000000e+00
1.149996314779855311e-04 2.837260544765740633e-04 1.113875187002122402e-04 2.257833257317543030e-04 0.000000000000000000e+00 1.755884295562282205e-04 1.105194533010944724e-04 2.360472572036087513e-04 3.480688610579818487e-04 2.535576350055634975e-04 7.449119002558290958e-04
0.000000000000000000e+00 0.000000000000000000e+00 2.985388739034533501e-03 3.839933313429355621e-03 0.000000000000000000e+00 2.056627161800861359e-02 0.000000000000000000e+00 0.000000000000000000e+00 4.497193731367588043e-04 1.990245189517736435e-03 2.953762561082839966e-02
3.418931504711508751e-03 0.000000000000000000e+00 0.000000000000000000e+00 2.266150433570146561e-03 0.000000000000000000e+00 5.582739133387804031e-03 1.385904382914304733e-03 0.000000000000000000e+00 9.791357442736625671e-03 6.596057675778865814e-03 0.000000000000000000e+00
0.000000000000000000e+00 5.223402404226362705e-04 0.000000000000000000e+00 0.000000000000000000e+00 7.959405775181949139e-04 0.000000000000000000e+00 5.010312888771295547e-03 0.000000000000000000e+00 0.000000000000000000e+00 0.000000000000000000e+00 1.451322343200445175e-03
0.000000000000000000e+00 0.000000000000000000e+00 0.000000000000000000e+00 3.629362676292657852e-03 0.000000000000000000e+00 0.000000000000000000e+00 0.000000000000000000e+00 4.138001240789890289e-03 0.000000000000000000e+00 0.000000000000000000e+00 0.000000000000000000e+00
2.421445242362096906e-04 0.000000000000000000e+00 9.342879988253116608e-03 0.000000000000000000e+00 1.725278422236442566e-02 0.000000000000000000e+00 0.000000000000000000e+00 4.406363877933472395e-04 1.169568486511707306e-02 2.674816874787211418e-03 1.156523078680038452e-02
0.000000000000000000e+00 0.000000000000000000e+00 7.358546099567320198e-06 8.546004437448573299e-07 1.526921732875052840e-05 0.000000000000000000e+00 4.916589659842429683e-06 1.107168827729765326e-05 0.000000000000000000e+00 7.042548531899228692e-06 0.000000000000000000e+00
