5.982388019561767578e+00 7.891583251953125000e+01 7.512113952636718750e+01 3.865253925323486328e-01 1.329807937145233154e-01 3.696845471858978271e-01 8.409743499755859375e+01 8.514064025878906250e+01 7.259883880615234375e+01 4.794884490966796875e+01 4.730603218078613281e+00
1.972519042968750000e+03 2.033593631267649471e-07 6.819660644531250000e+03 1.060079833984375000e+03 2.763837646484375000e+03 6.020606445312500000e+03 1.208729492187500000e+03 3.513164997100830078e+00 2.558367968750000000e+04 2.603471875000000000e+04 2.580069580078125000e+03
8.616124877929687500e+02 6.585176757812500000e+03 3.374126586914062500e+02 5.526514282226562500e+02 2.275366699218750000e+03 8.142286132812500000e+03 8.865269531250000000e+03 4.047946777343750000e+02 2.642838134765625000e+03 6.923451171875000000e+03 2.582657432556152344e+01
9.590005859375000000e+03 4.117855468750000000e+03 4.352430664062500000e+03 9.695704101562500000e+03 2.670192626953125000e+03 7.367339355468750000e+03 1.014435351562500000e+04 5.707642578125000000e+03 6.302714355468750000e+03 1.458397460937500000e+03 1.901732666015625000e+03
2.049960327148437500e+01 3.505064010620117188e+01 5.017471313476562500e+01 1.546558761596679688e+01 0.000000000000000000e+00 2.028366851806640625e+01 3.812038040161132812e+01 2.335429954528808594e+01 5.105208969116210938e+01 1.208272705078125000e+02 1.693791503906250000e+02
0.000000000000000000e+00 0.000000000000000000e+00 0.000000000000000000e+00 0.000000000000000000e+00 0.000000000000000000e+00 0.000000000000000000e+00 0.000000000000000000e+00 0.000000000000000000e+00 0.000000000000000000e+00 0.000000000000000000e+00 3.907907104492187500e+01
7.445166015625000000e+03 4.060840606689453125e+01 1.108008809387683868e-02 4.458437500000000000e+02 2.384983634948730469e+01 5.482093244791030884e-02 8.223093414306640625e+01 1.352609375000000000e+03 7.634784179687500000e+03 4.834075012207031250e+02 1.711000000000000000e+04
5.678865022673562635e-07 2.228840820312500000e+03 1.907472900390625000e+03 4.224417877197265625e+01 4.302441894531250000e+03 1.444749633789062500e+03 2.163808105468750000e+03 1.351654687500000000e+04 1.195150585937500000e+04 5.167799377441406250e+01 1.885761840820312500e+03
0.000000000000000000e+00 1.802740039062500000e+04 2.739445312500000000e+04 1.281155761718750000e+03 2.235593554687500000e+04 4.479420312500000000e+04 1.877327929687500000e+04 1.000408203125000000e+04 1.129439160156250000e+04 1.842557220458984375e+02 1.834825390625000000e+04
0.000000000000000000e+00 0.000000000000000000e+00 0.000000000000000000e+00 0.000000000000000000e+00 2.088369445800781250e+02 0.000000000000000000e+00 0.000000000000000000e+00 0.000000000000000000e+00 0.000000000000000000e+00 0.000000000000000000e+00 0.000000000000000000e+00
0.000000000000000000e+00 1.496103852987289429e-01 4.617637097835540771e-01 1.368226716294884682e-03 8.782496452331542969e-01 0.000000000000000000e+00 6.317743554973276332e-06 2.015571892261505127e-01 4.363796080042448011e-08 2.171911597251892090e-01 2.176653168817210826e-07
