0.000000000000000000e+00 1.383576658554375172e-03 1.331400312483310699e-02 0.000000000000000000e+00 0.000000000000000000e+00 0.000000000000000000e+00 9.428810444660484791e-04 2.891272073611617088e-03 0.000000000000000000e+00 0.000000000000000000e+00 0.000000000000000000e+00
4.649934358894824982e-03 0.000000000000000000e+00 5.423235241323709488e-03 2.681562444195151329e-03 0.000000000000000000e+00 0.000000000000000000e+00 1.556549035012722015e-02 0.000000000000000000e+00 0.000000000000000000e+00 0.000000000000000000e+00 0.000000000000000000e+00
0.000000000000000000e+00 3.210197202861309052e-03 1.294450368732213974e-03 2.282115892739966512e-04 1.829859247663989663e-04 3.487779293209314346e-03 0.000000000000000000e+00 0.000000000000000000e+00 0.000000000000000000e+00 4.364133812487125397e-03 0.000000000000000000e+00
1.945155672729015350e-02 7.928292325232177973e-05 3.108448814600706100e-03 0.000000000000000000e+00 0.000000000000000000e+00 0.000000000000000000e+00 4.395389463752508163e-03 3.309906926006078720e-03 8.798205526545643806e-04 6.137466523796319962e-03 0.000000000000000000e+00
1.793518749764189124e-04 5.088886828161776066e-04 4.538162902463227510e-04 3.671078884508460760e-04 0.000000000000000000e+00 4.758143040817230940e-04 3.869350766763091087e-04 1.618000824237242341e-04 5.229943199083209038e-04 6.703921826556324959e-04 1.157193211838603020e-03
0.000000000000000000e+00 0.000000000000000000e+00 0.000000000000000000e+00 0.000000000000000000e+00 0.000000000000000000e+00 0.000000000000000000e+00 0.000000000000000000e+00 0.000000000000000000e+00 0.000000000000000000e+00 0.000000000000000000e+00 0.000000000000000000e+00
6.669848691672086716e-03 9.378988295793533325e-03 0.000000000000000000e+00 3.487847512587904930e-03 2.942411811091005802e-04 7.792856544256210327e-03 0.000000000000000000e+00 2.395590301603078842e-03 5.499318242073059082e-03 7.316557224839925766e-03 0.000000000000000000e+00
0.000000000000000000e+00 0.000000000000000000e+00 0.000000000000000000e+00 0.000000000000000000e+00 2.903525484725832939e-03 0.000000000000000000e+00 0.000000000000000000e+00 0.000000000000000000e+00 0.000000000000000000e+00 0.000000000000000000e+00 0.000000000000000000e+00
0.000000000000000000e+00 5.854417104274034500e-03 0.000000000000000000e+00 0.000000000000000000e+00 0.000000000000000000e+00 0.000000000000000000e+00 5.673198495060205460e-03 0.000000000000000000e+00 0.000000000000000000e+00 4.976853728294372559e-03 0.000000000000000000e+00
1.288909837603569031e-02 9.042275138199329376e-03 1.185393612831830978e-02 0.000000000000000000e+00 3.543397039175033569e-02 0.000000000000000000e+00 0.000000000000000000e+00 4.066339228302240372e-03 1.213818602263927460e-02 0.000000000000000000e+00 9.602277539670467377e-03
0.000000000000000000e+00 0.000000000000000000e+00 8.741028068470768631e-06 0.000000000000000000e+00 1.712865559966303408e-05 0.000000000000000000e+00 0.000000000000000000e+00 1.152742970589315519e-05 0.000000000000000000e+00 8.832204912323504686e-06 0.000000000000000000e+00
