0.000000000000000000e+00 1.868697500000000000e+05 1.590078906250000000e+04 0.000000000000000000e+00 0.000000000000000000e+00 6.057507926016114652e-05 4.689061279296875000e+02 4.393992187500000000e+04 1.483325439453125000e+03 4.720335388183593750e+02 0.000000000000000000e+00
7.068151855468750000e+02 1.106777221679687500e+03 5.377607812500000000e+04 9.741631507873535156e+00 2.428776933811604977e-04 3.246284765625000000e+04 8.487963281250000000e+04 2.054652812500000000e+05 3.272580146789550781e+00 9.692987500000000000e+04 1.530770625000000000e+05
2.350757446289062500e+02 4.566074371337890625e+01 1.319983974099159241e-02 1.033999633789062500e+02 7.663167480468750000e+03 4.862373828125000000e+04 4.030008593750000000e+04 9.408214569091796875e+00 1.940210083007812500e+03 2.165403515625000000e+04 9.809272736310958862e-02
1.560773193359375000e+03 3.417526171875000000e+04 4.750053710937500000e+03 2.024675292968750000e+03 1.018057968750000000e+05 8.135015869140625000e+02 7.839256250000000000e+04 2.686299560546875000e+03 7.947631250000000000e+04 4.085989843750000000e+04 7.878682708740234375e+01
4.485152053833007812e+01 2.648486137390136719e+01 4.992532730102539062e+00 8.312112838029861450e-02 0.000000000000000000e+00 4.613418132066726685e-02 4.956745505332946777e-01 3.096824288368225098e-01 3.352248296141624451e-02 2.030567169189453125e+01 7.355252075195312500e+01
0.000000000000000000e+00 0.000000000000000000e+00 0.000000000000000000e+00 0.000000000000000000e+00 0.000000000000000000e+00 0.000000000000000000e+00 0.000000000000000000e+00 0.000000000000000000e+00 0.000000000000000000e+00 0.000000000000000000e+00 1.003787764713992559e-12
2.819400625000000000e+05 5.946362915039062500e+02 6.276000000000000000e+04 5.689443969726562500e+01 9.352850914001464844e-01 2.743225079029798508e-03 3.094633750000000000e+05 3.309962463378906250e+01 2.397552013397216797e+00 2.474730937500000000e+05 2.853337890625000000e+04
0.000000000000000000e+00 6.761706054687500000e+03 1.178292968750000000e+04 7.711189198289503111e-08 4.934541796875000000e+04 3.738321304321289062e+01 1.982030645012855530e-02 2.926645263671875000e+03 7.879221875000000000e+04 1.656532897949218750e+02 2.546953010559082031e+01
0.000000000000000000e+00 3.436148828125000000e+04 1.401945556640625000e+03 5.926497656250000000e+04 1.165756034851074219e+01 6.018591406250000000e+04 2.524012695312500000e+03 1.582837683145044139e-08 2.459148193359375000e+03 8.792191772460937500e+02 1.020571289062500000e+03
0.000000000000000000e+00 0.000000000000000000e+00 0.000000000000000000e+00 0.000000000000000000e+00 1.243124694824218750e+02 0.000000000000000000e+00 0.000000000000000000e+00 0.000000000000000000e+00 0.000000000000000000e+00 0.000000000000000000e+00 0.000000000000000000e+00
0.000000000000000000e+00 9.224597306456416845e-05 1.358613252639770508e+00 1.119756922125816345e-01 1.488180756568908691e+00 0.000000000000000000e+00 3.165856003761291504e-01 3.344349563121795654e-01 1.975041641344432719e-06 1.030779242515563965e+00 1.659426561673171818e-05
