0.000000000000000000e+00 1.674085971899330616e-03 3.007787745445966721e-03 0.000000000000000000e+00 0.000000000000000000e+00 0.000000000000000000e+00 9.186394512653350830e-03 4.007254727184772491e-03 5.108764744363725185e-04 0.000000000000000000e+00 0.000000000000000000e+00
4.070726688951253891e-03 0.000000000000000000e+00 2.375418087467551231e-03 6.521504372358322144e-03 0.000000000000000000e+00 9.255948825739324093e-04 0.000000000000000000e+00 0.000000000000000000e+00 0.000000000000000000e+00 0.000000000000000000e+00 0.000000000000000000e+00
0.000000000000000000e+00 0.000000000000000000e+00 4.362543113529682159e-03 0.000000000000000000e+00 1.460331724956631660e-03 1.264152117073535919e-02 1.200146321207284927e-02 0.000000000000000000e+00 0.000000000000000000e+00 0.000000000000000000e+00 0.000000000000000000e+00
8.214947767555713654e-03 6.674092728644609451e-04 7.592830224893987179e-04 3.502360777929425240e-03 0.000000000000000000e+00 0.000000000000000000e+00 1.127476431429386139e-02 7.394841668428853154e-05 3.578533418476581573e-03 8.662592619657516479e-03 0.000000000000000000e+00
0.000000000000000000e+00 1.978763175429776311e-04 3.476685378700494766e-05 4.779352457262575626e-05 0.000000000000000000e+00 8.719806646695360541e-05 1.301726297242566943e-04 7.585860294057056308e-05 1.448989496566355228e-04 1.108588985516689718e-04 3.430547076277434826e-04
0.000000000000000000e+00 0.000000000000000000e+00 0.000000000000000000e+00 0.000000000000000000e+00 0.000000000000000000e+00 0.000000000000000000e+00 0.000000000000000000e+00 0.000000000000000000e+00 0.000000000000000000e+00 0.000000000000000000e+00 4.373099189251661301e-03
1.985752722248435020e-03 0.000000000000000000e+00 0.000000000000000000e+00 4.641481209546327591e-03 0.000000000000000000e+00 4.605913534760475159e-03 0.000000000000000000e+00 7.930765859782695770e-03 1.959435641765594482e-03 7.047514431178569794e-03 2.796369139105081558e-03
0.000000000000000000e+00 5.447479430586099625e-03 0.000000000000000000e+00 0.000000000000000000e+00 0.000000000000000000e+00 3.047363134101033211e-05 0.000000000000000000e+00 0.000000000000000000e+00 5.142282694578170776e-03 0.000000000000000000e+00 0.000000000000000000e+00
5.855004419572651386e-04 1.131363213062286377e-03 1.662188908085227013e-03 1.761622610501945019e-03 0.000000000000000000e+00 0.000000000000000000e+00 0.000000000000000000e+00 0.000000000000000000e+00 3.839820565190166235e-04 3.561961930245161057e-03 0.000000000000000000e+00
3.637460526078939438e-03 1.339278649538755417e-03 1.220761984586715698e-02 0.000000000000000000e+00 2.172681130468845367e-02 0.000000000000000000e+00 0.000000000000000000e+00 7.993302424438297749e-04 4.323509056121110916e-03 3.882001328747719526e-04 7.966545410454273224e-03
0.000000000000000000e+00 0.000000000000000000e+00 3.156021421091281809e-06 2.403048938504070975e-06 3.169988076479057781e-06 0.000000000000000000e+00 2.050740476988721639e-06 7.339777994275209494e-07 5.036486641074588988e-07 1.567868025631469209e-06 0.000000000000000000e+00
