0.000000000000000000e+00 3.848446905612945557e-02 7.421004027128219604e-02 0.000000000000000000e+00 0.000000000000000000e+00 0.000000000000000000e+00 8.315750956535339355e-02 6.872018426656723022e-02 1.296546496450901031e-02 5.292041227221488953e-02 0.000000000000000000e+00
1.146447509527206421e-01 8.815121836960315704e-03 3.688206151127815247e-02 0.000000000000000000e+00 2.780488226562738419e-03 9.716834127902984619e-02 4.863097798079252243e-03 0.000000000000000000e+00 1.365964580327272415e-02 1.554933097213506699e-02 1.828084327280521393e-02
1.031180657446384430e-02 3.837961703538894653e-02 4.512391053140163422e-03 3.403941914439201355e-02 2.944181207567453384e-03 3.818821534514427185e-02 2.933353930711746216e-02 1.507376320660114288e-02 3.254480892792344093e-03 5.994440242648124695e-02 3.760127723217010498e-02
1.525181625038385391e-02 0.000000000000000000e+00 4.765427671372890472e-03 1.532234949991106987e-03 1.021597441285848618e-02 4.457484185695648193e-02 8.561885356903076172e-02 9.725870937108993530e-02 2.562594308983534575e-04 1.299530034884810448e-03 0.000000000000000000e+00
1.428248506272211671e-04 2.868873998522758484e-04 4.112634924240410328e-04 4.147299914620816708e-04 0.000000000000000000e+00 2.538250992074608803e-04 2.415562630631029606e-04 8.041216642595827579e-05 1.015891539282165468e-04 3.660470538306981325e-04 1.100492547266185284e-03
0.000000000000000000e+00 0.000000000000000000e+00 0.000000000000000000e+00 0.000000000000000000e+00 0.000000000000000000e+00 0.000000000000000000e+00 0.000000000000000000e+00 0.000000000000000000e+00 0.000000000000000000e+00 0.000000000000000000e+00 0.000000000000000000e+00
5.607870593667030334e-02 6.516499817371368408e-02 6.247143726795911789e-03 6.492467969655990601e-02 8.396263583563268185e-04 8.817656338214874268e-02 1.689954288303852081e-02 3.881318494677543640e-03 2.836685255169868469e-02 8.482783287763595581e-02 1.084430962800979614e-01
1.622976735234260559e-02 2.135488390922546387e-01 1.140700504183769226e-01 0.000000000000000000e+00 4.938461817800998688e-03 1.375055760145187378e-01 6.862047594040632248e-04 8.902630954980850220e-02 4.904761165380477905e-02 8.965969830751419067e-02 2.225871011614799500e-02
5.827954970300197601e-03 3.652787208557128906e-01 1.734335124492645264e-01 1.656774282455444336e-01 5.012480076402425766e-03 4.527553617954254150e-01 2.450021058320999146e-01 2.410799413919448853e-01 1.409352719783782959e-01 0.000000000000000000e+00 2.295749038457870483e-01
6.437467876821756363e-03 5.322996992617845535e-03 1.114683132618665695e-02 4.620291292667388916e-03 1.464649587869644165e-01 0.000000000000000000e+00 0.000000000000000000e+00 0.000000000000000000e+00 1.173707842826843262e-02 0.000000000000000000e+00 5.092132464051246643e-02
0.000000000000000000e+00 0.000000000000000000e+00 1.049703587341355160e-05 0.000000000000000000e+00 1.092352795240003616e-05 0.000000000000000000e+00 2.054514880001079291e-06 7.600243861816124991e-06 3.523904013036371907e-08 3.664142468551290222e-06 8.864870437719218899e-08
