0.000000000000000000e+00 0.000000000000000000e+00 1.723233435768634081e-04 0.000000000000000000e+00 0.000000000000000000e+00 0.000000000000000000e+00 0.000000000000000000e+00 0.000000000000000000e+00 0.000000000000000000e+00 0.000000000000000000e+00 0.000000000000000000e+00
1.147000212222337723e-02 0.000000000000000000e+00 2.483440795913338661e-03 0.000000000000000000e+00 0.000000000000000000e+00 0.000000000000000000e+00 0.000000000000000000e+00 4.627957008779048920e-03 0.000000000000000000e+00 0.000000000000000000e+00 1.982425106689333916e-03
0.000000000000000000e+00 9.254680015146732330e-03 2.437244169414043427e-03 4.227043595165014267e-03 7.502653170377016068e-03 0.000000000000000000e+00 9.321374818682670593e-03 0.000000000000000000e+00 0.000000000000000000e+00 5.788000766187906265e-03 0.000000000000000000e+00
0.000000000000000000e+00 3.569102147594094276e-03 0.000000000000000000e+00 0.000000000000000000e+00 7.348477840423583984e-03 0.000000000000000000e+00 4.168534651398658752e-03 5.626290105283260345e-03 4.985202103853225708e-03 0.000000000000000000e+00 0.000000000000000000e+00
3.358506364747881889e-05 1.029610721161589026e-04 6.622020737268030643e-05 5.736736056860536337e-05 0.000000000000000000e+00 1.108542783185839653e-04 5.278899698168970644e-05 5.214771226746961474e-05 6.367700552800670266e-05 3.483961627352982759e-04 4.858600732404738665e-04
0.000000000000000000e+00 0.000000000000000000e+00 0.000000000000000000e+00 0.000000000000000000e+00 0.000000000000000000e+00 0.000000000000000000e+00 0.000000000000000000e+00 0.000000000000000000e+00 0.000000000000000000e+00 0.000000000000000000e+00 0.000000000000000000e+00
1.120060402899980545e-02 0.000000000000000000e+00 0.000000000000000000e+00 2.337463956791907549e-04 0.000000000000000000e+00 0.000000000000000000e+00 5.528431851416826248e-03 4.732135217636823654e-03 3.984023816883563995e-03 0.000000000000000000e+00 7.994997315108776093e-03
0.000000000000000000e+00 1.477121748030185699e-02 2.798479981720447540e-03 0.000000000000000000e+00 0.000000000000000000e+00 1.071835309267044067e-02 1.276689348742365837e-03 2.404632687103003263e-04 1.082611706806346774e-04 0.000000000000000000e+00 4.164863785263150930e-04
3.301172982901334763e-03 4.423434846103191376e-03 0.000000000000000000e+00 0.000000000000000000e+00 0.000000000000000000e+00 0.000000000000000000e+00 1.299792435020208359e-02 0.000000000000000000e+00 0.000000000000000000e+00 0.000000000000000000e+00 6.489290390163660049e-03
0.000000000000000000e+00 0.000000000000000000e+00 4.367691464722156525e-03 0.000000000000000000e+00 3.223321586847305298e-02 0.000000000000000000e+00 2.315465360879898071e-03 0.000000000000000000e+00 9.053639587364159524e-06 9.342810139060020447e-03 1.402799319475889206e-02
0.000000000000000000e+00 4.465811969112110091e-07 5.187760507396887988e-06 3.333272843519807793e-06 6.302185283857397735e-06 0.000000000000000000e+00 1.317250394095026422e-06 9.911220786307239905e-07 0.000000000000000000e+00 1.459498207623255439e-06 0.000000000000000000e+00
