0.000000000000000000e+00 0.000000000000000000e+00 6.671996670775115490e-04 0.000000000000000000e+00 0.000000000000000000e+00 0.000000000000000000e+00 4.762241616845130920e-03 0.000000000000000000e+00 0.000000000000000000e+00 0.000000000000000000e+00 0.000000000000000000e+00
1.031133905053138733e-02 0.000000000000000000e+00 0.000000000000000000e+00 0.000000000000000000e+00 0.000000000000000000e+00 2.566285431385040283e-03 3.829603781923651695e-03 0.000000000000000000e+00 0.000000000000000000e+00 0.000000000000000000e+00 0.000000000000000000e+00
0.000000000000000000e+00 1.024482212960720062e-02 1.904529985040426254e-03 0.000000000000000000e+00 0.000000000000000000e+00 1.194527745246887207e-02 2.243873430415987968e-03 0.000000000000000000e+00 1.371914171613752842e-03 2.620013197883963585e-03 3.451754106208682060e-03
9.964711964130401611e-03 3.385111922398209572e-04 1.267227227799594402e-03 0.000000000000000000e+00 0.000000000000000000e+00 2.041637664660811424e-03 0.000000000000000000e+00 1.436800975352525711e-02 3.690501442179083824e-03 1.184424292296171188e-02 0.000000000000000000e+00
1.098412103601731360e-04 2.925994049292057753e-04 3.778164391405880451e-04 3.108062664978206158e-04 0.000000000000000000e+00 3.370808262843638659e-04 2.272981073474511504e-04 2.772094449028372765e-04 3.642449446488171816e-04 4.167446750216186047e-04 9.482245077379047871e-04
0.000000000000000000e+00 0.000000000000000000e+00 0.000000000000000000e+00 0.000000000000000000e+00 0.000000000000000000e+00 4.058834165334701538e-04 0.000000000000000000e+00 0.000000000000000000e+00 0.000000000000000000e+00 0.000000000000000000e+00 0.000000000000000000e+00
7.067101541906595230e-03 7.358034607023000717e-03 0.000000000000000000e+00 7.632664404809474945e-03 0.000000000000000000e+00 1.086546573787927628e-02 0.000000000000000000e+00 5.813096649944782257e-03 1.164506189525127411e-02 0.000000000000000000e+00 2.136302646249532700e-03
0.000000000000000000e+00 1.144947297871112823e-02 0.000000000000000000e+00 0.000000000000000000e+00 2.943722996860742569e-03 4.446431528776884079e-03 0.000000000000000000e+00 4.419641569256782532e-03 4.224130883812904358e-03 0.000000000000000000e+00 0.000000000000000000e+00
4.970963578671216965e-03 0.000000000000000000e+00 9.223412722349166870e-03 0.000000000000000000e+00 0.000000000000000000e+00 1.807339955121278763e-03 1.059979945421218872e-02 0.000000000000000000e+00 0.000000000000000000e+00 9.552537463605403900e-03 1.169055933132767677e-03
4.741159267723560333e-03 2.083930652588605881e-03 1.695174351334571838e-02 0.000000000000000000e+00 4.567354544997215271e-02 0.000000000000000000e+00 0.000000000000000000e+00 0.000000000000000000e+00 6.204653065651655197e-03 2.692322013899683952e-03 1.740580797195434570e-02
0.000000000000000000e+00 0.000000000000000000e+00 5.688393230229848996e-06 2.661829057615250349e-06 8.260693903139326721e-06 0.000000000000000000e+00 1.670764959271764383e-06 3.872423349093878642e-06 0.000000000000000000e+00 2.312083097422146238e-06 0.000000000000000000e+00
