0.000000000000000000e+00 1.071259938180446625e-02 0.000000000000000000e+00 0.000000000000000000e+00 0.000000000000000000e+00 0.000000000000000000e+00 3.376274835318326950e-04 5.500245839357376099e-03 2.817730884999036789e-03 0.000000000000000000e+00 0.000000000000000000e+00
1.901484327390789986e-03 0.000000000000000000e+00 1.399423368275165558e-02 5.247325170785188675e-03 1.758724218234419823e-03 0.000000000000000000e+00 1.333933975547552109e-02 0.000000000000000000e+00 0.000000000000000000e+00 0.000000000000000000e+00 2.686658808670472354e-05
0.000000000000000000e+00 8.856357075273990631e-03 2.516704145818948746e-03 0.000000000000000000e+00 0.000000000000000000e+00 1.839366555213928223e-02 8.296421146951615810e-04 0.000000000000000000e+00 9.102742187678813934e-03 5.533985327929258347e-03 9.697298519313335419e-04
1.300516165792942047e-02 0.000000000000000000e+00 0.000000000000000000e+00 3.180466126650571823e-03 5.129729397594928741e-03 2.660358091816306114e-03 0.000000000000000000e+00 5.838305689394474030e-03 0.000000000000000000e+00 1.026395056396722794e-02 0.000000000000000000e+00
0.000000000000000000e+00 7.455859304172918200e-05 3.784273940254934132e-05 0.000000000000000000e+00 0.000000000000000000e+00 5.802406667498871684e-05 1.007662358460947871e-04 0.000000000000000000e+00 8.716964657651260495e-05 0.000000000000000000e+00 4.801714385394006968e-04
0.000000000000000000e+00 0.000000000000000000e+00 0.000000000000000000e+00 0.000000000000000000e+00 0.000000000000000000e+00 0.000000000000000000e+00 0.000000000000000000e+00 0.000000000000000000e+00 0.000000000000000000e+00 0.000000000000000000e+00 0.000000000000000000e+00
6.742730736732482910e-03 1.068686880171298981e-02 0.000000000000000000e+00 6.212464068084955215e-03 0.000000000000000000e+00 3.565632039681077003e-03 1.195308379828929901e-02 9.952374733984470367e-03 9.628245607018470764e-04 8.146806620061397552e-03 4.502477124333381653e-03
0.000000000000000000e+00 0.000000000000000000e+00 0.000000000000000000e+00 0.000000000000000000e+00 0.000000000000000000e+00 0.000000000000000000e+00 0.000000000000000000e+00 0.000000000000000000e+00 1.314642373472452164e-02 0.000000000000000000e+00 0.000000000000000000e+00
0.000000000000000000e+00 5.945797078311443329e-03 0.000000000000000000e+00 0.000000000000000000e+00 0.000000000000000000e+00 0.000000000000000000e+00 4.986732266843318939e-03 0.000000000000000000e+00 5.343149881809949875e-03 2.714607631787657738e-03 0.000000000000000000e+00
1.721202209591865540e-02 1.075514685362577438e-02 1.269131992012262344e-02 0.000000000000000000e+00 4.235825315117835999e-02 3.098828892689198256e-04 0.000000000000000000e+00 2.945571439340710640e-03 1.278647780418395996e-02 0.000000000000000000e+00 9.773330762982368469e-03
0.000000000000000000e+00 0.000000000000000000e+00 8.170572073140647262e-06 0.000000000000000000e+00 1.230060206580674276e-05 0.000000000000000000e+00 5.399952442530775443e-06 5.294825314194895327e-06 2.288511268488946371e-06 8.403768333664629608e-06 0.000000000000000000e+00
