0.000000000000000000e+00 0.000000000000000000e+00 8.367765694856643677e-04 0.000000000000000000e+00 0.000000000000000000e+00 0.000000000000000000e+00 0.000000000000000000e+00 1.734086428768932819e-03 2.507952740415930748e-03 0.000000000000000000e+00 0.000000000000000000e+00
2.600048203021287918e-03 0.000000000000000000e+00 3.798916237428784370e-03 3.502483479678630829e-03 0.000000000000000000e+00 0.000000000000000000e+00 9.323779959231615067e-04 0.000000000000000000e+00 0.000000000000000000e+00 0.000000000000000000e+00 6.250767037272453308e-04
1.096807303838431835e-03 0.000000000000000000e+00 3.576215822249650955e-03 0.000000000000000000e+00 0.000000000000000000e+00 2.483800053596496582e-03 1.924514421261847019e-03 0.000000000000000000e+00 0.000000000000000000e+00 4.182730335742235184e-03 1.446110778488218784e-03
5.067672114819288254e-03 0.000000000000000000e+00 0.000000000000000000e+00 0.000000000000000000e+00 0.000000000000000000e+00 0.000000000000000000e+00 9.843031875789165497e-04 3.779779945034533739e-05 1.265753409825265408e-03 3.451684955507516861e-03 0.000000000000000000e+00
0.000000000000000000e+00 8.125540625769644976e-05 3.232711969758383930e-05 0.000000000000000000e+00 0.000000000000000000e+00 8.299673936562612653e-05 6.816707173129543662e-05 3.256128184148110449e-05 5.273912029224447906e-05 7.206642476376146078e-05 2.561730507295578718e-04
0.000000000000000000e+00 0.000000000000000000e+00 5.211336072534322739e-03 0.000000000000000000e+00 0.000000000000000000e+00 1.218874379992485046e-02 1.698576845228672028e-03 0.000000000000000000e+00 0.000000000000000000e+00 2.816349966451525688e-03 1.857533305883407593e-02
8.856307831592857838e-04 0.000000000000000000e+00 0.000000000000000000e+00 9.469965152675285935e-05 0.000000000000000000e+00 3.230137750506401062e-03 1.902837655507028103e-03 1.004918362013995647e-03 5.014326423406600952e-03 3.384642768651247025e-03 0.000000000000000000e+00
0.000000000000000000e+00 0.000000000000000000e+00 0.000000000000000000e+00 2.019209496211260557e-04 2.648922090884298086e-04 0.000000000000000000e+00 0.000000000000000000e+00 0.000000000000000000e+00 1.369604142382740974e-03 0.000000000000000000e+00 0.000000000000000000e+00
0.000000000000000000e+00 2.341660670936107635e-03 1.946881413459777832e-03 1.058627036400139332e-03 0.000000000000000000e+00 0.000000000000000000e+00 0.000000000000000000e+00 0.000000000000000000e+00 0.000000000000000000e+00 1.217298093251883984e-03 5.549977649934589863e-04
6.459294818341732025e-04 2.835203194990754128e-04 4.192019347101449966e-03 0.000000000000000000e+00 1.312073878943920135e-02 0.000000000000000000e+00 0.000000000000000000e+00 0.000000000000000000e+00 4.216574132442474365e-03 1.062262570485472679e-03 4.769989755004644394e-03
0.000000000000000000e+00 0.000000000000000000e+00 2.458019025652902201e-06 9.266510687666595913e-07 2.579058218543650582e-06 0.000000000000000000e+00 1.302531018154695630e-06 1.062539240592741407e-06 0.000000000000000000e+00 2.041334482782986015e-06 0.000000000000000000e+00
