0.000000000000000000e+00 0.000000000000000000e+00 6.004837341606616974e-03 0.000000000000000000e+00 0.000000000000000000e+00 0.000000000000000000e+00 6.627012044191360474e-04 4.074790515005588531e-03 1.831125468015670776e-03 0.000000000000000000e+00 0.000000000000000000e+00
2.828533528372645378e-03 0.000000000000000000e+00 2.615746576339006424e-03 0.000000000000000000e+00 0.000000000000000000e+00 0.000000000000000000e+00 2.716482777032069862e-05 8.542783558368682861e-03 0.000000000000000000e+00 0.000000000000000000e+00 0.000000000000000000e+00
0.000000000000000000e+00 2.102827187627553940e-03 0.000000000000000000e+00 0.000000000000000000e+00 0.000000000000000000e+00 8.672513999044895172e-03 5.825641099363565445e-03 0.000000000000000000e+00 0.000000000000000000e+00 7.155868690460920334e-03 0.000000000000000000e+00
9.609736502170562744e-03 0.000000000000000000e+00 0.000000000000000000e+00 0.000000000000000000e+00 4.737400915473699570e-03 0.000000000000000000e+00 3.174584358930587769e-03 3.454308258369565010e-03 0.000000000000000000e+00 0.000000000000000000e+00 0.000000000000000000e+00
1.523822174931410700e-05 1.534465554868802428e-04 7.017882307991385460e-05 5.148241325514391065e-05 0.000000000000000000e+00 7.726606418145820498e-05 5.184958354220725596e-05 2.771568870230112225e-05 7.139553054003044963e-05 1.845301449066027999e-04 3.427571500651538372e-04
0.000000000000000000e+00 3.367130411788821220e-04 2.997789764776825905e-03 1.302652177400887012e-03 0.000000000000000000e+00 2.208547294139862061e-02 1.775840180926024914e-03 6.019616848789155483e-04 0.000000000000000000e+00 9.586778469383716583e-03 3.075182251632213593e-02
2.772874664515256882e-03 4.471576772630214691e-03 0.000000000000000000e+00 6.369201000779867172e-03 0.000000000000000000e+00 4.609740804880857468e-03 0.000000000000000000e+00 3.681998641695827246e-04 0.000000000000000000e+00 8.711666800081729889e-03 1.465313136577606201e-03
0.000000000000000000e+00 3.244376508519053459e-03 0.000000000000000000e+00 0.000000000000000000e+00 1.403083675540983677e-03 0.000000000000000000e+00 4.895716556347906590e-04 0.000000000000000000e+00 8.673234842717647552e-04 0.000000000000000000e+00 0.000000000000000000e+00
0.000000000000000000e+00 0.000000000000000000e+00 0.000000000000000000e+00 0.000000000000000000e+00 0.000000000000000000e+00 3.098952351137995720e-03 2.595168305560946465e-03 0.000000000000000000e+00 1.362558687105774879e-04 0.000000000000000000e+00 5.377475172281265259e-04
5.808447953313589096e-03 2.923919819295406342e-03 2.842202782630920410e-03 0.000000000000000000e+00 2.566603943705558777e-02 2.558958483859896660e-03 0.000000000000000000e+00 0.000000000000000000e+00 4.432003013789653778e-03 0.000000000000000000e+00 8.751300163567066193e-03
0.000000000000000000e+00 0.000000000000000000e+00 0.000000000000000000e+00 0.000000000000000000e+00 3.121984946119482629e-06 0.000000000000000000e+00 7.553346392796811415e-08 1.062591081790742464e-06 0.000000000000000000e+00 2.869333570743037853e-07 0.000000000000000000e+00
