0.000000000000000000e+00 2.229270758107304573e-04 1.044468255713582039e-03 0.000000000000000000e+00 0.000000000000000000e+00 0.000000000000000000e+00 7.399776368401944637e-04 7.287680546141928062e-06 3.683924151118844748e-04 0.000000000000000000e+00 0.000000000000000000e+00
1.563688740134239197e-03 0.000000000000000000e+00 0.000000000000000000e+00 7.701635477133095264e-04 0.000000000000000000e+00 0.000000000000000000e+00 5.334849120117723942e-04 0.000000000000000000e+00 0.000000000000000000e+00 0.000000000000000000e+00 0.000000000000000000e+00
0.000000000000000000e+00 1.628564321435987949e-03 2.719639567658305168e-03 0.000000000000000000e+00 1.328103826381266117e-03 7.303233724087476730e-04 3.719257947523146868e-04 0.000000000000000000e+00 0.000000000000000000e+00 2.262304071336984634e-03 0.000000000000000000e+00
1.956573920324444771e-03 0.000000000000000000e+00 1.084992982214316726e-04 0.000000000000000000e+00 0.000000000000000000e+00 0.000000000000000000e+00 0.000000000000000000e+00 1.301875920034945011e-03 3.007863997481763363e-04 1.173894037492573261e-03 0.000000000000000000e+00
6.033879253664053977e-05 2.035042562056332827e-04 4.782897667610086501e-05 1.560800592415034771e-04 0.000000000000000000e+00 1.353348197881132364e-04 1.348265068372711539e-04 1.035068271448835731e-04 1.379833411192521453e-04 1.509623834863305092e-04 3.067891811951994896e-04
0.000000000000000000e+00 5.207081558182835579e-04 1.436286023817956448e-03 1.249231048859655857e-03 0.000000000000000000e+00 6.632600910961627960e-03 0.000000000000000000e+00 0.000000000000000000e+00 7.196680235210806131e-05 8.627103525213897228e-04 7.250148802995681763e-03
2.189515857025980949e-03 0.000000000000000000e+00 2.518390829209238291e-04 7.634850335307419300e-04 6.416685209842398763e-05 1.522691105492413044e-03 1.787933986634016037e-03 2.255436993436887860e-04 1.328147831372916698e-03 2.299968327861279249e-04 0.000000000000000000e+00
0.000000000000000000e+00 6.227811099961400032e-04 4.815315478481352329e-04 0.000000000000000000e+00 1.276201452128589153e-03 0.000000000000000000e+00 2.155405381927266717e-04 0.000000000000000000e+00 0.000000000000000000e+00 0.000000000000000000e+00 3.722923866007477045e-04
0.000000000000000000e+00 1.065385760739445686e-03 0.000000000000000000e+00 1.037642476148903370e-03 0.000000000000000000e+00 0.000000000000000000e+00 1.843243226176127791e-04 4.388809247757308185e-05 0.000000000000000000e+00 0.000000000000000000e+00 2.091984788421541452e-04
1.452021650038659573e-03 3.961427719332277775e-04 2.926650922745466232e-03 0.000000000000000000e+00 6.024355068802833557e-03 0.000000000000000000e+00 6.462407764047384262e-04 0.000000000000000000e+00 1.811202149838209152e-03 0.000000000000000000e+00 2.143925754353404045e-03
0.000000000000000000e+00 1.221457182509766426e-06 8.624667316325940192e-06 2.759721382972202264e-06 9.687954843684565276e-06 0.000000000000000000e+00 3.895300324074923992e-06 6.228019174159271643e-06 0.000000000000000000e+00 5.892236004001460969e-06 1.379734840156743303e-06
