0.000000000000000000e+00 0.000000000000000000e+00 0.000000000000000000e+00 0.000000000000000000e+00 0.000000000000000000e+00 0.000000000000000000e+00 2.473407192155718803e-03 4.238119348883628845e-03 0.000000000000000000e+00 0.000000000000000000e+00 0.000000000000000000e+00
1.486282330006361008e-02 0.000000000000000000e+00 4.136198200285434723e-03 0.000000000000000000e+00 0.000000000000000000e+00 0.000000000000000000e+00 0.000000000000000000e+00 0.000000000000000000e+00 2.192078391090035439e-03 0.000000000000000000e+00 0.000000000000000000e+00
6.458196789026260376e-03 1.090254355221986771e-02 0.000000000000000000e+00 0.000000000000000000e+00 2.615027828142046928e-03 9.352516382932662964e-03 0.000000000000000000e+00 0.000000000000000000e+00 5.940623115748167038e-03 8.163928054273128510e-03 0.000000000000000000e+00
9.288843721151351929e-03 0.000000000000000000e+00 0.000000000000000000e+00 8.465395658276975155e-04 1.007228530943393707e-02 1.528435852378606796e-03 0.000000000000000000e+00 0.000000000000000000e+00 0.000000000000000000e+00 5.040484946221113205e-03 0.000000000000000000e+00
7.896719034761190414e-05 2.061108825728297234e-04 1.496499316999688745e-04 9.783593122847378254e-05 0.000000000000000000e+00 2.315269084647297859e-04 1.501921069575473666e-04 6.910847150720655918e-05 6.626244430663064122e-05 2.430071763228625059e-04 5.061554838903248310e-04
0.000000000000000000e+00 0.000000000000000000e+00 0.000000000000000000e+00 0.000000000000000000e+00 0.000000000000000000e+00 0.000000000000000000e+00 0.000000000000000000e+00 0.000000000000000000e+00 0.000000000000000000e+00 0.000000000000000000e+00 0.000000000000000000e+00
8.608313277363777161e-03 0.000000000000000000e+00 0.000000000000000000e+00 0.000000000000000000e+00 0.000000000000000000e+00 1.779797021299600601e-03 0.000000000000000000e+00 6.278430577367544174e-03 1.422311831265687943e-02 4.974307492375373840e-03 7.115585263818502426e-03
0.000000000000000000e+00 2.435664646327495575e-03 4.529850091785192490e-03 0.000000000000000000e+00 2.749269129708409309e-03 0.000000000000000000e+00 0.000000000000000000e+00 6.617024191655218601e-04 1.294104941189289093e-02 1.509134890511631966e-03 0.000000000000000000e+00
6.102614570409059525e-03 1.027706265449523926e-02 6.077222060412168503e-03 0.000000000000000000e+00 6.966444198042154312e-05 1.070734462700784206e-03 6.913846009410917759e-04 0.000000000000000000e+00 0.000000000000000000e+00 4.861673340201377869e-03 3.007326042279601097e-03
6.671965587884187698e-03 9.362238459289073944e-03 7.346958387643098831e-03 0.000000000000000000e+00 4.228226840496063232e-02 0.000000000000000000e+00 0.000000000000000000e+00 1.674710889346897602e-03 4.693462979048490524e-03 0.000000000000000000e+00 1.524645928293466568e-02
0.000000000000000000e+00 0.000000000000000000e+00 4.387887202028650790e-06 0.000000000000000000e+00 6.646772362728370354e-06 0.000000000000000000e+00 1.391640466863464098e-06 1.231090664077783003e-06 0.000000000000000000e+00 4.922225116388290189e-07 0.000000000000000000e+00
