0.000000000000000000e+00 7.551287300884723663e-03 3.617020265664905310e-04 0.000000000000000000e+00 0.000000000000000000e+00 0.000000000000000000e+00 0.000000000000000000e+00 5.118805449455976486e-03 0.000000000000000000e+00 0.000000000000000000e+00 0.000000000000000000e+00
2.298147883266210556e-03 0.000000000000000000e+00 2.531674923375248909e-03 0.000000000000000000e+00 0.000000000000000000e+00 0.000000000000000000e+00 0.000000000000000000e+00 5.882452707737684250e-03 0.000000000000000000e+00 7.185452705016359687e-05 0.000000000000000000e+00
0.000000000000000000e+00 8.396024815738201141e-03 0.000000000000000000e+00 0.000000000000000000e+00 0.000000000000000000e+00 1.696746423840522766e-02 1.612812466919422150e-02 0.000000000000000000e+00 6.233968306332826614e-03 0.000000000000000000e+00 0.000000000000000000e+00
1.399672217667102814e-02 0.000000000000000000e+00 0.000000000000000000e+00 0.000000000000000000e+00 1.252229791134595871e-02 0.000000000000000000e+00 0.000000000000000000e+00 1.335749588906764984e-02 0.000000000000000000e+00 4.503292962908744812e-03 0.000000000000000000e+00
5.694693027180619538e-05 1.166588772321119905e-04 6.482603930635377765e-05 4.960674050380475819e-05 0.000000000000000000e+00 0.000000000000000000e+00 1.829906977945938706e-05 0.000000000000000000e+00 2.002512155740987509e-05 5.306736784405075014e-05 4.094077157787978649e-04
0.000000000000000000e+00 0.000000000000000000e+00 0.000000000000000000e+00 0.000000000000000000e+00 0.000000000000000000e+00 0.000000000000000000e+00 0.000000000000000000e+00 0.000000000000000000e+00 0.000000000000000000e+00 0.000000000000000000e+00 0.000000000000000000e+00
3.698047716170549393e-03 7.640659343451261520e-03 0.000000000000000000e+00 2.790271304547786713e-03 0.000000000000000000e+00 4.232126753777265549e-03 7.679409347474575043e-03 0.000000000000000000e+00 0.000000000000000000e+00 8.590595796704292297e-03 1.618953421711921692e-03
0.000000000000000000e+00 7.102827657945454121e-04 0.000000000000000000e+00 0.000000000000000000e+00 0.000000000000000000e+00 0.000000000000000000e+00 0.000000000000000000e+00 3.504022490233182907e-03 6.266104057431221008e-03 0.000000000000000000e+00 0.000000000000000000e+00
0.000000000000000000e+00 6.381111452355980873e-04 0.000000000000000000e+00 5.180739797651767731e-03 0.000000000000000000e+00 6.392277777194976807e-03 0.000000000000000000e+00 0.000000000000000000e+00 0.000000000000000000e+00 0.000000000000000000e+00 7.803401444107294083e-03
2.976984949782490730e-03 0.000000000000000000e+00 3.944607451558113098e-03 0.000000000000000000e+00 3.562912717461585999e-02 1.128282048739492893e-03 0.000000000000000000e+00 5.864098668098449707e-03 8.225665427744388580e-03 0.000000000000000000e+00 1.126324944198131561e-02
0.000000000000000000e+00 2.595951968942245003e-07 4.589727268466958776e-06 1.547032297821715474e-06 4.875893864664249122e-06 0.000000000000000000e+00 1.775789655766857322e-06 2.423387286398792639e-06 0.000000000000000000e+00 3.397330146981403232e-06 0.000000000000000000e+00
