0.000000000000000000e+00 1.582662658691406250e+02 2.019083984375000000e+04 0.000000000000000000e+00 0.000000000000000000e+00 0.000000000000000000e+00 2.630830664062500000e+04 2.610366455078125000e+03 2.708718681335449219e+01 8.243363380432128906e+00 0.000000000000000000e+00
6.312543457031250000e+03 2.270970726013183594e+01 1.024849023437500000e+04 1.387736718750000000e+04 1.015397548675537109e+01 8.853618621826171875e+00 1.788250390625000000e+04 4.229864746093750000e+03 6.070394287109375000e+02 2.047595214843750000e+02 4.656538085937500000e+03
1.065884765625000000e+03 4.887182031250000000e+04 1.991250585937500000e+04 4.131072387695312500e+02 1.660784721374511719e+00 6.082517578125000000e+04 2.434539062500000000e+03 4.690615234375000000e+03 2.649655078125000000e+04 2.353761914062500000e+04 1.601301953125000000e+04
9.583706054687500000e+03 2.479622558593750000e+03 2.399665039062500000e+03 1.739528686523437500e+03 2.930313964843750000e+03 3.838035644531250000e+03 7.873432617187500000e+03 9.411486328125000000e+03 7.438111328125000000e+03 8.652872070312500000e+03 2.608537597656250000e+03
3.860360717773437500e+01 6.172632980346679688e+01 6.377414703369140625e+01 5.029900360107421875e+01 1.084814357454888523e-05 6.819007873535156250e+01 5.668493270874023438e+01 5.964355945587158203e+00 2.934177970886230469e+01 7.107324981689453125e+01 1.714042663574218750e+02
0.000000000000000000e+00 0.000000000000000000e+00 0.000000000000000000e+00 0.000000000000000000e+00 0.000000000000000000e+00 3.222660860046744347e-03 0.000000000000000000e+00 0.000000000000000000e+00 0.000000000000000000e+00 0.000000000000000000e+00 9.260135702788829803e-03
2.035101928710937500e+03 5.022589843750000000e+03 0.000000000000000000e+00 4.495789794921875000e+02 0.000000000000000000e+00 4.167575073242187500e+01 4.341036071777343750e+02 1.581192626953125000e+03 1.053520507812500000e+03 1.067610058593750000e+04 1.265105273437500000e+04
1.544120483398437500e+02 7.426636230468750000e+03 2.539548339843750000e+02 1.939572393894195557e-05 1.677444140625000000e+04 2.709612304687500000e+04 1.002273165795486420e-06 1.721701367187500000e+04 1.451011816406250000e+04 5.548499755859375000e+02 1.274041442871093750e+02
0.000000000000000000e+00 3.893936523437500000e+03 1.347258984375000000e+04 1.177915405273437500e+03 7.331465721130371094e+00 6.473297119140625000e+01 4.404527343750000000e+03 2.979837226867675781e+01 4.671036071777343750e+02 3.308744628906250000e+03 1.421747753906250000e+04
4.613254394531250000e+02 1.561571216583251953e+01 2.383914550781250000e+03 0.000000000000000000e+00 3.498448046875000000e+04 0.000000000000000000e+00 0.000000000000000000e+00 0.000000000000000000e+00 1.201980224609375000e+03 0.000000000000000000e+00 1.749009887695312500e+03
0.000000000000000000e+00 1.783752292394638062e-01 9.817009568214416504e-01 3.019759654998779297e-01 1.191582441329956055e+00 0.000000000000000000e+00 7.098261713981628418e-01 5.797471404075622559e-01 3.114550709724426270e-01 7.589387893676757812e-01 0.000000000000000000e+00
