0.000000000000000000e+00 4.972937167622148991e-04 0.000000000000000000e+00 0.000000000000000000e+00 0.000000000000000000e+00 0.000000000000000000e+00 3.631374333053827286e-03 6.190105341374874115e-03 6.306009832769632339e-03 0.000000000000000000e+00 0.000000000000000000e+00
1.203739456832408905e-02 0.000000000000000000e+00 1.001777220517396927e-02 1.000987645238637924e-02 0.000000000000000000e+00 0.000000000000000000e+00 7.901246426627039909e-04 5.950661376118659973e-03 5.962593946605920792e-03 0.000000000000000000e+00 0.000000000000000000e+00
3.486217465251684189e-03 2.885674359276890755e-03 5.344082135707139969e-03 0.000000000000000000e+00 6.509897066280245781e-04 4.999751690775156021e-03 0.000000000000000000e+00 0.000000000000000000e+00 0.000000000000000000e+00 1.371262874454259872e-02 3.935188986361026764e-03
7.291673216968774796e-03 0.000000000000000000e+00 0.000000000000000000e+00 0.000000000000000000e+00 0.000000000000000000e+00 0.000000000000000000e+00 0.000000000000000000e+00 5.858405493199825287e-03 2.374626230448484421e-03 7.808024063706398010e-03 0.000000000000000000e+00
0.000000000000000000e+00 7.900797209003940225e-05 2.174971450585871935e-05 0.000000000000000000e+00 0.000000000000000000e+00 1.011826825561001897e-04 3.141387423966079950e-05 0.000000000000000000e+00 0.000000000000000000e+00 1.259476412087678909e-04 3.527792578097432852e-04
0.000000000000000000e+00 0.000000000000000000e+00 0.000000000000000000e+00 0.000000000000000000e+00 0.000000000000000000e+00 0.000000000000000000e+00 0.000000000000000000e+00 0.000000000000000000e+00 0.000000000000000000e+00 0.000000000000000000e+00 0.000000000000000000e+00
5.522440653294324875e-03 1.310106017626821995e-03 0.000000000000000000e+00 9.786909213289618492e-04 0.000000000000000000e+00 7.454176433384418488e-03 0.000000000000000000e+00 6.867807824164628983e-03 4.590257070958614349e-03 3.894053166732192039e-03 4.103405401110649109e-03
0.000000000000000000e+00 0.000000000000000000e+00 0.000000000000000000e+00 0.000000000000000000e+00 8.096492965705692768e-04 0.000000000000000000e+00 0.000000000000000000e+00 0.000000000000000000e+00 6.940236780792474747e-03 4.215866792947053909e-03 2.548565389588475227e-03
0.000000000000000000e+00 3.087213728576898575e-03 8.682760410010814667e-03 0.000000000000000000e+00 0.000000000000000000e+00 0.000000000000000000e+00 1.958387205377221107e-03 1.679932698607444763e-03 2.222492592409253120e-03 4.265282768756151199e-03 2.314201556146144867e-03
1.197005156427621841e-02 7.700300309807062149e-03 9.054326452314853668e-03 0.000000000000000000e+00 3.398176655173301697e-02 0.000000000000000000e+00 0.000000000000000000e+00 0.000000000000000000e+00 6.095398217439651489e-03 0.000000000000000000e+00 4.321891348809003830e-03
0.000000000000000000e+00 0.000000000000000000e+00 2.194398120991536416e-06 4.293181632419873495e-07 5.865811090188799426e-06 0.000000000000000000e+00 3.466428779574926011e-06 7.296505373233230785e-07 0.000000000000000000e+00 2.135233216904453002e-06 0.000000000000000000e+00
