0.000000000000000000e+00 0.000000000000000000e+00 0.000000000000000000e+00 0.000000000000000000e+00 0.000000000000000000e+00 0.000000000000000000e+00 5.951962433755397797e-03 0.000000000000000000e+00 7.926031830720603466e-04 0.000000000000000000e+00 0.000000000000000000e+00
8.449427783489227295e-03 0.000000000000000000e+00 0.000000000000000000e+00 7.238906342536211014e-03 4.266531905159354210e-04 0.000000000000000000e+00 1.139157451689243317e-03 0.000000000000000000e+00 0.000000000000000000e+00 0.000000000000000000e+00 3.962670452892780304e-03
0.000000000000000000e+00 3.556862939149141312e-03 0.000000000000000000e+00 2.636526944115757942e-03 0.000000000000000000e+00 1.079949666745960712e-03 1.788023160770535469e-03 0.000000000000000000e+00 8.504000492393970490e-03 1.956913620233535767e-03 0.000000000000000000e+00
7.125257514417171478e-03 0.000000000000000000e+00 0.000000000000000000e+00 6.288870645221322775e-05 7.426717318594455719e-03 0.000000000000000000e+00 0.000000000000000000e+00 5.915818270295858383e-03 0.000000000000000000e+00 8.496147580444812775e-03 0.000000000000000000e+00
1.487944537075236440e-04 3.030950610991567373e-04 5.298116011545062065e-04 2.594070683699101210e-04 0.000000000000000000e+00 3.557081217877566814e-04 2.322079672012478113e-04 2.127791522070765495e-04 3.017284325323998928e-04 4.758040886372327805e-04 9.428757475689053535e-04
0.000000000000000000e+00 0.000000000000000000e+00 0.000000000000000000e+00 0.000000000000000000e+00 0.000000000000000000e+00 5.006346618756651878e-04 0.000000000000000000e+00 0.000000000000000000e+00 0.000000000000000000e+00 0.000000000000000000e+00 0.000000000000000000e+00
1.097037643194198608e-02 0.000000000000000000e+00 0.000000000000000000e+00 0.000000000000000000e+00 0.000000000000000000e+00 2.569721546024084091e-03 0.000000000000000000e+00 7.177374325692653656e-03 6.267653778195381165e-03 4.330154042690992355e-03 2.825084142386913300e-03
0.000000000000000000e+00 1.142594381235539913e-03 0.000000000000000000e+00 3.196278586983680725e-03 3.267787542426958680e-05 0.000000000000000000e+00 2.035371260717511177e-03 0.000000000000000000e+00 1.132684946060180664e-02 0.000000000000000000e+00 0.000000000000000000e+00
7.571922149509191513e-03 7.344345562160015106e-03 1.578874536789953709e-03 8.560222340747714043e-04 0.000000000000000000e+00 0.000000000000000000e+00 5.839922931045293808e-03 3.094640851486474276e-05 0.000000000000000000e+00 3.252589376643300056e-03 6.085729692131280899e-03
7.286029867827892303e-03 3.819281700998544693e-03 7.226288318634033203e-03 0.000000000000000000e+00 3.150989115238189697e-02 4.146916326135396957e-03 7.353050750680267811e-04 2.034303965047001839e-03 2.427850122330710292e-04 0.000000000000000000e+00 4.305118229240179062e-03
0.000000000000000000e+00 1.593637577457229781e-08 4.275479113857727498e-06 0.000000000000000000e+00 9.766426956048235297e-06 0.000000000000000000e+00 0.000000000000000000e+00 3.833993559965165332e-06 0.000000000000000000e+00 1.981028390218853019e-06 0.000000000000000000e+00
