0.000000000000000000e+00 0.000000000000000000e+00 2.669973997399210930e-03 0.000000000000000000e+00 0.000000000000000000e+00 0.000000000000000000e+00 1.984872855246067047e-03 4.507944453507661819e-03 0.000000000000000000e+00 0.000000000000000000e+00 0.000000000000000000e+00
3.938903100788593292e-03 0.000000000000000000e+00 2.136112190783023834e-03 0.000000000000000000e+00 7.575807161629199982e-03 0.000000000000000000e+00 4.763880278915166855e-03 0.000000000000000000e+00 0.000000000000000000e+00 0.000000000000000000e+00 0.000000000000000000e+00
0.000000000000000000e+00 3.510901704430580139e-03 2.763864118605852127e-03 0.000000000000000000e+00 0.000000000000000000e+00 6.983561906963586807e-03 0.000000000000000000e+00 0.000000000000000000e+00 0.000000000000000000e+00 1.143895275890827179e-02 4.436270333826541901e-03
4.323649685829877853e-03 0.000000000000000000e+00 0.000000000000000000e+00 0.000000000000000000e+00 1.361477095633745193e-02 2.337270416319370270e-03 4.402702208608388901e-03 4.366265144199132919e-03 1.235401607118546963e-03 0.000000000000000000e+00 0.000000000000000000e+00
6.564323120983317494e-05 1.553927722852677107e-04 1.843064237618818879e-04 1.786796492524445057e-04 0.000000000000000000e+00 7.842360355425626040e-05 2.341972285648807883e-04 1.590804022271186113e-04 1.308395439991727471e-04 3.720361855812370777e-04 5.331889842636883259e-04
0.000000000000000000e+00 0.000000000000000000e+00 0.000000000000000000e+00 0.000000000000000000e+00 0.000000000000000000e+00 4.226269200444221497e-03 0.000000000000000000e+00 0.000000000000000000e+00 0.000000000000000000e+00 0.000000000000000000e+00 0.000000000000000000e+00
0.000000000000000000e+00 0.000000000000000000e+00 0.000000000000000000e+00 0.000000000000000000e+00 0.000000000000000000e+00 0.000000000000000000e+00 1.153312902897596359e-02 1.482037082314491272e-02 7.852022536098957062e-03 4.820643924176692963e-03 1.004994101822376251e-02
0.000000000000000000e+00 0.000000000000000000e+00 0.000000000000000000e+00 2.377919619902968407e-03 8.009446784853935242e-03 3.624286502599716187e-03 3.892177192028611898e-04 6.862548762001097202e-04 8.856886997818946838e-03 0.000000000000000000e+00 0.000000000000000000e+00
5.395531654357910156e-03 4.259968176484107971e-03 4.945978871546685696e-04 0.000000000000000000e+00 0.000000000000000000e+00 8.623989415355026722e-04 9.072149172425270081e-03 0.000000000000000000e+00 6.849591154605150223e-04 0.000000000000000000e+00 3.297655144706368446e-03
7.942549884319305420e-03 2.208715770393610001e-03 5.063191521912813187e-03 0.000000000000000000e+00 4.136133566498756409e-02 0.000000000000000000e+00 0.000000000000000000e+00 0.000000000000000000e+00 0.000000000000000000e+00 0.000000000000000000e+00 1.250663213431835175e-02
0.000000000000000000e+00 0.000000000000000000e+00 2.102176267726463266e-06 3.556525598469306715e-07 8.166208317561540753e-06 0.000000000000000000e+00 0.000000000000000000e+00 0.000000000000000000e+00 0.000000000000000000e+00 0.000000000000000000e+00 0.000000000000000000e+00
