0.000000000000000000e+00 0.000000000000000000e+00 3.824671963229775429e-03 0.000000000000000000e+00 0.000000000000000000e+00 0.000000000000000000e+00 5.074824672192335129e-03 1.415400067344307899e-03 6.639764644205570221e-03 8.196115377359092236e-04 0.000000000000000000e+00
1.654067821800708771e-02 0.000000000000000000e+00 6.699915509670972824e-03 5.423616152256727219e-03 1.766051631420850754e-03 0.000000000000000000e+00 2.046297769993543625e-03 0.000000000000000000e+00 0.000000000000000000e+00 0.000000000000000000e+00 5.878719035536050797e-03
0.000000000000000000e+00 1.058701705187559128e-02 0.000000000000000000e+00 0.000000000000000000e+00 0.000000000000000000e+00 0.000000000000000000e+00 7.105188444256782532e-03 0.000000000000000000e+00 3.603438148275017738e-03 8.178669027984142303e-03 0.000000000000000000e+00
5.745608825236558914e-03 0.000000000000000000e+00 0.000000000000000000e+00 0.000000000000000000e+00 0.000000000000000000e+00 8.363033644855022430e-03 0.000000000000000000e+00 1.473120786249637604e-02 0.000000000000000000e+00 0.000000000000000000e+00 0.000000000000000000e+00
0.000000000000000000e+00 6.586781819351017475e-05 4.994147457182407379e-05 5.898246399738127366e-06 0.000000000000000000e+00 0.000000000000000000e+00 0.000000000000000000e+00 5.632306056213565171e-05 0.000000000000000000e+00 0.000000000000000000e+00 3.637244226410984993e-04
0.000000000000000000e+00 0.000000000000000000e+00 0.000000000000000000e+00 0.000000000000000000e+00 0.000000000000000000e+00 0.000000000000000000e+00 0.000000000000000000e+00 0.000000000000000000e+00 0.000000000000000000e+00 0.000000000000000000e+00 1.734723475976807094e-18
1.242206199094653130e-03 6.783029995858669281e-03 0.000000000000000000e+00 2.689549000933766365e-03 0.000000000000000000e+00 0.000000000000000000e+00 1.297565642744302750e-03 0.000000000000000000e+00 2.149784471839666367e-03 5.774348974227905273e-03 6.535631837323307991e-04
0.000000000000000000e+00 0.000000000000000000e+00 0.000000000000000000e+00 0.000000000000000000e+00 0.000000000000000000e+00 0.000000000000000000e+00 0.000000000000000000e+00 0.000000000000000000e+00 5.633250810205936432e-03 2.544091839808970690e-04 0.000000000000000000e+00
0.000000000000000000e+00 0.000000000000000000e+00 5.280883517116308212e-03 0.000000000000000000e+00 2.083487808704376221e-03 0.000000000000000000e+00 2.596912439912557602e-03 0.000000000000000000e+00 7.765733171254396439e-04 4.942042753100395203e-03 8.980428799986839294e-03
4.863823298364877701e-03 0.000000000000000000e+00 8.667337708175182343e-03 1.970108831301331520e-03 3.942938521504402161e-02 0.000000000000000000e+00 0.000000000000000000e+00 0.000000000000000000e+00 8.135301992297172546e-03 0.000000000000000000e+00 1.011927984654903412e-02
0.000000000000000000e+00 2.944368482360459893e-08 4.660611466533737257e-06 9.827257372307940386e-07 7.231557447084924206e-06 0.000000000000000000e+00 2.485976665411726572e-06 2.843104994099121541e-06 5.404701397537792218e-08 3.186927642673254013e-06 0.000000000000000000e+00
