0.000000000000000000e+00 0.000000000000000000e+00 8.009776356630027294e-04 0.000000000000000000e+00 0.000000000000000000e+00 0.000000000000000000e+00 2.687687985599040985e-03 2.980094170197844505e-03 0.000000000000000000e+00 0.000000000000000000e+00 0.000000000000000000e+00
2.133452799171209335e-03 0.000000000000000000e+00 2.493502339348196983e-03 3.858958953060209751e-04 0.000000000000000000e+00 0.000000000000000000e+00 0.000000000000000000e+00 0.000000000000000000e+00 0.000000000000000000e+00 0.000000000000000000e+00 0.000000000000000000e+00
0.000000000000000000e+00 2.710952423512935638e-03 2.589562907814979553e-03 0.000000000000000000e+00 0.000000000000000000e+00 1.303362194448709488e-03 0.000000000000000000e+00 0.000000000000000000e+00 0.000000000000000000e+00 3.945766948163509369e-03 0.000000000000000000e+00
0.000000000000000000e+00 0.000000000000000000e+00 0.000000000000000000e+00 1.768747315509244800e-04 0.000000000000000000e+00 1.836446113884449005e-03 2.720753545872867107e-04 2.133212052285671234e-03 1.109508099034428596e-03 1.672119135037064552e-03 0.000000000000000000e+00
2.623902946652378887e-05 2.212896069977432489e-04 1.304938778048381209e-04 1.195723671116866171e-04 0.000000000000000000e+00 1.068762940121814609e-04 1.708756317384541035e-04 4.890155469183810055e-05 1.125658818637020886e-04 1.097894855774939060e-04 3.726638678926974535e-04
0.000000000000000000e+00 7.904717931523919106e-04 2.112298272550106049e-03 9.749010205268859863e-04 0.000000000000000000e+00 1.043295860290527344e-02 0.000000000000000000e+00 0.000000000000000000e+00 0.000000000000000000e+00 2.890604780986905098e-03 1.513181533664464951e-02
2.462946576997637749e-03 0.000000000000000000e+00 0.000000000000000000e+00 2.193617983721196651e-04 0.000000000000000000e+00 1.550268265418708324e-03 0.000000000000000000e+00 0.000000000000000000e+00 2.655981807038187981e-03 1.783355022780597210e-03 2.132983878254890442e-03
0.000000000000000000e+00 1.932054292410612106e-03 0.000000000000000000e+00 0.000000000000000000e+00 0.000000000000000000e+00 0.000000000000000000e+00 0.000000000000000000e+00 0.000000000000000000e+00 1.415266073308885098e-03 0.000000000000000000e+00 0.000000000000000000e+00
0.000000000000000000e+00 1.087829004973173141e-03 1.983721507713198662e-03 9.405118180438876152e-04 0.000000000000000000e+00 0.000000000000000000e+00 0.000000000000000000e+00 0.000000000000000000e+00 1.533170812763273716e-03 0.000000000000000000e+00 2.857471350580453873e-03
1.811350230127573013e-03 0.000000000000000000e+00 2.387276152148842812e-03 1.959743240149691701e-04 1.285151857882738113e-02 1.589931081980466843e-03 0.000000000000000000e+00 0.000000000000000000e+00 4.287748597562313080e-04 0.000000000000000000e+00 3.994951490312814713e-03
0.000000000000000000e+00 0.000000000000000000e+00 8.150444955390412360e-06 0.000000000000000000e+00 2.034699718933552504e-05 0.000000000000000000e+00 0.000000000000000000e+00 7.099199137883260846e-06 0.000000000000000000e+00 9.683230018708854914e-06 0.000000000000000000e+00
