0.000000000000000000e+00 1.279995078220963478e-03 1.972221652977168560e-04 0.000000000000000000e+00 0.000000000000000000e+00 0.000000000000000000e+00 1.157416380010545254e-03 2.062037819996476173e-03 0.000000000000000000e+00 0.000000000000000000e+00 0.000000000000000000e+00
1.187695423141121864e-03 0.000000000000000000e+00 1.975621416931971908e-04 3.159375395625829697e-03 0.000000000000000000e+00 0.000000000000000000e+00 1.489598536863923073e-03 0.000000000000000000e+00 0.000000000000000000e+00 0.000000000000000000e+00 0.000000000000000000e+00
0.000000000000000000e+00 2.623173175379633904e-03 3.470709547400474548e-03 0.000000000000000000e+00 0.000000000000000000e+00 5.809474736452102661e-03 1.026391517370939255e-03 0.000000000000000000e+00 8.706231019459664822e-04 3.338255221024155617e-03 0.000000000000000000e+00
3.064423101022839546e-03 0.000000000000000000e+00 0.000000000000000000e+00 0.000000000000000000e+00 0.000000000000000000e+00 0.000000000000000000e+00 4.225921584293246269e-04 2.483236836269497871e-03 5.137952975928783417e-03 1.776977092958986759e-03 0.000000000000000000e+00
0.000000000000000000e+00 2.784685057122260332e-04 1.299847499467432499e-04 2.594487450551241636e-04 0.000000000000000000e+00 2.052689378615468740e-04 2.247086667921394110e-04 4.725456165033392608e-05 2.153435198124498129e-04 2.844282716978341341e-04 5.639113369397819042e-04
0.000000000000000000e+00 0.000000000000000000e+00 4.960086662322282791e-03 0.000000000000000000e+00 0.000000000000000000e+00 1.451169792562723160e-02 2.444904530420899391e-03 0.000000000000000000e+00 4.141683748457580805e-04 3.930179867893457413e-03 2.020560577511787415e-02
2.819926303345710039e-04 1.953972969204187393e-03 1.572258770465850830e-03 2.751715481281280518e-03 6.566899828612804413e-04 3.545212326571345329e-03 3.996819723397493362e-03 7.973012980073690414e-04 5.204257089644670486e-03 3.803043626248836517e-03 0.000000000000000000e+00
0.000000000000000000e+00 0.000000000000000000e+00 5.675491411238908768e-04 0.000000000000000000e+00 2.688120817765593529e-03 0.000000000000000000e+00 5.861523095518350601e-04 0.000000000000000000e+00 0.000000000000000000e+00 0.000000000000000000e+00 5.475598387420177460e-03
0.000000000000000000e+00 1.966715790331363678e-03 0.000000000000000000e+00 1.289490610361099243e-03 0.000000000000000000e+00 0.000000000000000000e+00 5.201340536586940289e-04 2.934702672064304352e-03 0.000000000000000000e+00 0.000000000000000000e+00 1.248821150511503220e-03
2.883344655856490135e-03 2.559195738285779953e-03 3.094562096521258354e-03 0.000000000000000000e+00 1.298622228205204010e-02 0.000000000000000000e+00 0.000000000000000000e+00 0.000000000000000000e+00 4.849659744650125504e-03 1.114462036639451981e-03 7.564876228570938110e-03
0.000000000000000000e+00 0.000000000000000000e+00 1.675429666647687554e-05 5.831092039443319663e-06 1.492084174969932064e-05 0.000000000000000000e+00 5.352754214982269332e-06 6.202194981597131118e-06 0.000000000000000000e+00 1.302481086895568296e-05 0.000000000000000000e+00
