0.000000000000000000e+00 0.000000000000000000e+00 0.000000000000000000e+00 0.000000000000000000e+00 0.000000000000000000e+00 0.000000000000000000e+00 0.000000000000000000e+00 1.145269256085157394e-03 0.000000000000000000e+00 0.000000000000000000e+00 0.000000000000000000e+00
2.896332181990146637e-03 0.000000000000000000e+00 0.000000000000000000e+00 0.000000000000000000e+00 0.000000000000000000e+00 0.000000000000000000e+00 4.040427971631288528e-03 0.000000000000000000e+00 3.597530536353588104e-03 1.845614286139607430e-03 0.000000000000000000e+00
0.000000000000000000e+00 7.823901250958442688e-03 0.000000000000000000e+00 0.000000000000000000e+00 0.000000000000000000e+00 1.342826988548040390e-02 7.754704914987087250e-03 0.000000000000000000e+00 0.000000000000000000e+00 4.887655843049287796e-03 3.857402363792061806e-03
7.931372150778770447e-03 0.000000000000000000e+00 0.000000000000000000e+00 0.000000000000000000e+00 1.377274398691952229e-03 1.551898079924285412e-03 6.858297856524586678e-04 1.082466170191764832e-02 1.001265738159418106e-02 0.000000000000000000e+00 0.000000000000000000e+00
0.000000000000000000e+00 4.639709732146002352e-05 1.093485770979896188e-04 5.579783464781939983e-05 0.000000000000000000e+00 1.638386493141297251e-05 4.711337533080950379e-05 0.000000000000000000e+00 4.759384682984091341e-05 1.488675916334614158e-04 2.217577130068093538e-04
0.000000000000000000e+00 0.000000000000000000e+00 0.000000000000000000e+00 0.000000000000000000e+00 0.000000000000000000e+00 0.000000000000000000e+00 0.000000000000000000e+00 0.000000000000000000e+00 0.000000000000000000e+00 0.000000000000000000e+00 4.862638656049966812e-03
1.842281897552311420e-03 0.000000000000000000e+00 0.000000000000000000e+00 0.000000000000000000e+00 0.000000000000000000e+00 7.504558307118713856e-04 9.551730472594499588e-04 3.517267061397433281e-03 1.636400585994124413e-03 6.983503233641386032e-03 8.326203562319278717e-03
0.000000000000000000e+00 4.144131205976009369e-03 0.000000000000000000e+00 3.123660106211900711e-03 1.110783312469720840e-03 0.000000000000000000e+00 0.000000000000000000e+00 2.775938715785741806e-03 1.370855886489152908e-02 0.000000000000000000e+00 0.000000000000000000e+00
1.254887552931904793e-03 3.484464948996901512e-03 0.000000000000000000e+00 0.000000000000000000e+00 0.000000000000000000e+00 3.288235282525420189e-03 2.604644512757658958e-03 0.000000000000000000e+00 4.019623156636953354e-03 0.000000000000000000e+00 5.155259277671575546e-04
5.466431379318237305e-03 0.000000000000000000e+00 4.233842715620994568e-03 0.000000000000000000e+00 3.291264548897743225e-02 7.502903230488300323e-03 0.000000000000000000e+00 0.000000000000000000e+00 1.434963778592646122e-03 0.000000000000000000e+00 1.796047389507293701e-02
0.000000000000000000e+00 0.000000000000000000e+00 2.116589257639134303e-06 1.379346258545410819e-06 3.240591240682988428e-06 0.000000000000000000e+00 3.015754828084027395e-07 7.222952831398288254e-07 0.000000000000000000e+00 5.946247938481974415e-07 0.000000000000000000e+00
