0.000000000000000000e+00 0.000000000000000000e+00 1.868735416792333126e-03 0.000000000000000000e+00 0.000000000000000000e+00 0.000000000000000000e+00 0.000000000000000000e+00 8.158268406987190247e-03 9.692825376987457275e-03 0.000000000000000000e+00 0.000000000000000000e+00
7.246244698762893677e-03 0.000000000000000000e+00 5.915537942200899124e-03 5.350218270905315876e-04 0.000000000000000000e+00 0.000000000000000000e+00 6.520274095237255096e-03 0.000000000000000000e+00 0.000000000000000000e+00 0.000000000000000000e+00 0.000000000000000000e+00
0.000000000000000000e+00 2.812551567330956459e-03 0.000000000000000000e+00 0.000000000000000000e+00 2.539176261052489281e-03 6.010333076119422913e-03 0.000000000000000000e+00 0.000000000000000000e+00 9.118249639868736267e-03 7.807224988937377930e-03 4.652465227991342545e-03
1.624361611902713776e-03 0.000000000000000000e+00 0.000000000000000000e+00 2.825229894369840622e-03 7.058285642415285110e-03 0.000000000000000000e+00 0.000000000000000000e+00 7.748260628432035446e-03 3.484467044472694397e-03 4.354850854724645615e-03 0.000000000000000000e+00
0.000000000000000000e+00 1.342596515314653516e-04 1.714843710942659527e-05 4.181184522167313844e-06 0.000000000000000000e+00 9.435673564439639449e-05 1.887568942038342357e-05 0.000000000000000000e+00 0.000000000000000000e+00 1.102747482946142554e-04 4.147842118982225657e-04
0.000000000000000000e+00 0.000000000000000000e+00 0.000000000000000000e+00 0.000000000000000000e+00 0.000000000000000000e+00 1.290931366384029388e-03 0.000000000000000000e+00 0.000000000000000000e+00 0.000000000000000000e+00 0.000000000000000000e+00 0.000000000000000000e+00
7.463367190212011337e-03 0.000000000000000000e+00 0.000000000000000000e+00 0.000000000000000000e+00 0.000000000000000000e+00 0.000000000000000000e+00 5.574387498199939728e-03 4.552058875560760498e-03 3.341555595397949219e-03 4.121392965316772461e-03 2.253050683066248894e-03
0.000000000000000000e+00 0.000000000000000000e+00 1.207364723086357117e-03 1.174426754005253315e-03 5.364911165088415146e-03 1.024677112582139671e-04 0.000000000000000000e+00 0.000000000000000000e+00 1.468624686822295189e-03 0.000000000000000000e+00 0.000000000000000000e+00
0.000000000000000000e+00 0.000000000000000000e+00 1.063327945303171873e-04 0.000000000000000000e+00 3.797350218519568443e-03 0.000000000000000000e+00 1.373734511435031891e-02 0.000000000000000000e+00 0.000000000000000000e+00 6.732253823429346085e-03 1.793624251149594784e-03
1.193974632769823074e-02 1.038268581032752991e-02 5.937320529483258724e-04 0.000000000000000000e+00 3.062560409307479858e-02 5.759285995736718178e-04 1.409607357345521450e-03 0.000000000000000000e+00 0.000000000000000000e+00 0.000000000000000000e+00 5.041029304265975952e-03
0.000000000000000000e+00 0.000000000000000000e+00 5.643059012072626501e-06 0.000000000000000000e+00 7.580899819004116580e-06 0.000000000000000000e+00 0.000000000000000000e+00 1.535169076305464841e-06 0.000000000000000000e+00 0.000000000000000000e+00 0.000000000000000000e+00
