0.000000000000000000e+00 5.076726913452148438e+00 1.074527832031250000e+03 0.000000000000000000e+00 0.000000000000000000e+00 0.000000000000000000e+00 2.318409375000000000e+04 5.471819824218750000e+03 6.350964355468750000e+02 3.427086791992187500e+02 0.000000000000000000e+00
1.280895312500000000e+04 0.000000000000000000e+00 5.530518554687500000e+03 1.797998352050781250e+02 1.482088476562500000e+04 3.999391796875000000e+04 2.848260351562500000e+04 4.937088966369628906e+00 3.247804101562500000e+04 9.579994201660156250e+00 1.249449023437500000e+04
4.232802734375000000e+02 5.721735229492187500e+02 2.590887220321747009e-07 5.502709960937500000e+01 8.162877197265625000e+02 1.231161621093750000e+04 1.134736633300781250e+02 3.949632123112678528e-02 5.447352294921875000e+02 2.388838623046875000e+03 1.415222778320312500e+03
6.129847412109375000e+02 1.089173355102539062e+02 5.436388030648231506e-02 2.251465606689453125e+01 1.786483789062500000e+04 1.115376663208007812e+02 8.572284179687500000e+03 1.100704980468750000e+04 2.447848320007324219e+01 3.743043136596679688e+01 1.058093066406250000e+04
2.943955548107624054e-02 3.999116897583007812e+00 6.365445852279663086e-01 0.000000000000000000e+00 0.000000000000000000e+00 1.569024473428726196e-01 3.188804157616687007e-06 3.940620459616184235e-03 1.492678046226501465e+00 6.775041103363037109e+00 3.986602020263671875e+01
0.000000000000000000e+00 0.000000000000000000e+00 0.000000000000000000e+00 0.000000000000000000e+00 0.000000000000000000e+00 0.000000000000000000e+00 0.000000000000000000e+00 0.000000000000000000e+00 0.000000000000000000e+00 0.000000000000000000e+00 0.000000000000000000e+00
5.015493164062500000e+02 6.484648437500000000e+02 4.094787216186523438e+01 8.681544921875000000e+03 2.729154968261718750e+02 4.251570892333984375e+01 3.348823852539062500e+02 4.598374938964843750e+01 3.263416748046875000e+02 5.457666015625000000e+02 5.574070312500000000e+04
3.299789568700361997e-06 5.224523437500000000e+03 6.134563064575195312e+01 4.591520337271504104e-06 2.116718750000000000e+04 1.353432617187500000e+02 2.198644042968750000e+03 7.529008789062500000e+02 2.521960937500000000e+04 1.277552947998046875e+02 8.710834503173828125e+01
0.000000000000000000e+00 1.767346191406250000e+02 7.948577270507812500e+02 3.820700988769531250e+02 8.028415527343750000e+02 1.692649609375000000e+04 1.035054687500000000e+04 2.956146781798452139e-04 1.372518825531005859e+01 1.472433662414550781e+01 7.406462192535400391e+00
0.000000000000000000e+00 0.000000000000000000e+00 0.000000000000000000e+00 0.000000000000000000e+00 5.812512969970703125e+01 0.000000000000000000e+00 0.000000000000000000e+00 0.000000000000000000e+00 0.000000000000000000e+00 0.000000000000000000e+00 0.000000000000000000e+00
0.000000000000000000e+00 3.954668529331684113e-03 4.922614693641662598e-01 4.457421228289604187e-02 6.101095080375671387e-01 0.000000000000000000e+00 7.388617098331451416e-02 2.169201672077178955e-01 1.878452859818935394e-02 1.511127650737762451e-01 1.029499344440409914e-06
