0.000000000000000000e+00 0.000000000000000000e+00 4.319085739552974701e-03 0.000000000000000000e+00 0.000000000000000000e+00 0.000000000000000000e+00 6.451117992401123047e-01 4.759923219680786133e-01 1.986645907163619995e-01 0.000000000000000000e+00 0.000000000000000000e+00
2.850419096648693085e-02 0.000000000000000000e+00 5.302764941006898880e-03 1.251206845045089722e-01 3.106247186660766602e-01 1.156771332025527954e-01 9.198550134897232056e-03 2.043823301792144775e-01 1.425228267908096313e-02 1.420309841632843018e-01 3.446205258369445801e-01
2.659749705344438553e-03 5.906586069613695145e-03 5.537519603967666626e-02 0.000000000000000000e+00 1.255105598829686642e-04 5.779695138335227966e-02 1.629346013069152832e-01 0.000000000000000000e+00 2.154351910576224327e-03 1.042861938476562500e-01 4.860548360738903284e-04
9.323973208665847778e-02 0.000000000000000000e+00 0.000000000000000000e+00 3.177662938833236694e-02 6.661240011453628540e-02 0.000000000000000000e+00 1.060226559638977051e-01 1.387741416692733765e-02 1.508441269397735596e-01 2.879767213016748428e-03 0.000000000000000000e+00
6.236006447579711676e-05 1.295299851335585117e-03 8.992225630208849907e-04 5.251480033621191978e-04 0.000000000000000000e+00 4.078652127645909786e-04 3.450152871664613485e-04 3.363572759553790092e-04 3.843416925519704819e-04 9.664539247751235962e-04 2.884746994823217392e-03
0.000000000000000000e+00 0.000000000000000000e+00 0.000000000000000000e+00 0.000000000000000000e+00 0.000000000000000000e+00 2.615785226225852966e-03 0.000000000000000000e+00 0.000000000000000000e+00 0.000000000000000000e+00 0.000000000000000000e+00 7.260333222802728415e-05
1.067875605076551437e-02 1.692249178886413574e-01 0.000000000000000000e+00 1.208821460604667664e-01 0.000000000000000000e+00 8.750259131193161011e-02 8.246484398841857910e-02 1.089738756418228149e-01 1.400954723358154297e-01 1.480886638164520264e-01 1.268009841442108154e-01
0.000000000000000000e+00 1.505145281553268433e-01 8.224982768297195435e-02 1.933879801072180271e-03 2.578032314777374268e-01 8.402697741985321045e-02 6.884423783048987389e-04 0.000000000000000000e+00 2.324857860803604126e-01 0.000000000000000000e+00 4.577926918864250183e-02
0.000000000000000000e+00 5.874651484191417694e-03 2.493562176823616028e-03 0.000000000000000000e+00 0.000000000000000000e+00 2.742485702037811279e-01 1.013254821300506592e-01 3.348655998706817627e-02 1.631305217742919922e-01 2.680054865777492523e-03 2.284155040979385376e-01
1.077455352060496807e-03 9.064923971891403198e-03 1.403927803039550781e-02 0.000000000000000000e+00 2.046785950660705566e-01 1.038140244781970978e-02 5.643261596560478210e-03 1.114548300392925739e-03 0.000000000000000000e+00 0.000000000000000000e+00 6.298515945672988892e-02
0.000000000000000000e+00 1.085203280126734171e-06 1.869613697635941207e-05 0.000000000000000000e+00 5.232842522673308849e-05 0.000000000000000000e+00 5.350604169507278129e-06 1.436103229934815317e-05 0.000000000000000000e+00 5.019942818762501702e-06 0.000000000000000000e+00
