0.000000000000000000e+00 0.000000000000000000e+00 1.737124519422650337e-03 0.000000000000000000e+00 0.000000000000000000e+00 0.000000000000000000e+00 0.000000000000000000e+00 3.268841188400983810e-03 0.000000000000000000e+00 0.000000000000000000e+00 0.000000000000000000e+00
2.693671034649014473e-03 0.000000000000000000e+00 3.404404968023300171e-03 1.530611421912908554e-03 1.135015394538640976e-03 0.000000000000000000e+00 1.429523923434317112e-03 0.000000000000000000e+00 2.971730427816510201e-03 0.000000000000000000e+00 3.910552244633436203e-03
3.603201359510421753e-03 0.000000000000000000e+00 0.000000000000000000e+00 5.105714080855250359e-04 0.000000000000000000e+00 8.862380869686603546e-03 4.439973272383213043e-03 0.000000000000000000e+00 4.721610341221094131e-03 4.185381811112165451e-03 0.000000000000000000e+00
6.791685242205858231e-03 7.156214676797389984e-03 0.000000000000000000e+00 0.000000000000000000e+00 5.843071267008781433e-03 0.000000000000000000e+00 8.590417564846575260e-04 1.218094956129789352e-02 0.000000000000000000e+00 0.000000000000000000e+00 0.000000000000000000e+00
7.697508408455178142e-05 1.515530166216194630e-04 2.247741358587518334e-04 1.325288612861186266e-04 0.000000000000000000e+00 1.934698811965063214e-04 0.000000000000000000e+00 0.000000000000000000e+00 1.521649683127179742e-04 4.109188157599419355e-04 6.331396289169788361e-04
0.000000000000000000e+00 0.000000000000000000e+00 0.000000000000000000e+00 0.000000000000000000e+00 0.000000000000000000e+00 7.805090281181037426e-04 0.000000000000000000e+00 0.000000000000000000e+00 0.000000000000000000e+00 0.000000000000000000e+00 0.000000000000000000e+00
3.284153062850236893e-03 7.676397450268268585e-03 0.000000000000000000e+00 0.000000000000000000e+00 0.000000000000000000e+00 0.000000000000000000e+00 2.277941675856709480e-03 9.087946382351219654e-04 0.000000000000000000e+00 8.238855749368667603e-03 2.091352129355072975e-03
0.000000000000000000e+00 6.664677639491856098e-04 4.231758648529648781e-04 1.150139942183159292e-04 0.000000000000000000e+00 0.000000000000000000e+00 5.599993746727705002e-04 4.997115582227706909e-03 1.052648015320301056e-02 6.989921093918383121e-04 3.677476430311799049e-03
0.000000000000000000e+00 5.433072336018085480e-03 0.000000000000000000e+00 5.000179633498191833e-03 0.000000000000000000e+00 8.001698734005913138e-05 7.564238272607326508e-03 0.000000000000000000e+00 0.000000000000000000e+00 5.793083459138870239e-03 4.182409902568906546e-04
6.801318377256393433e-03 3.310533706098794937e-03 1.064315997064113617e-02 0.000000000000000000e+00 2.460783720016479492e-02 0.000000000000000000e+00 0.000000000000000000e+00 0.000000000000000000e+00 7.649710867553949356e-03 0.000000000000000000e+00 6.052540149539709091e-03
0.000000000000000000e+00 2.061677975007114583e-07 3.166135684296023101e-06 2.406747626082506031e-06 7.068482318572932854e-06 0.000000000000000000e+00 2.368238256167387590e-06 2.981428451676038094e-06 1.565752540955145378e-06 1.800870450097136199e-06 0.000000000000000000e+00
