0.000000000000000000e+00 2.081771392822265625e+02 3.209071289062500000e+03 0.000000000000000000e+00 0.000000000000000000e+00 0.000000000000000000e+00 8.620568359375000000e+03 9.610590820312500000e+02 7.490945434570312500e+02 1.066920471191406250e+02 0.000000000000000000e+00
5.376907348632812500e+02 0.000000000000000000e+00 2.051396484375000000e+03 4.118388671875000000e+03 4.314833831787109375e+01 3.067590332031250000e+02 2.248798583984375000e+03 4.600250244140625000e+02 2.697149658203125000e+02 9.757891845703125000e+01 4.562693023681640625e+01
1.550142211914062500e+02 1.766738525390625000e+03 4.061177368164062500e+02 5.350875244140625000e+02 5.569731235504150391e+00 3.957595458984375000e+03 4.036019287109375000e+02 2.112431824207305908e-01 2.613084228515625000e+03 5.400541381835937500e+02 6.975915431976318359e+00
3.196028808593750000e+03 2.598512411117553711e+00 2.609105224609375000e+02 8.436148071289062500e+01 1.562291564941406250e+02 9.078166198730468750e+01 2.221127685546875000e+03 2.269427490234375000e+03 2.257758178710937500e+02 1.109011474609375000e+03 5.603236694335937500e+02
2.252254486083984375e+00 1.305726051330566406e+01 1.562060165405273438e+01 6.479408740997314453e-01 0.000000000000000000e+00 9.077455848455429077e-02 8.722656250000000000e+00 1.783905506134033203e+00 3.256916999816894531e-01 1.644943237304687500e+01 4.526611709594726562e+01
0.000000000000000000e+00 0.000000000000000000e+00 0.000000000000000000e+00 0.000000000000000000e+00 0.000000000000000000e+00 6.714910850860178471e-04 0.000000000000000000e+00 0.000000000000000000e+00 0.000000000000000000e+00 0.000000000000000000e+00 1.134447375079616904e-04
5.682896728515625000e+02 6.176759765625000000e+03 1.299247741699218750e-01 4.948424682617187500e+02 9.762266540527343750e+01 4.467088623046875000e+02 3.919747924804687500e+02 3.852893371582031250e+02 7.242182006835937500e+02 1.186676147460937500e+03 4.073082885742187500e+02
6.972813280299305916e-04 5.113754882812500000e+02 5.294934082031250000e+02 1.168841064453125000e+03 4.325356292724609375e+01 1.342913513183593750e+02 7.766122436523437500e+01 3.686396484375000000e+03 5.743701660156250000e+03 4.092475128173828125e+01 1.573740234375000000e+02
1.444372558593750000e+03 3.985476562500000000e+03 2.890340820312500000e+03 3.138208740234375000e+03 6.587367533938959241e-05 2.211446777343750000e+03 2.048488769531250000e+03 2.684061523437500000e+03 2.890388183593750000e+03 1.368841308593750000e+03 2.718897460937500000e+03
0.000000000000000000e+00 0.000000000000000000e+00 0.000000000000000000e+00 0.000000000000000000e+00 3.067677307128906250e+01 0.000000000000000000e+00 0.000000000000000000e+00 0.000000000000000000e+00 0.000000000000000000e+00 0.000000000000000000e+00 3.217925041099078953e-06
0.000000000000000000e+00 2.080574922729283571e-04 3.083880618214607239e-02 5.504754185676574707e-02 5.308907032012939453e-01 0.000000000000000000e+00 1.458488870412111282e-02 1.593461781740188599e-01 0.000000000000000000e+00 2.709195613861083984e-01 7.583503602859309467e-09
