0.000000000000000000e+00 6.245484008789062500e+02 9.467184066772460938e+00 0.000000000000000000e+00 0.000000000000000000e+00 0.000000000000000000e+00 7.714487915039062500e+02 5.462297973632812500e+02 1.056531143188476562e+01 1.726054000854492188e+01 0.000000000000000000e+00
1.651511383056640625e+01 0.000000000000000000e+00 9.880333900451660156e+00 4.350156250000000000e+02 0.000000000000000000e+00 6.298307037353515625e+01 1.231346282958984375e+02 3.252935130149126053e-05 3.737710571289062500e+02 5.976089477539062500e+01 5.257523193359375000e+02
4.218479990959167480e-01 9.019268035888671875e+00 4.928441194351762533e-05 4.482480287551879883e-01 4.426449164748191833e-02 2.736070632934570312e+01 6.205613403320312500e+02 0.000000000000000000e+00 1.904599368572235107e-01 5.014943847656250000e+02 4.119894504547119141e-01
1.959295043945312500e+02 1.771462554931640625e+02 9.211270821651851293e-07 1.739120483398437500e+02 2.799979400634765625e+01 3.122814025878906250e+02 3.674354858398437500e+02 1.643906555175781250e+02 2.244790191650390625e+02 9.631929397583007812e+00 1.390762634277343750e+02
9.882991760969161987e-02 1.632673501968383789e+00 4.259073734283447266e-01 8.519539237022399902e-01 0.000000000000000000e+00 4.654183685779571533e-01 8.657835721969604492e-01 1.562127321958541870e-01 6.409775018692016602e-01 1.837918043136596680e+00 3.212698936462402344e+00
0.000000000000000000e+00 0.000000000000000000e+00 0.000000000000000000e+00 0.000000000000000000e+00 0.000000000000000000e+00 0.000000000000000000e+00 0.000000000000000000e+00 0.000000000000000000e+00 0.000000000000000000e+00 0.000000000000000000e+00 5.754760742187500000e+01
2.708171844482421875e+01 1.513477921485900879e+00 0.000000000000000000e+00 1.728114318847656250e+02 1.076317596435546875e+01 2.930674934387207031e+01 1.274528652429580688e-01 6.292017459869384766e+00 1.248735046386718750e+02 2.377385559082031250e+02 8.354511260986328125e+00
0.000000000000000000e+00 1.354034805297851562e+01 4.414119571447372437e-02 2.265784502029418945e+00 2.093582916259765625e+01 3.799279689788818359e+00 6.205013990402221680e-01 1.311301727294921875e+02 1.694445037841796875e+02 7.103757001459598541e-03 2.793593750000000000e+02
4.637553691864013672e+00 1.421983146667480469e+01 3.277573852539062500e+02 3.528600931167602539e+00 1.070375740528106689e-02 6.509727783203125000e+02 1.758367156982421875e+01 4.055752754211425781e-01 4.565390944480895996e-01 2.034004777669906616e-02 1.145545959472656250e+00
1.910027563571929932e-01 3.391625881195068359e-01 1.963209629058837891e+00 0.000000000000000000e+00 4.182135009765625000e+02 2.917582690715789795e-01 9.713513255119323730e-01 3.356307744979858398e-02 2.148826315533369780e-04 0.000000000000000000e+00 1.784103631973266602e+00
0.000000000000000000e+00 0.000000000000000000e+00 2.809659205377101898e-02 8.033293997868895531e-04 3.578864783048629761e-02 0.000000000000000000e+00 3.093574428930878639e-03 6.811402272433042526e-03 3.632338518855249276e-07 5.411408841609954834e-03 5.957741290330886841e-03
