0.000000000000000000e+00 0.000000000000000000e+00 0.000000000000000000e+00 0.000000000000000000e+00 0.000000000000000000e+00 0.000000000000000000e+00 3.290093038231134415e-03 3.915930632501840591e-03 0.000000000000000000e+00 0.000000000000000000e+00 0.000000000000000000e+00
1.357940677553415298e-02 0.000000000000000000e+00 5.971160251647233963e-03 3.797380020841956139e-03 0.000000000000000000e+00 0.000000000000000000e+00 1.811344991438090801e-03 2.395557705312967300e-03 3.081583883613348007e-03 0.000000000000000000e+00 4.842618014663457870e-03
1.652751467190682888e-03 0.000000000000000000e+00 3.289212239906191826e-03 0.000000000000000000e+00 7.043841294944286346e-03 5.457265302538871765e-03 0.000000000000000000e+00 0.000000000000000000e+00 0.000000000000000000e+00 1.661770977079868317e-02 4.644338507205247879e-03
1.050103083252906799e-02 0.000000000000000000e+00 0.000000000000000000e+00 0.000000000000000000e+00 2.120578428730368614e-03 0.000000000000000000e+00 0.000000000000000000e+00 6.987287662923336029e-03 0.000000000000000000e+00 2.099416160490363836e-04 0.000000000000000000e+00
1.935996988322585821e-04 3.309979510959237814e-04 4.350323579274117947e-04 2.046862791758030653e-04 0.000000000000000000e+00 3.108469536527991295e-04 2.743517979979515076e-04 8.071277261478826404e-05 4.246492462698370218e-04 5.234745331108570099e-04 9.219105704687535763e-04
0.000000000000000000e+00 0.000000000000000000e+00 0.000000000000000000e+00 0.000000000000000000e+00 0.000000000000000000e+00 0.000000000000000000e+00 0.000000000000000000e+00 0.000000000000000000e+00 0.000000000000000000e+00 0.000000000000000000e+00 0.000000000000000000e+00
5.296281073242425919e-03 0.000000000000000000e+00 0.000000000000000000e+00 0.000000000000000000e+00 0.000000000000000000e+00 0.000000000000000000e+00 0.000000000000000000e+00 5.085133016109466553e-03 9.514433331787586212e-04 5.218478851020336151e-03 0.000000000000000000e+00
0.000000000000000000e+00 4.242912400513887405e-03 2.003612928092479706e-03 0.000000000000000000e+00 0.000000000000000000e+00 0.000000000000000000e+00 0.000000000000000000e+00 2.663125749677419662e-03 8.844212628901004791e-03 0.000000000000000000e+00 9.097298607230186462e-03
0.000000000000000000e+00 4.175808746367692947e-03 7.888459600508213043e-03 0.000000000000000000e+00 0.000000000000000000e+00 0.000000000000000000e+00 0.000000000000000000e+00 0.000000000000000000e+00 1.214835283462889493e-04 1.870048145065084100e-04 7.110841572284698486e-03
9.738115593791007996e-03 5.640008486807346344e-03 1.385187916457653046e-02 0.000000000000000000e+00 3.741039708256721497e-02 5.375870503485202789e-03 0.000000000000000000e+00 1.969900447875261307e-03 3.536758711561560631e-03 0.000000000000000000e+00 5.905229132622480392e-03
0.000000000000000000e+00 0.000000000000000000e+00 3.473940751064219512e-06 0.000000000000000000e+00 1.074075953511055559e-05 0.000000000000000000e+00 5.215722467255545780e-07 2.282007699250243604e-06 0.000000000000000000e+00 6.157444204291095957e-06 0.000000000000000000e+00
