0.000000000000000000e+00 0.000000000000000000e+00 0.000000000000000000e+00 0.000000000000000000e+00 0.000000000000000000e+00 0.000000000000000000e+00 0.000000000000000000e+00 3.602774348109960556e-03 0.000000000000000000e+00 0.000000000000000000e+00 0.000000000000000000e+00
9.530798532068729401e-03 0.000000000000000000e+00 0.000000000000000000e+00 3.922841511666774750e-03 0.000000000000000000e+00 0.000000000000000000e+00 0.000000000000000000e+00 6.242112256586551666e-03 0.000000000000000000e+00 8.678834885358810425e-03 3.311197739094495773e-03
0.000000000000000000e+00 2.929782960563898087e-03 1.421502092853188515e-04 0.000000000000000000e+00 0.000000000000000000e+00 2.812567632645368576e-03 6.218746304512023926e-03 0.000000000000000000e+00 0.000000000000000000e+00 6.785573903471231461e-03 0.000000000000000000e+00
8.580671623349189758e-03 0.000000000000000000e+00 0.000000000000000000e+00 0.000000000000000000e+00 2.358504338189959526e-03 0.000000000000000000e+00 6.298164371401071548e-03 2.558559877797961235e-03 8.247727528214454651e-03 0.000000000000000000e+00 7.450873963534832001e-04
4.356629688118118793e-06 2.132194640580564737e-04 3.114833089057356119e-04 1.333687978330999613e-04 0.000000000000000000e+00 2.017763035837560892e-04 1.175230427179485559e-04 1.402886700816452503e-04 5.919097020523622632e-05 4.684999294113367796e-04 7.126848795451223850e-04
0.000000000000000000e+00 0.000000000000000000e+00 0.000000000000000000e+00 0.000000000000000000e+00 0.000000000000000000e+00 0.000000000000000000e+00 0.000000000000000000e+00 0.000000000000000000e+00 0.000000000000000000e+00 0.000000000000000000e+00 0.000000000000000000e+00
3.251414280384778976e-03 2.126346342265605927e-03 7.324145990423858166e-04 2.912749303504824638e-03 0.000000000000000000e+00 3.502638079226016998e-03 4.576104111038148403e-04 2.705161925405263901e-03 4.809794481843709946e-03 6.339970976114273071e-03 6.187985185533761978e-03
0.000000000000000000e+00 6.397227756679058075e-03 0.000000000000000000e+00 3.484178334474563599e-03 1.745930407196283340e-03 5.332308937795460224e-04 9.972278348868712783e-05 0.000000000000000000e+00 5.911575630307197571e-03 0.000000000000000000e+00 5.911791697144508362e-03
0.000000000000000000e+00 2.743465593084692955e-03 4.667633911594748497e-04 3.879594383761286736e-03 0.000000000000000000e+00 0.000000000000000000e+00 2.968615619465708733e-03 1.001878641545772552e-03 0.000000000000000000e+00 0.000000000000000000e+00 6.385476794093847275e-03
6.240502465516328812e-03 0.000000000000000000e+00 6.342872511595487595e-04 0.000000000000000000e+00 3.339399397373199463e-02 0.000000000000000000e+00 0.000000000000000000e+00 2.305039670318365097e-03 1.114134397357702255e-02 7.803230080753564835e-03 1.474183984100818634e-02
0.000000000000000000e+00 3.960846242989646271e-06 6.625733931286958978e-06 6.018105523253325373e-06 2.171672713302541524e-05 0.000000000000000000e+00 7.097895831975620240e-06 6.501096322608646005e-06 0.000000000000000000e+00 1.135103775595780462e-05 0.000000000000000000e+00
