0.000000000000000000e+00 1.428657211363315582e-03 1.378097455017268658e-03 0.000000000000000000e+00 0.000000000000000000e+00 0.000000000000000000e+00 0.000000000000000000e+00 2.992825815454125404e-03 0.000000000000000000e+00 0.000000000000000000e+00 0.000000000000000000e+00
3.290479304268956184e-03 0.000000000000000000e+00 4.752841778099536896e-03 1.381442689307732508e-05 0.000000000000000000e+00 0.000000000000000000e+00 7.139103836379945278e-04 3.814993426203727722e-03 0.000000000000000000e+00 0.000000000000000000e+00 0.000000000000000000e+00
0.000000000000000000e+00 2.998662181198596954e-03 0.000000000000000000e+00 0.000000000000000000e+00 6.284345872700214386e-04 5.895231850445270538e-03 7.102306117303669453e-04 0.000000000000000000e+00 0.000000000000000000e+00 4.117850679904222488e-03 0.000000000000000000e+00
7.124643772840499878e-03 4.101646773051470518e-04 0.000000000000000000e+00 0.000000000000000000e+00 1.871575601398944855e-03 2.980369608849287033e-03 4.279200918972492218e-03 2.670745132490992546e-03 3.450320102274417877e-03 0.000000000000000000e+00 0.000000000000000000e+00
1.030331768561154604e-04 1.324267213931307197e-04 1.306182675762102008e-04 1.507915731053799391e-04 0.000000000000000000e+00 1.563753467053174973e-04 1.788630033843219280e-04 0.000000000000000000e+00 1.221866114065051079e-04 2.641429309733211994e-04 3.045905323233455420e-04
0.000000000000000000e+00 0.000000000000000000e+00 2.298523671925067902e-03 2.076036995276808739e-03 0.000000000000000000e+00 1.136152818799018860e-02 3.135557053610682487e-04 2.796263142954558134e-04 0.000000000000000000e+00 1.782187260687351227e-03 1.814506389200687408e-02
0.000000000000000000e+00 1.398818567395210266e-03 0.000000000000000000e+00 2.068163448711857200e-04 0.000000000000000000e+00 0.000000000000000000e+00 2.743679797276854515e-03 4.837317857891321182e-03 4.597055376507341862e-04 4.604272544384002686e-03 4.566493444144725800e-03
0.000000000000000000e+00 1.357594388537108898e-03 2.285728405695408583e-04 0.000000000000000000e+00 0.000000000000000000e+00 0.000000000000000000e+00 0.000000000000000000e+00 0.000000000000000000e+00 7.478491170331835747e-04 0.000000000000000000e+00 1.477555488236248493e-03
6.990522379055619240e-04 2.878959989175200462e-03 0.000000000000000000e+00 0.000000000000000000e+00 0.000000000000000000e+00 2.065165201202034950e-03 8.635068661533296108e-04 5.119433626532554626e-04 0.000000000000000000e+00 0.000000000000000000e+00 8.571849903091788292e-04
3.204385749995708466e-03 5.042678676545619965e-03 5.179905798286199570e-03 0.000000000000000000e+00 1.705275848507881165e-02 0.000000000000000000e+00 0.000000000000000000e+00 0.000000000000000000e+00 7.760422886349260807e-04 0.000000000000000000e+00 4.160618409514427185e-03
0.000000000000000000e+00 0.000000000000000000e+00 2.288424866492277943e-06 1.568202037560695317e-06 2.965604835480917245e-06 0.000000000000000000e+00 1.584796564202406444e-06 1.947950750036397949e-06 0.000000000000000000e+00 1.406337105436250567e-06 0.000000000000000000e+00
