0.000000000000000000e+00 0.000000000000000000e+00 0.000000000000000000e+00 0.000000000000000000e+00 0.000000000000000000e+00 0.000000000000000000e+00 1.430495060048997402e-03 1.921358285471796989e-03 0.000000000000000000e+00 0.000000000000000000e+00 0.000000000000000000e+00
5.255780182778835297e-03 0.000000000000000000e+00 3.842679550871253014e-03 4.054321616422384977e-04 6.217367015779018402e-03 2.059996360912919044e-03 5.883151199668645859e-03 0.000000000000000000e+00 0.000000000000000000e+00 0.000000000000000000e+00 0.000000000000000000e+00
0.000000000000000000e+00 1.445324160158634186e-02 0.000000000000000000e+00 4.084950312972068787e-03 4.928922746330499649e-03 1.376654300838708878e-02 7.068916223943233490e-03 0.000000000000000000e+00 7.111466955393552780e-03 1.306268386542797089e-04 2.178317168727517128e-03
1.227705273777246475e-02 0.000000000000000000e+00 4.738051939057186246e-05 0.000000000000000000e+00 0.000000000000000000e+00 0.000000000000000000e+00 0.000000000000000000e+00 1.279942877590656281e-02 0.000000000000000000e+00 0.000000000000000000e+00 0.000000000000000000e+00
0.000000000000000000e+00 3.390809069969691336e-05 1.562008546898141503e-04 1.799488527467474341e-04 0.000000000000000000e+00 0.000000000000000000e+00 2.462963675498031080e-05 2.179310686187818646e-04 1.700968132354319096e-04 2.855008933693170547e-04 5.226032808423042297e-04
0.000000000000000000e+00 0.000000000000000000e+00 0.000000000000000000e+00 0.000000000000000000e+00 0.000000000000000000e+00 2.094185911118984222e-04 0.000000000000000000e+00 0.000000000000000000e+00 0.000000000000000000e+00 0.000000000000000000e+00 0.000000000000000000e+00
4.203713964670896530e-03 3.419467713683843613e-03 0.000000000000000000e+00 3.103141207247972488e-04 0.000000000000000000e+00 1.396191888488829136e-03 2.234667073935270309e-03 1.260218955576419830e-02 1.296524703502655029e-02 1.062805484980344772e-02 0.000000000000000000e+00
0.000000000000000000e+00 4.314999096095561981e-03 0.000000000000000000e+00 5.736375227570533752e-03 0.000000000000000000e+00 0.000000000000000000e+00 0.000000000000000000e+00 0.000000000000000000e+00 7.974486798048019409e-03 0.000000000000000000e+00 0.000000000000000000e+00
8.256399072706699371e-03 6.610980723053216934e-03 0.000000000000000000e+00 0.000000000000000000e+00 1.260699122212827206e-03 0.000000000000000000e+00 5.116221494972705841e-03 0.000000000000000000e+00 0.000000000000000000e+00 0.000000000000000000e+00 8.350810967385768890e-03
1.326818950474262238e-02 0.000000000000000000e+00 2.009638771414756775e-02 0.000000000000000000e+00 4.674036428332328796e-02 0.000000000000000000e+00 0.000000000000000000e+00 0.000000000000000000e+00 3.310591448098421097e-03 5.003138445317745209e-03 5.006614141166210175e-03
0.000000000000000000e+00 0.000000000000000000e+00 2.230329300800804049e-06 1.082605649571632966e-06 5.862329999217763543e-06 0.000000000000000000e+00 0.000000000000000000e+00 2.248752707600942813e-06 0.000000000000000000e+00 0.000000000000000000e+00 0.000000000000000000e+00
