0.000000000000000000e+00 3.044869995117187500e+02 9.580497070312500000e+03 0.000000000000000000e+00 0.000000000000000000e+00 0.000000000000000000e+00 6.857145507812500000e+03 1.253652420043945312e+02 1.003675842285156250e+01 3.554557800292968750e+01 0.000000000000000000e+00
1.970375976562500000e+04 0.000000000000000000e+00 8.824945449829101562e+00 2.058066210937500000e+04 1.065810937500000000e+04 3.723812988281250000e+03 2.904861450195312500e+02 6.057745218276977539e-01 8.835073242187500000e+03 1.964828125000000000e+04 1.997302148437500000e+04
1.539527709960937500e+03 2.110283660888671875e+01 4.837944637984037399e-03 1.406012535095214844e+01 1.520600795745849609e+00 4.410578613281250000e+03 5.789632324218750000e+03 1.659857511520385742e+00 3.777594757080078125e+01 3.293837356567382812e+01 1.156702232360839844e+01
9.757271484375000000e+03 1.292887939453125000e+03 8.611142635345458984e-03 5.126786041259765625e+01 1.800703048706054688e+01 3.853896713256835938e+01 1.532858276367187500e+01 5.326901367187500000e+03 3.220758056640625000e+01 7.695746421813964844e-01 2.543061447143554688e+01
7.113622426986694336e-01 1.784168779850006104e-01 1.236200451850891113e+00 6.907365322113037109e-01 0.000000000000000000e+00 1.903554350137710571e-01 2.377997040748596191e-01 1.276322305202484131e-01 2.722113728523254395e-01 1.130978345870971680e+00 6.618843555450439453e+00
0.000000000000000000e+00 0.000000000000000000e+00 0.000000000000000000e+00 0.000000000000000000e+00 0.000000000000000000e+00 2.464973367750644684e-04 0.000000000000000000e+00 0.000000000000000000e+00 0.000000000000000000e+00 0.000000000000000000e+00 0.000000000000000000e+00
6.572024536132812500e+01 2.650095312500000000e+04 1.696499437093734741e-01 1.043429785156250000e+04 0.000000000000000000e+00 3.809359130859375000e+03 4.285198730468750000e+03 6.874675781250000000e+03 6.981065750122070312e+00 9.465444335937500000e+03 1.649699609375000000e+04
1.574788451194763184e+00 3.275737060546875000e+03 2.057603263854980469e+01 1.304249167442321777e-01 4.513494873046875000e+01 2.025510966777801514e-01 0.000000000000000000e+00 4.383602539062500000e+03 2.214398193359375000e+03 1.101695299148559570e+00 8.842384442687034607e-03
0.000000000000000000e+00 3.867827224731445312e+01 2.944078063964843750e+01 3.425782226562500000e+03 1.850205993652343750e+01 5.582283782958984375e+01 3.423843750000000000e+03 1.240542602539062500e+01 1.157976436614990234e+01 6.185714355468750000e+03 1.592369384765625000e+03
0.000000000000000000e+00 0.000000000000000000e+00 0.000000000000000000e+00 0.000000000000000000e+00 0.000000000000000000e+00 0.000000000000000000e+00 0.000000000000000000e+00 0.000000000000000000e+00 0.000000000000000000e+00 0.000000000000000000e+00 0.000000000000000000e+00
0.000000000000000000e+00 8.318984328070655465e-07 4.150374978780746460e-02 7.317003473872318864e-05 7.758577167987823486e-02 0.000000000000000000e+00 4.268012708052992821e-04 6.388838402926921844e-03 3.928581718355417252e-03 3.142317384481430054e-02 1.145032683780300431e-06
