0.000000000000000000e+00 0.000000000000000000e+00 1.063315197825431824e-03 0.000000000000000000e+00 0.000000000000000000e+00 0.000000000000000000e+00 2.461470430716872215e-03 4.434668924659490585e-03 5.069031845778226852e-03 0.000000000000000000e+00 0.000000000000000000e+00
4.978758748620748520e-03 0.000000000000000000e+00 5.886096041649580002e-04 0.000000000000000000e+00 0.000000000000000000e+00 0.000000000000000000e+00 0.000000000000000000e+00 0.000000000000000000e+00 1.086802658392116427e-04 0.000000000000000000e+00 0.000000000000000000e+00
5.484884604811668396e-04 1.910910592414438725e-03 0.000000000000000000e+00 0.000000000000000000e+00 5.876678042113780975e-03 1.594985369592905045e-03 4.042855929583311081e-03 0.000000000000000000e+00 0.000000000000000000e+00 8.715432137250900269e-03 1.600964227691292763e-03
7.647191639989614487e-03 0.000000000000000000e+00 0.000000000000000000e+00 0.000000000000000000e+00 2.541442867368459702e-03 0.000000000000000000e+00 1.910778373712673783e-04 4.151788540184497833e-03 2.435111440718173981e-03 0.000000000000000000e+00 0.000000000000000000e+00
4.548899596557021141e-05 1.343333278782665730e-04 2.262315974803641438e-04 5.070027327747084200e-05 0.000000000000000000e+00 3.044595177925657481e-05 1.354368141619488597e-04 6.397195829777047038e-05 7.421838381560519338e-05 2.235676802229136229e-04 5.193392862565815449e-04
0.000000000000000000e+00 0.000000000000000000e+00 1.872146967798471451e-03 7.682578288950026035e-04 0.000000000000000000e+00 2.077811956405639648e-02 2.050150185823440552e-03 4.929216112941503525e-03 0.000000000000000000e+00 5.820763297379016876e-03 3.032367490231990814e-02
1.613938133232295513e-03 0.000000000000000000e+00 0.000000000000000000e+00 4.497963818721473217e-04 0.000000000000000000e+00 0.000000000000000000e+00 0.000000000000000000e+00 2.384508028626441956e-03 5.090343300253152847e-03 1.400013803504407406e-03 3.505162894725799561e-03
0.000000000000000000e+00 0.000000000000000000e+00 0.000000000000000000e+00 0.000000000000000000e+00 4.093734547495841980e-03 0.000000000000000000e+00 0.000000000000000000e+00 4.831091500818729401e-04 1.195500604808330536e-03 0.000000000000000000e+00 0.000000000000000000e+00
0.000000000000000000e+00 4.515517503023147583e-03 8.202521130442619324e-03 6.801367853768169880e-04 0.000000000000000000e+00 1.976336585357785225e-03 5.693879211321473122e-04 0.000000000000000000e+00 1.659392029978334904e-03 1.102204085327684879e-03 6.218520458787679672e-03
4.248467274010181427e-03 0.000000000000000000e+00 1.013941597193479538e-02 0.000000000000000000e+00 2.608430758118629456e-02 0.000000000000000000e+00 7.555873016826808453e-04 0.000000000000000000e+00 3.875622758641839027e-03 0.000000000000000000e+00 8.414132520556449890e-03
0.000000000000000000e+00 0.000000000000000000e+00 1.788649797163088806e-06 3.590326400626508985e-07 6.195607966219540685e-06 0.000000000000000000e+00 1.456657514609105419e-06 1.209478568853228353e-06 0.000000000000000000e+00 1.191336309602775145e-06 0.000000000000000000e+00
