0.000000000000000000e+00 0.000000000000000000e+00 1.027750666253268719e-03 0.000000000000000000e+00 0.000000000000000000e+00 0.000000000000000000e+00 1.857348368503153324e-03 2.219587564468383789e-03 2.562223700806498528e-03 0.000000000000000000e+00 0.000000000000000000e+00
5.410072393715381622e-03 0.000000000000000000e+00 0.000000000000000000e+00 0.000000000000000000e+00 0.000000000000000000e+00 0.000000000000000000e+00 1.020700554363429546e-03 0.000000000000000000e+00 0.000000000000000000e+00 0.000000000000000000e+00 0.000000000000000000e+00
0.000000000000000000e+00 3.060353919863700867e-03 1.021460047923028469e-03 1.034211134538054466e-03 4.739402327686548233e-03 0.000000000000000000e+00 3.611547872424125671e-04 0.000000000000000000e+00 0.000000000000000000e+00 2.127463929355144501e-03 0.000000000000000000e+00
1.353538362309336662e-03 0.000000000000000000e+00 2.432821551337838173e-03 0.000000000000000000e+00 2.639822661876678467e-03 0.000000000000000000e+00 2.047827874775975943e-04 2.273542806506156921e-03 6.351341726258397102e-04 0.000000000000000000e+00 0.000000000000000000e+00
2.782751471386291087e-05 1.139090600190684199e-04 4.466583413886837661e-05 8.904180867830291390e-05 0.000000000000000000e+00 9.901965677272528410e-05 6.985558866290375590e-05 4.686195097747258842e-05 6.655917968600988388e-05 1.281879667658358812e-04 1.861823693616315722e-04
0.000000000000000000e+00 0.000000000000000000e+00 2.205004682764410973e-03 0.000000000000000000e+00 0.000000000000000000e+00 1.341991499066352844e-02 0.000000000000000000e+00 0.000000000000000000e+00 0.000000000000000000e+00 0.000000000000000000e+00 1.916309073567390442e-02
5.599204916507005692e-03 0.000000000000000000e+00 0.000000000000000000e+00 2.434436930343508720e-03 0.000000000000000000e+00 2.764140488579869270e-03 1.752651005517691374e-04 2.365089720115065575e-03 3.253777977079153061e-03 3.349524922668933868e-03 6.855739629827439785e-04
0.000000000000000000e+00 4.337938502430915833e-03 1.355161890387535095e-03 0.000000000000000000e+00 2.161814831197261810e-03 4.706704057753086090e-03 1.643409254029393196e-03 0.000000000000000000e+00 0.000000000000000000e+00 0.000000000000000000e+00 0.000000000000000000e+00
1.085542375221848488e-03 0.000000000000000000e+00 0.000000000000000000e+00 0.000000000000000000e+00 0.000000000000000000e+00 1.386630116030573845e-03 7.356372661888599396e-03 0.000000000000000000e+00 0.000000000000000000e+00 0.000000000000000000e+00 1.248351763933897018e-03
2.871285192668437958e-03 0.000000000000000000e+00 1.761271385475993156e-03 0.000000000000000000e+00 1.444510836154222488e-02 0.000000000000000000e+00 1.093466999009251595e-03 0.000000000000000000e+00 1.777804456651210785e-03 0.000000000000000000e+00 7.504120934754610062e-03
0.000000000000000000e+00 2.340530613764713053e-08 1.326706495774487848e-07 0.000000000000000000e+00 7.275002076312375721e-07 0.000000000000000000e+00 0.000000000000000000e+00 7.100539960447349586e-07 0.000000000000000000e+00 0.000000000000000000e+00 0.000000000000000000e+00
