0.000000000000000000e+00 4.734338726848363876e-03 4.177249968051910400e-03 0.000000000000000000e+00 0.000000000000000000e+00 0.000000000000000000e+00 6.427071988582611084e-03 2.214984502643346786e-03 7.388509809970855713e-03 3.971484489738941193e-03 0.000000000000000000e+00
9.124753065407276154e-03 0.000000000000000000e+00 0.000000000000000000e+00 5.655213259160518646e-03 0.000000000000000000e+00 0.000000000000000000e+00 7.446549832820892334e-03 0.000000000000000000e+00 0.000000000000000000e+00 0.000000000000000000e+00 0.000000000000000000e+00
0.000000000000000000e+00 8.182315155863761902e-03 0.000000000000000000e+00 0.000000000000000000e+00 0.000000000000000000e+00 1.326869148761034012e-02 1.524763763882219791e-03 0.000000000000000000e+00 6.528050638735294342e-03 2.196044428274035454e-03 3.973611630499362946e-03
1.079909037798643112e-02 0.000000000000000000e+00 0.000000000000000000e+00 4.260749090462923050e-03 0.000000000000000000e+00 6.019521970301866531e-03 0.000000000000000000e+00 1.766240969300270081e-02 2.868317300453782082e-03 1.111321710050106049e-02 0.000000000000000000e+00
0.000000000000000000e+00 1.679099659668281674e-04 1.082475573639385402e-04 2.160142321372404695e-04 0.000000000000000000e+00 1.416180166415870190e-04 1.340217422693967819e-04 1.140566964750178158e-04 1.323555479757487774e-04 1.386322837788611650e-04 4.651841300074011087e-04
0.000000000000000000e+00 0.000000000000000000e+00 0.000000000000000000e+00 0.000000000000000000e+00 0.000000000000000000e+00 0.000000000000000000e+00 0.000000000000000000e+00 0.000000000000000000e+00 0.000000000000000000e+00 0.000000000000000000e+00 8.673617379884035472e-19
7.857691496610641479e-03 4.489040933549404144e-03 0.000000000000000000e+00 2.675415249541401863e-03 0.000000000000000000e+00 4.541800823062658310e-03 2.158365212380886078e-03 1.812821370549499989e-03 5.672079045325517654e-03 6.955093238502740860e-03 7.269115187227725983e-03
0.000000000000000000e+00 0.000000000000000000e+00 0.000000000000000000e+00 0.000000000000000000e+00 0.000000000000000000e+00 0.000000000000000000e+00 0.000000000000000000e+00 0.000000000000000000e+00 0.000000000000000000e+00 3.343185642734169960e-03 6.124601699411869049e-03
0.000000000000000000e+00 7.674623047932982445e-04 8.565622381865978241e-03 0.000000000000000000e+00 0.000000000000000000e+00 2.175300614908337593e-03 2.906403038650751114e-03 0.000000000000000000e+00 0.000000000000000000e+00 3.239347133785486221e-04 3.481413237750530243e-03
1.834602095186710358e-02 2.489245496690273285e-03 1.201512385159730911e-02 0.000000000000000000e+00 4.542193189263343811e-02 0.000000000000000000e+00 0.000000000000000000e+00 0.000000000000000000e+00 5.116894375532865524e-03 0.000000000000000000e+00 1.181632280349731445e-02
0.000000000000000000e+00 0.000000000000000000e+00 2.116347786795813590e-06 0.000000000000000000e+00 3.606996415328467265e-06 0.000000000000000000e+00 5.327548819877847563e-07 3.440644604779663496e-07 0.000000000000000000e+00 5.954162816124153323e-07 0.000000000000000000e+00
