0.000000000000000000e+00 2.109587658196687698e-03 3.920246846973896027e-03 0.000000000000000000e+00 0.000000000000000000e+00 0.000000000000000000e+00 9.889367502182722092e-04 2.300962572917342186e-03 1.911838538944721222e-03 0.000000000000000000e+00 0.000000000000000000e+00
1.147631742060184479e-02 0.000000000000000000e+00 2.477333880960941315e-03 3.956875298172235489e-03 0.000000000000000000e+00 0.000000000000000000e+00 8.643466979265213013e-03 5.856382660567760468e-03 0.000000000000000000e+00 0.000000000000000000e+00 0.000000000000000000e+00
0.000000000000000000e+00 6.308287847787141800e-03 0.000000000000000000e+00 0.000000000000000000e+00 6.100728060118854046e-04 0.000000000000000000e+00 1.199774211272597313e-03 0.000000000000000000e+00 0.000000000000000000e+00 6.923666223883628845e-03 3.834319941233843565e-04
2.865189453586935997e-03 0.000000000000000000e+00 0.000000000000000000e+00 0.000000000000000000e+00 1.311615668237209320e-02 0.000000000000000000e+00 3.985215444117784500e-03 8.813996799290180206e-03 5.102505441755056381e-03 1.114982762373983860e-03 0.000000000000000000e+00
0.000000000000000000e+00 1.138088919105939567e-04 6.338379898807033896e-05 7.369674131041392684e-05 0.000000000000000000e+00 1.939516514539718628e-04 1.573558110976591706e-04 0.000000000000000000e+00 1.107560237869620323e-04 2.434795751469209790e-04 4.452542052604258060e-04
0.000000000000000000e+00 0.000000000000000000e+00 0.000000000000000000e+00 0.000000000000000000e+00 0.000000000000000000e+00 0.000000000000000000e+00 0.000000000000000000e+00 0.000000000000000000e+00 0.000000000000000000e+00 0.000000000000000000e+00 0.000000000000000000e+00
8.693096227943897247e-03 0.000000000000000000e+00 0.000000000000000000e+00 0.000000000000000000e+00 0.000000000000000000e+00 0.000000000000000000e+00 4.367828834801912308e-03 2.905831206589937210e-03 9.385009296238422394e-03 1.029211468994617462e-02 4.108138382434844971e-03
0.000000000000000000e+00 0.000000000000000000e+00 6.519629620015621185e-03 1.014396897517144680e-03 0.000000000000000000e+00 2.193925203755497932e-03 2.970228204503655434e-03 0.000000000000000000e+00 7.770649390295147896e-04 0.000000000000000000e+00 3.376513952389359474e-03
0.000000000000000000e+00 0.000000000000000000e+00 0.000000000000000000e+00 0.000000000000000000e+00 0.000000000000000000e+00 1.104872673749923706e-02 0.000000000000000000e+00 0.000000000000000000e+00 0.000000000000000000e+00 0.000000000000000000e+00 8.253110572695732117e-03
9.831085801124572754e-03 7.516778539866209030e-03 8.150053210556507111e-03 0.000000000000000000e+00 3.497004508972167969e-02 0.000000000000000000e+00 0.000000000000000000e+00 8.573052473366260529e-04 2.713211579248309135e-03 0.000000000000000000e+00 6.904904264956712723e-03
0.000000000000000000e+00 9.178929190056805965e-07 2.939576688731904142e-06 2.547075155234779231e-07 2.841445393642061390e-06 0.000000000000000000e+00 2.105436124111292884e-06 1.907684691104805097e-06 0.000000000000000000e+00 2.141281129297567531e-06 0.000000000000000000e+00
