0.000000000000000000e+00 3.595026675611734390e-03 4.320987965911626816e-03 0.000000000000000000e+00 0.000000000000000000e+00 0.000000000000000000e+00 1.685727620497345924e-03 1.333645172417163849e-02 0.000000000000000000e+00 0.000000000000000000e+00 0.000000000000000000e+00
1.636247336864471436e-02 0.000000000000000000e+00 9.107640013098716736e-03 5.801594816148281097e-03 8.893165504559874535e-04 2.039089798927307129e-03 1.054937485605478287e-02 0.000000000000000000e+00 0.000000000000000000e+00 0.000000000000000000e+00 0.000000000000000000e+00
5.424431874416768551e-04 4.767418373376131058e-03 2.338690217584371567e-03 3.154392761643975973e-04 0.000000000000000000e+00 7.096873596310615540e-03 5.825589410960674286e-03 0.000000000000000000e+00 4.835871979594230652e-03 7.500962354242801666e-03 7.136373780667781830e-03
1.200727466493844986e-02 0.000000000000000000e+00 0.000000000000000000e+00 0.000000000000000000e+00 6.998766213655471802e-03 4.048299044370651245e-03 0.000000000000000000e+00 1.316649280488491058e-02 2.467427402734756470e-03 0.000000000000000000e+00 0.000000000000000000e+00
0.000000000000000000e+00 1.330314116785302758e-04 0.000000000000000000e+00 1.223292638314887881e-04 0.000000000000000000e+00 5.452659752336330712e-05 5.080715345684438944e-05 1.237838005181401968e-04 1.060905633494257927e-04 9.942024189513176680e-05 3.442400193307548761e-04
0.000000000000000000e+00 0.000000000000000000e+00 0.000000000000000000e+00 0.000000000000000000e+00 0.000000000000000000e+00 4.376653581857681274e-03 0.000000000000000000e+00 0.000000000000000000e+00 0.000000000000000000e+00 0.000000000000000000e+00 0.000000000000000000e+00
6.490905769169330597e-03 9.376574307680130005e-03 0.000000000000000000e+00 0.000000000000000000e+00 0.000000000000000000e+00 1.189660467207431793e-02 5.356308072805404663e-03 3.788584843277931213e-03 1.057164184749126434e-02 1.318366546183824539e-02 1.433383207768201828e-03
0.000000000000000000e+00 0.000000000000000000e+00 0.000000000000000000e+00 0.000000000000000000e+00 2.206828212365508080e-03 0.000000000000000000e+00 0.000000000000000000e+00 7.533460739068686962e-04 1.096311397850513458e-02 0.000000000000000000e+00 0.000000000000000000e+00
0.000000000000000000e+00 2.174525987356901169e-03 1.447965623810887337e-03 0.000000000000000000e+00 0.000000000000000000e+00 0.000000000000000000e+00 4.950930364429950714e-03 0.000000000000000000e+00 0.000000000000000000e+00 0.000000000000000000e+00 6.769876927137374878e-04
1.109232287853956223e-02 1.718438114039599895e-03 2.102465182542800903e-02 0.000000000000000000e+00 4.204688221216201782e-02 0.000000000000000000e+00 0.000000000000000000e+00 0.000000000000000000e+00 1.483637839555740356e-02 0.000000000000000000e+00 1.113482192158699036e-02
0.000000000000000000e+00 0.000000000000000000e+00 4.441784767550416291e-06 1.584474489391141105e-06 7.681121132918633521e-06 0.000000000000000000e+00 1.214229996548965573e-06 4.714227657132141758e-07 2.017403204490619828e-07 1.148903152170532849e-06 0.000000000000000000e+00
