0.000000000000000000e+00 1.827284722821787000e-04 1.487772678956389427e-03 0.000000000000000000e+00 0.000000000000000000e+00 0.000000000000000000e+00 1.238037832081317902e-03 8.237857371568679810e-03 3.088629106059670448e-03 0.000000000000000000e+00 0.000000000000000000e+00
1.049353461712598801e-02 0.000000000000000000e+00 2.388020511716604233e-03 0.000000000000000000e+00 0.000000000000000000e+00 0.000000000000000000e+00 0.000000000000000000e+00 0.000000000000000000e+00 7.804680150002241135e-03 0.000000000000000000e+00 0.000000000000000000e+00
6.507297512143850327e-03 2.109875204041600227e-03 0.000000000000000000e+00 0.000000000000000000e+00 3.509386675432324409e-03 1.064561586827039719e-02 0.000000000000000000e+00 5.313306115567684174e-03 1.963327871635556221e-03 4.970496520400047302e-03 0.000000000000000000e+00
9.428637102246284485e-03 0.000000000000000000e+00 0.000000000000000000e+00 0.000000000000000000e+00 5.696125794202089310e-03 0.000000000000000000e+00 0.000000000000000000e+00 7.769355084747076035e-03 1.603025360964238644e-03 1.495715929195284843e-03 0.000000000000000000e+00
9.649091953178867698e-05 2.058907703030854464e-04 1.696046674624085426e-04 1.876971946330741048e-04 0.000000000000000000e+00 2.519357658457010984e-04 1.070709331543184817e-04 1.068808851414360106e-04 2.522681606933474541e-04 2.118628035532310605e-04 5.897334194742143154e-04
0.000000000000000000e+00 0.000000000000000000e+00 0.000000000000000000e+00 0.000000000000000000e+00 0.000000000000000000e+00 3.032581880688667297e-04 0.000000000000000000e+00 0.000000000000000000e+00 0.000000000000000000e+00 0.000000000000000000e+00 0.000000000000000000e+00
1.008814666420221329e-02 1.984701724722981453e-03 0.000000000000000000e+00 0.000000000000000000e+00 0.000000000000000000e+00 1.304304110817611217e-03 0.000000000000000000e+00 0.000000000000000000e+00 7.337414659559726715e-03 1.397971436381340027e-02 9.736324660480022430e-03
0.000000000000000000e+00 4.130619112402200699e-03 2.495563239790499210e-04 1.645696465857326984e-03 0.000000000000000000e+00 0.000000000000000000e+00 0.000000000000000000e+00 0.000000000000000000e+00 7.742747664451599121e-03 3.088703379034996033e-03 2.090593188768252730e-04
0.000000000000000000e+00 7.968505844473838806e-03 0.000000000000000000e+00 2.178870141506195068e-03 2.685707993805408478e-03 0.000000000000000000e+00 0.000000000000000000e+00 2.172538777813315392e-03 0.000000000000000000e+00 6.438637617975473404e-03 4.202729091048240662e-03
7.624065503478050232e-03 1.185019500553607941e-02 1.188758946955204010e-02 0.000000000000000000e+00 3.097463771700859070e-02 0.000000000000000000e+00 0.000000000000000000e+00 1.715496473480015993e-04 1.962216338142752647e-03 0.000000000000000000e+00 1.093371212482452393e-02
0.000000000000000000e+00 4.385595886446935765e-08 3.816190655925311148e-06 3.964130712574842619e-08 5.063718617748236284e-06 0.000000000000000000e+00 2.608072236398584209e-06 2.279748059663688764e-06 7.351469832883594790e-08 2.531745622036396526e-06 0.000000000000000000e+00
