0.000000000000000000e+00 0.000000000000000000e+00 0.000000000000000000e+00 0.000000000000000000e+00 0.000000000000000000e+00 0.000000000000000000e+00 0.000000000000000000e+00 6.906552240252494812e-03 2.345468383282423019e-03 0.000000000000000000e+00 0.000000000000000000e+00
1.726051606237888336e-02 0.000000000000000000e+00 1.897766720503568649e-03 0.000000000000000000e+00 0.000000000000000000e+00 0.000000000000000000e+00 0.000000000000000000e+00 1.759008271619677544e-03 5.558089818805456161e-03 0.000000000000000000e+00 0.000000000000000000e+00
7.065255660563707352e-03 8.834558539092540741e-03 7.442123023793101311e-04 5.742931738495826721e-03 6.536728702485561371e-03 1.232304639415815473e-04 6.955352146178483963e-03 0.000000000000000000e+00 0.000000000000000000e+00 1.141633465886116028e-02 0.000000000000000000e+00
4.935506265610456467e-03 0.000000000000000000e+00 0.000000000000000000e+00 0.000000000000000000e+00 3.142541041597723961e-03 0.000000000000000000e+00 4.235788248479366302e-03 1.183531247079372406e-02 4.247811157256364822e-03 0.000000000000000000e+00 0.000000000000000000e+00
1.138440857175737619e-04 1.371837279293686152e-04 1.387614174745976925e-04 1.515401090728119016e-04 0.000000000000000000e+00 1.462733198422938585e-04 1.018341499730013311e-04 1.413517748005688190e-04 8.725874795345589519e-05 3.669933357741683722e-04 5.123959272168576717e-04
0.000000000000000000e+00 0.000000000000000000e+00 0.000000000000000000e+00 0.000000000000000000e+00 0.000000000000000000e+00 0.000000000000000000e+00 0.000000000000000000e+00 0.000000000000000000e+00 0.000000000000000000e+00 0.000000000000000000e+00 0.000000000000000000e+00
3.647179575636982918e-03 0.000000000000000000e+00 0.000000000000000000e+00 0.000000000000000000e+00 0.000000000000000000e+00 1.159926760010421276e-03 0.000000000000000000e+00 1.028174627572298050e-02 5.054011475294828415e-03 1.651454833336174488e-03 1.063000783324241638e-02
0.000000000000000000e+00 5.166544113308191299e-03 5.012335721403360367e-03 0.000000000000000000e+00 4.016373306512832642e-03 0.000000000000000000e+00 0.000000000000000000e+00 0.000000000000000000e+00 9.439271874725818634e-03 7.367646321654319763e-05 0.000000000000000000e+00
6.273942068219184875e-03 2.580851549282670021e-03 4.077496938407421112e-03 5.726129282265901566e-03 0.000000000000000000e+00 0.000000000000000000e+00 9.203009307384490967e-03 6.604781956411898136e-04 0.000000000000000000e+00 0.000000000000000000e+00 4.551565274596214294e-03
1.436810195446014404e-02 0.000000000000000000e+00 1.030423119664192200e-02 0.000000000000000000e+00 4.294836521148681641e-02 0.000000000000000000e+00 0.000000000000000000e+00 0.000000000000000000e+00 4.411414731293916702e-03 0.000000000000000000e+00 1.525213569402694702e-02
0.000000000000000000e+00 0.000000000000000000e+00 3.215177684978698380e-06 6.207696969795506448e-07 5.851815330970566720e-06 0.000000000000000000e+00 2.064775657117934315e-07 4.153663635264592813e-09 0.000000000000000000e+00 9.589440423951600678e-07 0.000000000000000000e+00
