0.000000000000000000e+00 0.000000000000000000e+00 1.143390405923128128e-02 0.000000000000000000e+00 0.000000000000000000e+00 0.000000000000000000e+00 0.000000000000000000e+00 2.191284329455811530e-05 0.000000000000000000e+00 0.000000000000000000e+00 0.000000000000000000e+00
1.407179608941078186e-02 0.000000000000000000e+00 3.816814627498388290e-03 3.927069716155529022e-03 0.000000000000000000e+00 0.000000000000000000e+00 1.034717634320259094e-02 5.572554655373096466e-03 2.222146838903427124e-03 0.000000000000000000e+00 0.000000000000000000e+00
1.280285068787634373e-03 5.682133138179779053e-03 0.000000000000000000e+00 4.572925157845020294e-03 4.687829874455928802e-03 0.000000000000000000e+00 4.305292386561632156e-03 0.000000000000000000e+00 6.272302125580608845e-04 9.804877452552318573e-03 7.308283355087041855e-03
1.957903616130352020e-02 0.000000000000000000e+00 0.000000000000000000e+00 0.000000000000000000e+00 5.425052251666784286e-03 0.000000000000000000e+00 0.000000000000000000e+00 1.128622144460678101e-02 6.963758729398250580e-03 0.000000000000000000e+00 0.000000000000000000e+00
9.052883797266986221e-06 5.643847180181182921e-05 2.459835377521812916e-04 3.040817682631313801e-04 0.000000000000000000e+00 2.716179296839982271e-04 1.301638840232044458e-04 6.178108742460608482e-05 2.361418446525931358e-04 5.660686874762177467e-04 8.312774007208645344e-04
0.000000000000000000e+00 0.000000000000000000e+00 0.000000000000000000e+00 0.000000000000000000e+00 0.000000000000000000e+00 2.932722272817045450e-04 0.000000000000000000e+00 0.000000000000000000e+00 0.000000000000000000e+00 0.000000000000000000e+00 0.000000000000000000e+00
7.614430040121078491e-03 8.211463689804077148e-03 0.000000000000000000e+00 0.000000000000000000e+00 0.000000000000000000e+00 9.962413460016250610e-03 0.000000000000000000e+00 4.443050827831029892e-03 4.346419591456651688e-03 8.837791159749031067e-03 7.241130806505680084e-03
0.000000000000000000e+00 1.900506671518087387e-03 0.000000000000000000e+00 0.000000000000000000e+00 7.440467365086078644e-03 2.454031724482774734e-03 3.289272077381610870e-03 0.000000000000000000e+00 1.141559565439820290e-03 0.000000000000000000e+00 4.052785225212574005e-03
2.880609128624200821e-03 0.000000000000000000e+00 0.000000000000000000e+00 0.000000000000000000e+00 0.000000000000000000e+00 0.000000000000000000e+00 1.447934936732053757e-02 6.959548220038414001e-03 0.000000000000000000e+00 2.380217891186475754e-03 3.800189821049571037e-03
4.192755557596683502e-03 4.827455617487430573e-03 6.501107010990381241e-03 0.000000000000000000e+00 3.658666089177131653e-02 0.000000000000000000e+00 0.000000000000000000e+00 0.000000000000000000e+00 1.107958145439624786e-02 0.000000000000000000e+00 1.299534924328327179e-02
0.000000000000000000e+00 1.139171331487887073e-06 2.971332378365332261e-06 2.739755700531532057e-06 6.419908459065482020e-06 0.000000000000000000e+00 1.550479851175623480e-06 3.004903646797174588e-06 9.689366606835392304e-07 1.929979816850391217e-06 0.000000000000000000e+00
