0.000000000000000000e+00 0.000000000000000000e+00 1.298016984947025776e-03 0.000000000000000000e+00 0.000000000000000000e+00 0.000000000000000000e+00 6.755112553946673870e-04 8.473997004330158234e-03 1.116398442536592484e-02 0.000000000000000000e+00 0.000000000000000000e+00
6.580098066478967667e-03 0.000000000000000000e+00 7.432552054524421692e-03 0.000000000000000000e+00 0.000000000000000000e+00 0.000000000000000000e+00 3.668175078928470612e-03 9.348793886601924896e-03 0.000000000000000000e+00 0.000000000000000000e+00 5.429523531347513199e-03
0.000000000000000000e+00 1.570095494389533997e-02 0.000000000000000000e+00 4.209284670650959015e-03 0.000000000000000000e+00 1.040800660848617554e-02 3.720345441251993179e-03 0.000000000000000000e+00 2.979797078296542168e-03 5.748293828219175339e-03 0.000000000000000000e+00
3.845728933811187744e-03 0.000000000000000000e+00 0.000000000000000000e+00 6.271236634347587824e-05 2.921683480963110924e-03 0.000000000000000000e+00 1.171323005110025406e-03 8.447457104921340942e-03 1.787435379810631275e-03 1.266226521693170071e-03 0.000000000000000000e+00
0.000000000000000000e+00 2.566796611063182354e-04 1.130716700572520494e-04 1.727253256831318140e-04 0.000000000000000000e+00 8.623590838396921754e-05 2.299891057191416621e-04 1.272198860533535480e-04 1.195508884848095477e-04 2.474712673574686050e-04 7.030611741356551647e-04
0.000000000000000000e+00 0.000000000000000000e+00 0.000000000000000000e+00 0.000000000000000000e+00 0.000000000000000000e+00 0.000000000000000000e+00 0.000000000000000000e+00 0.000000000000000000e+00 0.000000000000000000e+00 0.000000000000000000e+00 0.000000000000000000e+00
2.999769290909171104e-03 0.000000000000000000e+00 0.000000000000000000e+00 6.128649692982435226e-03 0.000000000000000000e+00 0.000000000000000000e+00 4.039085935801267624e-03 0.000000000000000000e+00 5.702955648303031921e-03 6.301542278379201889e-03 3.825202351436018944e-03
0.000000000000000000e+00 9.368183091282844543e-03 1.082422584295272827e-02 0.000000000000000000e+00 0.000000000000000000e+00 0.000000000000000000e+00 0.000000000000000000e+00 0.000000000000000000e+00 0.000000000000000000e+00 0.000000000000000000e+00 0.000000000000000000e+00
0.000000000000000000e+00 0.000000000000000000e+00 2.502055140212178230e-03 2.328281756490468979e-03 0.000000000000000000e+00 8.135143667459487915e-03 8.020468987524509430e-03 0.000000000000000000e+00 0.000000000000000000e+00 0.000000000000000000e+00 5.417078733444213867e-03
8.514081127941608429e-03 7.229090551845729351e-04 2.614872297272086143e-03 0.000000000000000000e+00 4.972075298428535461e-02 0.000000000000000000e+00 0.000000000000000000e+00 0.000000000000000000e+00 1.535026007331907749e-03 0.000000000000000000e+00 1.695930585265159607e-02
0.000000000000000000e+00 1.382741032784906565e-07 3.960785306844627485e-06 4.890982268079824280e-07 5.723793037759605795e-06 0.000000000000000000e+00 9.724562914925627410e-07 3.685753426907467656e-06 0.000000000000000000e+00 3.748800736502744257e-06 0.000000000000000000e+00
