0.000000000000000000e+00 5.255499609375000000e+04 2.865878437500000000e+05 0.000000000000000000e+00 0.000000000000000000e+00 0.000000000000000000e+00 3.330545000000000000e+05 6.211620483398437500e+02 2.217905000000000000e+05 5.406223437500000000e+04 0.000000000000000000e+00
7.347313281250000000e+04 0.000000000000000000e+00 5.664250781250000000e+04 9.920798437500000000e+04 5.333213281250000000e+04 2.937817573547363281e+00 4.294670703125000000e+04 1.134129762649536133e+00 6.153794860839843750e+01 8.212638854980468750e+01 2.044969062500000000e+05
3.551807031250000000e+04 6.078958740234375000e+02 3.542512893676757812e+00 1.118183906250000000e+05 5.139132421875000000e+04 1.432164375000000000e+05 1.119535781250000000e+05 4.286167144775390625e+00 1.141319046020507812e+02 2.472267456054687500e+02 2.146350778639316559e-02
6.572197500000000000e+05 1.968536875000000000e+05 2.729112500000000000e+05 1.594583750000000000e+05 2.421888427734375000e+02 4.809492874145507812e+01 9.751095312500000000e+04 2.924451875000000000e+05 3.303953125000000000e+05 5.804781250000000000e+05 1.730540937500000000e+05
1.390552818775177002e-01 3.481895446777343750e+00 1.680385589599609375e+00 1.564156860113143921e-01 1.383934795740060508e-05 0.000000000000000000e+00 3.076884429901838303e-03 1.028330707550048828e+01 1.322946739196777344e+01 7.922307968139648438e+00 5.636556625366210938e+01
0.000000000000000000e+00 0.000000000000000000e+00 0.000000000000000000e+00 0.000000000000000000e+00 0.000000000000000000e+00 0.000000000000000000e+00 0.000000000000000000e+00 0.000000000000000000e+00 0.000000000000000000e+00 0.000000000000000000e+00 2.334226562039631858e-13
7.752862500000000000e+04 2.832936875000000000e+05 1.819554687500000000e+04 2.194632500000000000e+05 0.000000000000000000e+00 1.305398681640625000e+03 7.421940803527832031e+00 6.813198566436767578e+00 8.557873437500000000e+04 8.348097656250000000e+04 5.350657348632812500e+02
0.000000000000000000e+00 5.297428125000000000e+04 7.214967187500000000e+04 1.342009305953979492e-01 5.408123046875000000e+03 4.792891015625000000e+04 2.326363830566406250e+02 7.792092968750000000e+04 1.109061093750000000e+05 1.087716050562903547e-08 5.963221875000000000e+04
0.000000000000000000e+00 2.529150390625000000e+01 1.963115156250000000e+05 2.932214736938476562e+00 2.874919509887695312e+01 1.814151306152343750e+02 7.686729687500000000e+04 1.474279022216796875e+01 6.299743652343750000e+01 1.147896328125000000e+05 7.641520996093750000e+02
0.000000000000000000e+00 0.000000000000000000e+00 0.000000000000000000e+00 0.000000000000000000e+00 4.074682617187500000e+01 0.000000000000000000e+00 0.000000000000000000e+00 0.000000000000000000e+00 0.000000000000000000e+00 0.000000000000000000e+00 0.000000000000000000e+00
0.000000000000000000e+00 3.091420605778694153e-02 2.507295012474060059e-01 8.345013856887817383e-02 7.636824846267700195e-01 0.000000000000000000e+00 1.007624194025993347e-01 3.247922062873840332e-01 2.807313390076160431e-02 4.880679249763488770e-01 0.000000000000000000e+00
