0.000000000000000000e+00 0.000000000000000000e+00 2.829649485647678375e-03 0.000000000000000000e+00 0.000000000000000000e+00 0.000000000000000000e+00 7.557729259133338928e-04 3.294937312602996826e-03 0.000000000000000000e+00 0.000000000000000000e+00 0.000000000000000000e+00
2.940692007541656494e-03 0.000000000000000000e+00 4.448752384632825851e-03 0.000000000000000000e+00 0.000000000000000000e+00 8.847457502270117402e-05 0.000000000000000000e+00 1.418764586560428143e-03 0.000000000000000000e+00 0.000000000000000000e+00 0.000000000000000000e+00
1.574947149492800236e-03 1.483177766203880310e-04 1.722100307233631611e-03 1.539616496302187443e-03 0.000000000000000000e+00 1.654492691159248352e-03 0.000000000000000000e+00 0.000000000000000000e+00 0.000000000000000000e+00 6.725129205733537674e-03 0.000000000000000000e+00
4.015110898762941360e-03 0.000000000000000000e+00 0.000000000000000000e+00 0.000000000000000000e+00 2.483875956386327744e-03 0.000000000000000000e+00 6.259180605411529541e-03 5.447105038911104202e-03 3.973367158323526382e-03 0.000000000000000000e+00 0.000000000000000000e+00
3.899830335285514593e-05 2.064557047560811043e-04 3.033266330021433532e-05 1.121386230806820095e-04 0.000000000000000000e+00 1.066813201759941876e-04 1.588749146321788430e-04 5.915609654039144516e-05 7.804779306752607226e-05 1.791410322766751051e-04 2.914028882514685392e-04
0.000000000000000000e+00 0.000000000000000000e+00 1.110958401113748550e-03 0.000000000000000000e+00 0.000000000000000000e+00 1.744350045919418335e-02 5.736786406487226486e-03 2.697899471968412399e-03 0.000000000000000000e+00 6.142873782664537430e-03 2.723537757992744446e-02
0.000000000000000000e+00 0.000000000000000000e+00 0.000000000000000000e+00 1.023650285787880421e-03 0.000000000000000000e+00 2.125427359715104103e-03 1.347607234492897987e-03 7.046454120427370071e-04 5.334241315722465515e-03 5.542773287743330002e-03 2.504517615307122469e-04
0.000000000000000000e+00 1.623249147087335587e-03 0.000000000000000000e+00 0.000000000000000000e+00 1.554082846269011497e-03 0.000000000000000000e+00 0.000000000000000000e+00 0.000000000000000000e+00 1.107654650695621967e-03 0.000000000000000000e+00 1.244156272150576115e-03
0.000000000000000000e+00 4.274217877537012100e-03 0.000000000000000000e+00 3.606001380831003189e-03 0.000000000000000000e+00 1.908503123559057713e-03 0.000000000000000000e+00 9.401977877132594585e-04 0.000000000000000000e+00 0.000000000000000000e+00 5.680196452885866165e-03
3.149903845041990280e-03 2.034973120316863060e-03 5.382813047617673874e-03 0.000000000000000000e+00 1.730106212198734283e-02 0.000000000000000000e+00 1.120661152526736259e-03 0.000000000000000000e+00 3.615901572629809380e-03 0.000000000000000000e+00 4.641731735318899155e-03
0.000000000000000000e+00 0.000000000000000000e+00 1.660460043240163941e-06 1.017234239952813368e-06 2.859296500901109539e-06 0.000000000000000000e+00 2.038987304331385531e-06 6.636283274019660894e-07 0.000000000000000000e+00 1.502241730122477747e-06 0.000000000000000000e+00
