0.000000000000000000e+00 1.568588893860578537e-03 1.591394771821796894e-03 0.000000000000000000e+00 0.000000000000000000e+00 0.000000000000000000e+00 0.000000000000000000e+00 1.711491611786186695e-03 1.378530869260430336e-03 0.000000000000000000e+00 0.000000000000000000e+00
1.452784752473235130e-03 0.000000000000000000e+00 1.768955262377858162e-03 0.000000000000000000e+00 1.174846081994473934e-03 0.000000000000000000e+00 9.916186099871993065e-04 0.000000000000000000e+00 0.000000000000000000e+00 0.000000000000000000e+00 0.000000000000000000e+00
0.000000000000000000e+00 1.478766556829214096e-03 0.000000000000000000e+00 3.169486008118838072e-04 4.513780295383185148e-04 2.579619176685810089e-03 1.033933367580175400e-03 6.297484505921602249e-04 0.000000000000000000e+00 1.389245851896703243e-03 0.000000000000000000e+00
3.602562937885522842e-03 0.000000000000000000e+00 3.740930696949362755e-04 0.000000000000000000e+00 1.980482134968042374e-03 9.319904493167996407e-04 0.000000000000000000e+00 3.274898743256926537e-03 1.650677295401692390e-03 0.000000000000000000e+00 0.000000000000000000e+00
6.922451575519517064e-05 2.287172828800976276e-04 1.482038205722346902e-04 2.060214756056666374e-04 0.000000000000000000e+00 1.739935687510296702e-04 2.198367583332583308e-04 5.276377487462013960e-05 1.676371321082115173e-04 2.426366118015721440e-04 4.895665333606302738e-04
0.000000000000000000e+00 3.353527281433343887e-03 9.456931729800999165e-04 1.238262047991156578e-03 0.000000000000000000e+00 9.311575442552566528e-03 0.000000000000000000e+00 2.531523350626230240e-04 1.179064565803855658e-04 3.158204955980181694e-03 1.135727763175964355e-02
7.225159206427633762e-04 3.634525928646326065e-04 0.000000000000000000e+00 0.000000000000000000e+00 0.000000000000000000e+00 2.352721989154815674e-03 0.000000000000000000e+00 5.892154877074062824e-04 2.409656764939427376e-03 3.429419593885540962e-03 2.357195364311337471e-03
0.000000000000000000e+00 0.000000000000000000e+00 0.000000000000000000e+00 0.000000000000000000e+00 1.306947669945657253e-03 0.000000000000000000e+00 0.000000000000000000e+00 0.000000000000000000e+00 7.272636867128312588e-04 0.000000000000000000e+00 2.674890565685927868e-04
0.000000000000000000e+00 2.012935699895024300e-03 3.220075159333646297e-04 9.665319812484085560e-04 0.000000000000000000e+00 6.685274420306086540e-04 2.247010124847292900e-03 0.000000000000000000e+00 2.522626891732215881e-04 0.000000000000000000e+00 1.220934442244470119e-03
2.965769497677683830e-03 1.174628501757979393e-03 5.426556803286075592e-03 0.000000000000000000e+00 1.056446321308612823e-02 5.325973615981638432e-04 0.000000000000000000e+00 0.000000000000000000e+00 1.444725086912512779e-03 0.000000000000000000e+00 1.901227398775517941e-03
0.000000000000000000e+00 2.234085513919126242e-06 9.829003829509019852e-06 6.665099135716445744e-06 1.675517887633759528e-05 0.000000000000000000e+00 7.593204827571753412e-06 9.991217666538432240e-06 0.000000000000000000e+00 9.438670531380921602e-06 2.749610530372592621e-07
