0.000000000000000000e+00 0.000000000000000000e+00 3.209712915122509003e-03 0.000000000000000000e+00 0.000000000000000000e+00 0.000000000000000000e+00 5.850580055266618729e-03 3.257288364693522453e-03 2.161794109269976616e-03 0.000000000000000000e+00 0.000000000000000000e+00
1.418018830008804798e-03 0.000000000000000000e+00 3.966910298913717270e-03 0.000000000000000000e+00 1.031263032928109169e-03 0.000000000000000000e+00 0.000000000000000000e+00 0.000000000000000000e+00 0.000000000000000000e+00 0.000000000000000000e+00 0.000000000000000000e+00
0.000000000000000000e+00 3.689335193485021591e-03 0.000000000000000000e+00 1.714291051030158997e-03 0.000000000000000000e+00 3.284820122644305229e-03 2.030890202149748802e-03 0.000000000000000000e+00 0.000000000000000000e+00 4.124670289456844330e-03 0.000000000000000000e+00
7.484793197363615036e-03 6.557239685207605362e-04 2.320027560926973820e-04 0.000000000000000000e+00 4.306827322579920292e-04 0.000000000000000000e+00 0.000000000000000000e+00 5.768077680841088295e-04 5.679609254002571106e-03 3.338087117299437523e-03 0.000000000000000000e+00
0.000000000000000000e+00 7.796880527166649699e-05 7.575434574391692877e-05 8.570606587454676628e-05 0.000000000000000000e+00 8.433964103460311890e-05 1.811086258385330439e-04 7.772853859933093190e-05 1.227885804837569594e-04 1.782669569365680218e-04 3.846031322609633207e-04
0.000000000000000000e+00 0.000000000000000000e+00 0.000000000000000000e+00 0.000000000000000000e+00 0.000000000000000000e+00 1.713899336755275726e-02 0.000000000000000000e+00 1.333130872808396816e-03 0.000000000000000000e+00 2.995838876813650131e-03 2.437632903456687927e-02
0.000000000000000000e+00 0.000000000000000000e+00 5.966125172562897205e-05 3.880686359480023384e-03 0.000000000000000000e+00 3.667612036224454641e-04 1.816789852455258369e-03 8.102525607682764530e-04 1.710352604277431965e-03 1.917307847179472446e-03 6.788591388612985611e-03
0.000000000000000000e+00 0.000000000000000000e+00 0.000000000000000000e+00 0.000000000000000000e+00 3.088260767981410027e-03 0.000000000000000000e+00 0.000000000000000000e+00 0.000000000000000000e+00 2.428075240459293127e-04 0.000000000000000000e+00 0.000000000000000000e+00
0.000000000000000000e+00 0.000000000000000000e+00 0.000000000000000000e+00 2.371186856180429459e-03 2.728408144321292639e-04 0.000000000000000000e+00 4.250126890838146210e-03 4.552719183266162872e-03 1.232498674653470516e-03 0.000000000000000000e+00 1.989783719182014465e-03
1.494026393629610538e-03 0.000000000000000000e+00 4.469302017241716385e-03 2.889223862439393997e-03 1.884446851909160614e-02 0.000000000000000000e+00 0.000000000000000000e+00 0.000000000000000000e+00 4.488409496843814850e-03 0.000000000000000000e+00 1.050593983381986618e-02
0.000000000000000000e+00 0.000000000000000000e+00 3.392840653759776615e-06 2.103025281030568294e-06 6.236897661437978968e-06 0.000000000000000000e+00 8.299990099658316467e-07 3.086418701059301384e-06 1.506428191078157397e-07 2.495201215424458496e-06 0.000000000000000000e+00
