0.000000000000000000e+00 0.000000000000000000e+00 5.327465943992137909e-03 0.000000000000000000e+00 0.000000000000000000e+00 0.000000000000000000e+00 6.570882629603147507e-03 0.000000000000000000e+00 7.602984551340341568e-04 0.000000000000000000e+00 0.000000000000000000e+00
7.873461581766605377e-03 0.000000000000000000e+00 5.826093722134828568e-03 3.722096560522913933e-03 3.061324241571128368e-04 0.000000000000000000e+00 2.195214387029409409e-03 0.000000000000000000e+00 0.000000000000000000e+00 0.000000000000000000e+00 0.000000000000000000e+00
0.000000000000000000e+00 1.561725512146949768e-02 7.798321312293410301e-04 5.370610393583774567e-03 0.000000000000000000e+00 1.149833761155605316e-02 1.872671564342454076e-04 0.000000000000000000e+00 2.249340061098337173e-03 5.300164222717285156e-03 4.605101887136697769e-03
1.208302937448024750e-02 0.000000000000000000e+00 1.659926056163385510e-04 0.000000000000000000e+00 8.605811744928359985e-03 1.268584630452096462e-03 8.737375028431415558e-03 5.241672508418560028e-03 4.384068772196769714e-03 0.000000000000000000e+00 0.000000000000000000e+00
0.000000000000000000e+00 2.061792620224878192e-04 2.415103517705574632e-04 4.611366894096136093e-04 0.000000000000000000e+00 2.028123562922701240e-04 3.902057651430368423e-04 2.538422995712608099e-04 2.223124174633994699e-04 5.381890223361551762e-04 8.530429913662374020e-04
0.000000000000000000e+00 0.000000000000000000e+00 0.000000000000000000e+00 0.000000000000000000e+00 0.000000000000000000e+00 0.000000000000000000e+00 0.000000000000000000e+00 0.000000000000000000e+00 0.000000000000000000e+00 0.000000000000000000e+00 0.000000000000000000e+00
0.000000000000000000e+00 5.632274784147739410e-03 0.000000000000000000e+00 5.388651043176651001e-03 0.000000000000000000e+00 9.992608800530433655e-03 0.000000000000000000e+00 1.198985520750284195e-02 1.672601141035556793e-02 1.192630175501108170e-02 5.399925168603658676e-03
0.000000000000000000e+00 9.167271666228771210e-03 0.000000000000000000e+00 0.000000000000000000e+00 8.780630305409431458e-03 0.000000000000000000e+00 0.000000000000000000e+00 0.000000000000000000e+00 4.409164190292358398e-03 0.000000000000000000e+00 0.000000000000000000e+00
0.000000000000000000e+00 2.907272661104798317e-03 0.000000000000000000e+00 0.000000000000000000e+00 0.000000000000000000e+00 0.000000000000000000e+00 5.074502434581518173e-03 1.636793953366577625e-03 3.860896918922662735e-03 0.000000000000000000e+00 0.000000000000000000e+00
4.450595937669277191e-03 1.409445772878825665e-03 1.243616454303264618e-02 0.000000000000000000e+00 4.846804961562156677e-02 1.003154087811708450e-02 0.000000000000000000e+00 0.000000000000000000e+00 2.284771297127008438e-03 1.026609912514686584e-03 2.064255997538566589e-02
0.000000000000000000e+00 0.000000000000000000e+00 8.855287887854501605e-06 4.119931418244959787e-06 1.818809505493845791e-05 0.000000000000000000e+00 6.083070729800965637e-06 8.414138392254244536e-06 0.000000000000000000e+00 6.504237717308569700e-06 0.000000000000000000e+00
