0.000000000000000000e+00 2.760543255135416985e-03 1.182847539894282818e-03 0.000000000000000000e+00 0.000000000000000000e+00 0.000000000000000000e+00 2.039320534095168114e-03 0.000000000000000000e+00 0.000000000000000000e+00 0.000000000000000000e+00 0.000000000000000000e+00
6.210627499967813492e-03 0.000000000000000000e+00 2.334463410079479218e-03 3.924170159734785557e-04 0.000000000000000000e+00 0.000000000000000000e+00 0.000000000000000000e+00 3.092515747994184494e-03 3.452716046012938023e-04 0.000000000000000000e+00 0.000000000000000000e+00
0.000000000000000000e+00 5.883007775992155075e-03 0.000000000000000000e+00 7.439935870934277773e-05 3.531468391884118319e-04 3.209050511941313744e-03 3.494658041745424271e-03 0.000000000000000000e+00 0.000000000000000000e+00 5.598449613898992538e-03 0.000000000000000000e+00
6.506462581455707550e-03 0.000000000000000000e+00 0.000000000000000000e+00 0.000000000000000000e+00 0.000000000000000000e+00 0.000000000000000000e+00 0.000000000000000000e+00 0.000000000000000000e+00 2.797208260744810104e-03 4.826305375900119543e-04 0.000000000000000000e+00
5.906274964218027890e-05 1.228842447744682431e-04 1.068209749064408243e-04 1.120782690122723579e-04 0.000000000000000000e+00 1.951635640580207109e-04 1.537922798888757825e-04 1.774037991708610207e-05 1.351105311186984181e-04 2.340953942621126771e-04 4.226506862323731184e-04
0.000000000000000000e+00 1.842266647145152092e-03 5.340451374650001526e-03 0.000000000000000000e+00 0.000000000000000000e+00 9.489317424595355988e-03 0.000000000000000000e+00 0.000000000000000000e+00 2.698989410419017076e-04 0.000000000000000000e+00 1.880070380866527557e-02
2.752624452114105225e-03 2.539763954700902104e-05 1.442706561647355556e-03 1.136133214458823204e-03 2.009863819694146514e-04 5.051730666309595108e-03 0.000000000000000000e+00 2.185309305787086487e-03 7.988740690052509308e-03 9.787174640223383904e-04 7.330920198000967503e-04
0.000000000000000000e+00 2.455212175846099854e-03 0.000000000000000000e+00 0.000000000000000000e+00 3.118155291303992271e-03 2.240046625956892967e-03 0.000000000000000000e+00 0.000000000000000000e+00 0.000000000000000000e+00 0.000000000000000000e+00 0.000000000000000000e+00
0.000000000000000000e+00 0.000000000000000000e+00 1.786979148164391518e-03 0.000000000000000000e+00 0.000000000000000000e+00 6.611604476347565651e-04 4.712453577667474747e-03 0.000000000000000000e+00 0.000000000000000000e+00 6.220837531145662069e-05 0.000000000000000000e+00
0.000000000000000000e+00 2.196993678808212280e-03 4.411118105053901672e-03 0.000000000000000000e+00 1.508853584527969360e-02 0.000000000000000000e+00 0.000000000000000000e+00 0.000000000000000000e+00 4.994601476937532425e-03 1.805153209716081619e-03 5.537620745599269867e-03
0.000000000000000000e+00 0.000000000000000000e+00 3.445576339800027199e-06 2.672560640348820016e-06 4.860350145463598892e-06 0.000000000000000000e+00 4.132240064791403711e-06 5.630349733110051602e-06 0.000000000000000000e+00 2.671219590411055833e-06 1.375913143419893458e-07
