0.000000000000000000e+00 1.278452575206756592e-03 9.332372806966304779e-03 0.000000000000000000e+00 0.000000000000000000e+00 0.000000000000000000e+00 4.953732248395681381e-03 1.137444935739040375e-02 0.000000000000000000e+00 0.000000000000000000e+00 0.000000000000000000e+00
9.182441979646682739e-03 0.000000000000000000e+00 2.218986628577113152e-03 9.874873794615268707e-04 0.000000000000000000e+00 0.000000000000000000e+00 0.000000000000000000e+00 2.521733986213803291e-03 0.000000000000000000e+00 5.614819936454296112e-03 0.000000000000000000e+00
0.000000000000000000e+00 9.361711330711841583e-03 6.324901245534420013e-03 0.000000000000000000e+00 7.751243188977241516e-03 1.806054636836051941e-02 9.714235551655292511e-03 0.000000000000000000e+00 0.000000000000000000e+00 0.000000000000000000e+00 0.000000000000000000e+00
7.686601020395755768e-03 0.000000000000000000e+00 0.000000000000000000e+00 0.000000000000000000e+00 0.000000000000000000e+00 4.455087706446647644e-03 6.248327903449535370e-03 8.493199013173580170e-03 4.186036530882120132e-03 0.000000000000000000e+00 0.000000000000000000e+00
1.998394145630300045e-04 2.614026889204978943e-04 7.123655814211815596e-05 1.853116700658574700e-04 0.000000000000000000e+00 1.696735125733539462e-04 1.795824064174667001e-04 6.899937579873949289e-05 1.754562981659546494e-04 3.257083299104124308e-04 5.187371862120926380e-04
0.000000000000000000e+00 0.000000000000000000e+00 0.000000000000000000e+00 0.000000000000000000e+00 0.000000000000000000e+00 0.000000000000000000e+00 0.000000000000000000e+00 0.000000000000000000e+00 0.000000000000000000e+00 0.000000000000000000e+00 2.467117505148053169e-03
0.000000000000000000e+00 8.099975995719432831e-03 0.000000000000000000e+00 1.818513032048940659e-03 0.000000000000000000e+00 8.673279080539941788e-04 1.575376139953732491e-03 0.000000000000000000e+00 1.259303302504122257e-03 9.897149167954921722e-03 4.397514741867780685e-03
0.000000000000000000e+00 7.986261509358882904e-03 0.000000000000000000e+00 0.000000000000000000e+00 0.000000000000000000e+00 0.000000000000000000e+00 0.000000000000000000e+00 1.135830068960785866e-03 0.000000000000000000e+00 0.000000000000000000e+00 0.000000000000000000e+00
0.000000000000000000e+00 8.155216462910175323e-03 0.000000000000000000e+00 0.000000000000000000e+00 0.000000000000000000e+00 9.192490950226783752e-03 1.759699662216007710e-04 0.000000000000000000e+00 0.000000000000000000e+00 6.015908438712358475e-03 4.911758471280336380e-03
4.751204978674650192e-03 8.524771779775619507e-03 1.047781109809875488e-02 0.000000000000000000e+00 4.368606582283973694e-02 3.600761527195572853e-03 0.000000000000000000e+00 0.000000000000000000e+00 5.791427567601203918e-03 0.000000000000000000e+00 1.281144842505455017e-02
0.000000000000000000e+00 0.000000000000000000e+00 5.459890871861716732e-06 2.586420805528177880e-06 7.911125976534094661e-06 0.000000000000000000e+00 1.839380388446443249e-06 1.799913036393263610e-07 0.000000000000000000e+00 1.425187406312034000e-06 0.000000000000000000e+00
