0.000000000000000000e+00 0.000000000000000000e+00 1.073110662400722504e-02 0.000000000000000000e+00 0.000000000000000000e+00 0.000000000000000000e+00 0.000000000000000000e+00 1.718924730084836483e-03 5.861551035195589066e-03 0.000000000000000000e+00 0.000000000000000000e+00
1.169253513216972351e-02 0.000000000000000000e+00 1.321273948997259140e-02 3.590266453102231026e-03 0.000000000000000000e+00 0.000000000000000000e+00 5.833816714584827423e-03 0.000000000000000000e+00 0.000000000000000000e+00 0.000000000000000000e+00 1.085068332031369209e-03
0.000000000000000000e+00 6.264072377234697342e-03 0.000000000000000000e+00 2.919222461059689522e-03 6.920649902895092964e-04 9.500751271843910217e-03 2.017050050199031830e-03 0.000000000000000000e+00 4.459935706108808517e-03 5.191827658563852310e-03 1.881054718978703022e-03
1.783954165875911713e-02 0.000000000000000000e+00 0.000000000000000000e+00 0.000000000000000000e+00 3.393535036593675613e-03 4.561787936836481094e-03 2.174100605770945549e-03 1.520439423620700836e-02 5.253064911812543869e-03 0.000000000000000000e+00 0.000000000000000000e+00
1.080098154488950968e-04 1.239002740476280451e-04 2.162952441722154617e-04 9.800453699426725507e-05 0.000000000000000000e+00 1.164703207905404270e-04 6.644534732913598418e-05 6.234029569895938039e-05 1.052948136930353940e-04 2.732469874899834394e-04 6.608896073885262012e-04
0.000000000000000000e+00 0.000000000000000000e+00 0.000000000000000000e+00 0.000000000000000000e+00 0.000000000000000000e+00 0.000000000000000000e+00 0.000000000000000000e+00 0.000000000000000000e+00 0.000000000000000000e+00 0.000000000000000000e+00 8.673617379884035472e-19
1.823536353185772896e-03 1.540336385369300842e-02 0.000000000000000000e+00 0.000000000000000000e+00 0.000000000000000000e+00 0.000000000000000000e+00 3.208980429917573929e-03 0.000000000000000000e+00 4.979670979082584381e-03 7.547275163233280182e-03 0.000000000000000000e+00
0.000000000000000000e+00 4.140945151448249817e-03 0.000000000000000000e+00 0.000000000000000000e+00 0.000000000000000000e+00 0.000000000000000000e+00 0.000000000000000000e+00 5.143748712725937366e-04 4.468013998121023178e-03 0.000000000000000000e+00 0.000000000000000000e+00
0.000000000000000000e+00 0.000000000000000000e+00 5.154620390385389328e-03 0.000000000000000000e+00 0.000000000000000000e+00 0.000000000000000000e+00 2.407954540103673935e-03 6.289918441325426102e-03 0.000000000000000000e+00 6.694234907627105713e-03 4.768732935190200806e-03
2.833774778991937637e-03 1.009924802929162979e-02 7.103443611413240433e-03 0.000000000000000000e+00 3.850084170699119568e-02 0.000000000000000000e+00 0.000000000000000000e+00 0.000000000000000000e+00 8.815162815153598785e-03 0.000000000000000000e+00 8.072286844253540039e-03
0.000000000000000000e+00 3.632229947925225133e-07 6.498987659142585471e-06 2.504180201867711730e-06 7.962488780322019011e-06 0.000000000000000000e+00 3.416375193410203792e-06 4.296626684663351625e-06 0.000000000000000000e+00 4.188459570286795497e-06 0.000000000000000000e+00
