0.000000000000000000e+00 1.997066465264651924e-05 0.000000000000000000e+00 0.000000000000000000e+00 0.000000000000000000e+00 0.000000000000000000e+00 2.731604035943746567e-03 5.575782619416713715e-03 0.000000000000000000e+00 0.000000000000000000e+00 0.000000000000000000e+00
0.000000000000000000e+00 0.000000000000000000e+00 7.842422346584498882e-04 3.520533500704914331e-04 3.766493871808052063e-03 0.000000000000000000e+00 2.665840089321136475e-03 0.000000000000000000e+00 0.000000000000000000e+00 0.000000000000000000e+00 0.000000000000000000e+00
0.000000000000000000e+00 2.044905908405780792e-03 0.000000000000000000e+00 0.000000000000000000e+00 6.077786383684724569e-05 6.531908642500638962e-03 3.539752215147018433e-03 7.695257081650197506e-04 4.321953165344893932e-04 5.473893135786056519e-03 7.325320504605770111e-03
8.015163242816925049e-03 0.000000000000000000e+00 0.000000000000000000e+00 0.000000000000000000e+00 1.608720514923334122e-03 1.758762809913605452e-04 3.375325468368828297e-05 4.382226616144180298e-03 2.159474417567253113e-03 2.041402505710721016e-03 0.000000000000000000e+00
2.849976590368896723e-05 1.008675462799146771e-04 2.583328750915825367e-04 1.740790758049115539e-04 0.000000000000000000e+00 2.572577977844048291e-05 2.391220041317865252e-04 1.549159933347254992e-04 3.147009410895407200e-04 2.525289601180702448e-04 6.602999055758118629e-04
0.000000000000000000e+00 0.000000000000000000e+00 0.000000000000000000e+00 0.000000000000000000e+00 0.000000000000000000e+00 0.000000000000000000e+00 0.000000000000000000e+00 0.000000000000000000e+00 0.000000000000000000e+00 0.000000000000000000e+00 0.000000000000000000e+00
0.000000000000000000e+00 0.000000000000000000e+00 0.000000000000000000e+00 3.082425333559513092e-03 0.000000000000000000e+00 0.000000000000000000e+00 0.000000000000000000e+00 3.194721881300210953e-03 1.095831044949591160e-03 8.168635889887809753e-03 0.000000000000000000e+00
0.000000000000000000e+00 0.000000000000000000e+00 4.418590106070041656e-04 0.000000000000000000e+00 2.255089813843369484e-03 0.000000000000000000e+00 0.000000000000000000e+00 2.838041633367538452e-03 0.000000000000000000e+00 0.000000000000000000e+00 0.000000000000000000e+00
0.000000000000000000e+00 0.000000000000000000e+00 1.388308592140674591e-03 0.000000000000000000e+00 0.000000000000000000e+00 2.388531109318137169e-03 9.336388320662081242e-04 0.000000000000000000e+00 8.392828749492764473e-04 0.000000000000000000e+00 1.723595196381211281e-03
1.160561386495828629e-02 7.285489235073328018e-03 6.196443457156419754e-03 4.783584736287593842e-04 2.935476414859294891e-02 3.179315710440278053e-03 0.000000000000000000e+00 0.000000000000000000e+00 8.030317258089780807e-04 0.000000000000000000e+00 1.007583364844322205e-02
0.000000000000000000e+00 0.000000000000000000e+00 2.186121719205402769e-06 0.000000000000000000e+00 1.044087366608437151e-05 0.000000000000000000e+00 0.000000000000000000e+00 2.269676770083606243e-06 0.000000000000000000e+00 8.944822980083699804e-07 0.000000000000000000e+00
