0.000000000000000000e+00 0.000000000000000000e+00 0.000000000000000000e+00 0.000000000000000000e+00 0.000000000000000000e+00 0.000000000000000000e+00 0.000000000000000000e+00 8.349866606295108795e-03 0.000000000000000000e+00 0.000000000000000000e+00 0.000000000000000000e+00
5.948752630501985550e-03 0.000000000000000000e+00 0.000000000000000000e+00 8.797564078122377396e-05 0.000000000000000000e+00 0.000000000000000000e+00 1.931599108502268791e-03 0.000000000000000000e+00 5.888821906410157681e-04 0.000000000000000000e+00 0.000000000000000000e+00
2.322367392480373383e-03 1.393651473335921764e-03 1.758023514412343502e-03 0.000000000000000000e+00 5.690027959644794464e-03 0.000000000000000000e+00 0.000000000000000000e+00 1.457721809856593609e-03 0.000000000000000000e+00 5.342879332602024078e-03 3.531585389282554388e-04
8.644537301734089851e-04 0.000000000000000000e+00 0.000000000000000000e+00 0.000000000000000000e+00 8.088804897852241993e-04 0.000000000000000000e+00 0.000000000000000000e+00 9.890170767903327942e-04 2.475234912708401680e-03 1.027211896143853664e-03 0.000000000000000000e+00
0.000000000000000000e+00 8.923986024456098676e-05 3.817247852566652000e-05 4.414125578477978706e-05 0.000000000000000000e+00 8.403204265050590038e-05 6.233042950043454766e-05 0.000000000000000000e+00 1.278046402148902416e-04 1.608756283530965447e-04 3.013326204381883144e-04
0.000000000000000000e+00 0.000000000000000000e+00 4.986440762877464294e-03 4.043463151901960373e-03 0.000000000000000000e+00 1.899757049977779388e-02 1.505939406342804432e-03 0.000000000000000000e+00 0.000000000000000000e+00 3.538044169545173645e-03 2.292047999799251556e-02
6.197783630341291428e-03 0.000000000000000000e+00 0.000000000000000000e+00 0.000000000000000000e+00 0.000000000000000000e+00 3.211513860151171684e-03 0.000000000000000000e+00 1.468388829380273819e-03 6.824426352977752686e-03 3.880825359374284744e-03 1.584338024258613586e-03
0.000000000000000000e+00 4.184159915894269943e-03 2.089008688926696777e-03 0.000000000000000000e+00 2.320514759048819542e-03 1.160445273853838444e-03 2.720499876886606216e-03 0.000000000000000000e+00 1.490519389335531741e-05 0.000000000000000000e+00 0.000000000000000000e+00
2.435924252495169640e-03 2.896754303947091103e-03 6.831961800344288349e-04 0.000000000000000000e+00 0.000000000000000000e+00 0.000000000000000000e+00 1.904706005007028580e-03 1.357457833364605904e-03 0.000000000000000000e+00 3.830115078017115593e-03 6.673728930763900280e-04
2.876204438507556915e-03 2.766272053122520447e-03 5.581013392657041550e-03 0.000000000000000000e+00 1.637567020952701569e-02 0.000000000000000000e+00 0.000000000000000000e+00 2.256485633552074432e-03 2.859836677089333534e-04 0.000000000000000000e+00 5.650890991091728210e-03
0.000000000000000000e+00 0.000000000000000000e+00 2.431560460536275059e-06 0.000000000000000000e+00 2.334784767299424857e-06 0.000000000000000000e+00 0.000000000000000000e+00 1.540486550766217988e-06 0.000000000000000000e+00 6.310354478955559898e-07 0.000000000000000000e+00
