0.000000000000000000e+00 2.546268282458186150e-03 0.000000000000000000e+00 0.000000000000000000e+00 0.000000000000000000e+00 0.000000000000000000e+00 0.000000000000000000e+00 7.676538079977035522e-03 0.000000000000000000e+00 0.000000000000000000e+00 0.000000000000000000e+00
2.310703042894601822e-03 0.000000000000000000e+00 1.041241921484470367e-03 4.796757362782955170e-03 0.000000000000000000e+00 0.000000000000000000e+00 1.701551489531993866e-03 0.000000000000000000e+00 4.795442800968885422e-04 0.000000000000000000e+00 0.000000000000000000e+00
2.061876002699136734e-03 7.496274076402187347e-03 0.000000000000000000e+00 0.000000000000000000e+00 7.907221093773841858e-03 0.000000000000000000e+00 0.000000000000000000e+00 0.000000000000000000e+00 7.866593077778816223e-03 8.736359886825084686e-03 8.377905003726482391e-03
0.000000000000000000e+00 7.313299574889242649e-04 0.000000000000000000e+00 0.000000000000000000e+00 0.000000000000000000e+00 0.000000000000000000e+00 0.000000000000000000e+00 1.040771231055259705e-02 0.000000000000000000e+00 1.111286110244691372e-03 0.000000000000000000e+00
0.000000000000000000e+00 3.414176535443402827e-05 7.340881711570546031e-05 1.061491566360928118e-04 0.000000000000000000e+00 2.813460923789534718e-05 5.903857163502834737e-05 0.000000000000000000e+00 1.066294280462898314e-04 1.778726145857945085e-04 2.486421435605734587e-04
0.000000000000000000e+00 0.000000000000000000e+00 0.000000000000000000e+00 0.000000000000000000e+00 0.000000000000000000e+00 4.695287498179823160e-04 0.000000000000000000e+00 0.000000000000000000e+00 0.000000000000000000e+00 0.000000000000000000e+00 4.336808689942017736e-19
8.502645418047904968e-03 4.895376041531562805e-04 0.000000000000000000e+00 0.000000000000000000e+00 0.000000000000000000e+00 0.000000000000000000e+00 0.000000000000000000e+00 0.000000000000000000e+00 2.017842838540673256e-03 7.574400398880243301e-03 0.000000000000000000e+00
0.000000000000000000e+00 1.434626872651278973e-03 0.000000000000000000e+00 0.000000000000000000e+00 0.000000000000000000e+00 0.000000000000000000e+00 0.000000000000000000e+00 4.010578151792287827e-03 6.970456452108919621e-04 0.000000000000000000e+00 4.066483117640018463e-03
0.000000000000000000e+00 2.372757531702518463e-03 0.000000000000000000e+00 3.370244521647691727e-03 0.000000000000000000e+00 5.692985141649842262e-04 0.000000000000000000e+00 3.434708341956138611e-03 0.000000000000000000e+00 0.000000000000000000e+00 3.831691341474652290e-03
9.160728193819522858e-03 7.275287061929702759e-03 7.823331281542778015e-03 0.000000000000000000e+00 2.967977710068225861e-02 6.322227884083986282e-03 8.894047350622713566e-04 0.000000000000000000e+00 0.000000000000000000e+00 0.000000000000000000e+00 3.690934041514992714e-03
0.000000000000000000e+00 0.000000000000000000e+00 2.702907067941850983e-06 7.289436894097889308e-07 3.168027205902035348e-06 0.000000000000000000e+00 1.191755586660292465e-06 1.017854970086773392e-06 0.000000000000000000e+00 1.632910766602435615e-06 0.000000000000000000e+00
