0.000000000000000000e+00 1.194740762002766132e-03 8.820943912724032998e-05 0.000000000000000000e+00 0.000000000000000000e+00 0.000000000000000000e+00 9.559007012285292149e-04 3.509123809635639191e-03 6.027142517268657684e-03 0.000000000000000000e+00 0.000000000000000000e+00
9.476799517869949341e-03 0.000000000000000000e+00 4.424442071467638016e-03 2.475171582773327827e-03 2.472811378538608551e-03 0.000000000000000000e+00 3.411905141547322273e-03 0.000000000000000000e+00 0.000000000000000000e+00 0.000000000000000000e+00 6.790189654566347599e-04
0.000000000000000000e+00 7.817669771611690521e-03 0.000000000000000000e+00 6.842020899057388306e-03 5.170944496057927608e-04 5.681450013071298599e-03 4.748317878693342209e-03 0.000000000000000000e+00 2.362558851018548012e-03 5.839061923325061798e-03 0.000000000000000000e+00
6.594048812985420227e-03 0.000000000000000000e+00 0.000000000000000000e+00 2.463012002408504486e-03 0.000000000000000000e+00 1.061424962244927883e-03 0.000000000000000000e+00 1.165086589753627777e-02 2.550218487158417702e-03 7.415943546220660210e-04 0.000000000000000000e+00
0.000000000000000000e+00 3.546686275512911379e-05 6.087568544899113476e-05 2.140547803719528019e-05 0.000000000000000000e+00 0.000000000000000000e+00 0.000000000000000000e+00 4.647697551263263449e-06 0.000000000000000000e+00 3.142322020721621811e-05 2.989833010360598564e-04
0.000000000000000000e+00 0.000000000000000000e+00 0.000000000000000000e+00 0.000000000000000000e+00 0.000000000000000000e+00 0.000000000000000000e+00 0.000000000000000000e+00 0.000000000000000000e+00 0.000000000000000000e+00 0.000000000000000000e+00 1.734723475976807094e-18
2.451234264299273491e-03 4.081947728991508484e-03 0.000000000000000000e+00 0.000000000000000000e+00 0.000000000000000000e+00 0.000000000000000000e+00 3.959491848945617676e-03 0.000000000000000000e+00 4.981604870408773422e-03 4.415926523506641388e-03 2.214609179645776749e-03
0.000000000000000000e+00 0.000000000000000000e+00 3.554854774847626686e-04 0.000000000000000000e+00 0.000000000000000000e+00 0.000000000000000000e+00 0.000000000000000000e+00 0.000000000000000000e+00 2.400484634563326836e-03 0.000000000000000000e+00 0.000000000000000000e+00
0.000000000000000000e+00 5.087289959192276001e-03 4.172005690634250641e-03 0.000000000000000000e+00 0.000000000000000000e+00 0.000000000000000000e+00 3.137685125693678856e-03 0.000000000000000000e+00 5.971794016659259796e-04 2.845266601070761681e-03 4.249525722116231918e-03
4.923940636217594147e-03 2.173980465158820152e-03 1.152084767818450928e-02 0.000000000000000000e+00 2.903523296117782593e-02 1.183395506814122200e-03 0.000000000000000000e+00 0.000000000000000000e+00 7.500983309000730515e-03 0.000000000000000000e+00 5.953246261924505234e-03
0.000000000000000000e+00 0.000000000000000000e+00 2.699112883419729769e-06 2.648957604378665565e-07 6.740378012182191014e-06 0.000000000000000000e+00 1.767373646544001531e-06 1.474694272474152967e-06 0.000000000000000000e+00 2.197433559558703564e-06 0.000000000000000000e+00
