0.000000000000000000e+00 1.273938687518239021e-03 1.154379919171333313e-03 0.000000000000000000e+00 0.000000000000000000e+00 0.000000000000000000e+00 9.295467752963304520e-04 8.759429329074919224e-04 6.245708558708429337e-03 0.000000000000000000e+00 0.000000000000000000e+00
6.975953467190265656e-03 0.000000000000000000e+00 1.611974555999040604e-03 8.486345410346984863e-03 0.000000000000000000e+00 0.000000000000000000e+00 2.882649190723896027e-03 0.000000000000000000e+00 1.125178649090230465e-03 0.000000000000000000e+00 1.572377863340079784e-03
2.753903158009052277e-03 2.328092465177178383e-03 4.978093784302473068e-03 8.340715430676937103e-04 3.454854711890220642e-03 0.000000000000000000e+00 3.634163178503513336e-03 0.000000000000000000e+00 5.114749539643526077e-03 9.977499023079872131e-03 2.609906019642949104e-03
2.125556115061044693e-03 5.017128773033618927e-03 0.000000000000000000e+00 2.111936919391155243e-03 0.000000000000000000e+00 0.000000000000000000e+00 9.972695261240005493e-03 5.637182388454675674e-03 1.497888937592506409e-03 3.824851941317319870e-03 5.993342492729425430e-04
0.000000000000000000e+00 4.006558083347044885e-05 6.918790313648059964e-05 6.393715011654421687e-05 0.000000000000000000e+00 6.693557224934920669e-05 0.000000000000000000e+00 0.000000000000000000e+00 5.719894033973105252e-06 1.373606792185455561e-04 2.178278664359822869e-04
0.000000000000000000e+00 0.000000000000000000e+00 0.000000000000000000e+00 0.000000000000000000e+00 0.000000000000000000e+00 0.000000000000000000e+00 0.000000000000000000e+00 0.000000000000000000e+00 0.000000000000000000e+00 0.000000000000000000e+00 0.000000000000000000e+00
6.152405869215726852e-03 2.646938199177384377e-03 0.000000000000000000e+00 0.000000000000000000e+00 0.000000000000000000e+00 0.000000000000000000e+00 6.480449810624122620e-03 7.997252978384494781e-03 0.000000000000000000e+00 0.000000000000000000e+00 5.495373625308275223e-03
0.000000000000000000e+00 6.162317586131393909e-04 0.000000000000000000e+00 0.000000000000000000e+00 2.415753697277978063e-04 0.000000000000000000e+00 0.000000000000000000e+00 0.000000000000000000e+00 8.311664685606956482e-03 5.814697942696511745e-04 0.000000000000000000e+00
0.000000000000000000e+00 3.708165138959884644e-03 3.884482139255851507e-04 0.000000000000000000e+00 0.000000000000000000e+00 0.000000000000000000e+00 3.597538219764828682e-03 1.164430868811905384e-03 0.000000000000000000e+00 3.888541832566261292e-03 0.000000000000000000e+00
7.516710087656974792e-03 3.370605176314711571e-03 5.890046712011098862e-03 0.000000000000000000e+00 2.898624725639820099e-02 0.000000000000000000e+00 1.852883491665124893e-03 0.000000000000000000e+00 1.950735109858214855e-03 0.000000000000000000e+00 7.450156845152378082e-03
0.000000000000000000e+00 0.000000000000000000e+00 1.669647417656960897e-06 7.644541142326488625e-07 3.782512976613361388e-06 0.000000000000000000e+00 5.711933681595837697e-07 7.418784520041299402e-08 4.384804697110666893e-08 1.152797835857199971e-06 0.000000000000000000e+00
