0.000000000000000000e+00 0.000000000000000000e+00 3.932172898203134537e-03 0.000000000000000000e+00 0.000000000000000000e+00 0.000000000000000000e+00 0.000000000000000000e+00 5.435909843072295189e-04 1.871444546850398183e-04 0.000000000000000000e+00 0.000000000000000000e+00
4.051441792398691177e-03 0.000000000000000000e+00 4.021204658783972263e-04 0.000000000000000000e+00 4.587171133607625961e-04 0.000000000000000000e+00 3.917283029295504093e-04 0.000000000000000000e+00 0.000000000000000000e+00 0.000000000000000000e+00 0.000000000000000000e+00
0.000000000000000000e+00 2.577331906650215387e-05 0.000000000000000000e+00 0.000000000000000000e+00 0.000000000000000000e+00 1.611332641914486885e-03 1.255171606317162514e-03 0.000000000000000000e+00 0.000000000000000000e+00 2.427994972094893456e-03 0.000000000000000000e+00
4.767848178744316101e-03 0.000000000000000000e+00 0.000000000000000000e+00 0.000000000000000000e+00 0.000000000000000000e+00 0.000000000000000000e+00 0.000000000000000000e+00 3.625301644206047058e-03 2.799036446958780289e-03 9.104860946536064148e-04 0.000000000000000000e+00
1.262993464479222894e-05 1.465463865315541625e-04 7.835518772481009364e-05 7.893791189417243004e-05 0.000000000000000000e+00 1.149575546151027083e-04 7.843061757739633322e-05 3.307577935629524291e-05 1.067419507307931781e-04 1.031280116876587272e-04 3.197790647391229868e-04
0.000000000000000000e+00 2.432976849377155304e-03 2.162928460165858269e-03 9.039646247401833534e-04 0.000000000000000000e+00 1.529652345925569534e-02 0.000000000000000000e+00 0.000000000000000000e+00 0.000000000000000000e+00 3.708451287820935249e-03 1.721939630806446075e-02
2.036633202806115150e-03 0.000000000000000000e+00 0.000000000000000000e+00 2.882519038394093513e-03 0.000000000000000000e+00 2.076239557936787605e-03 0.000000000000000000e+00 0.000000000000000000e+00 2.888304647058248520e-03 3.095253370702266693e-03 1.121821464039385319e-03
0.000000000000000000e+00 1.725321752019226551e-03 3.389919875189661980e-03 0.000000000000000000e+00 1.186046516522765160e-03 0.000000000000000000e+00 0.000000000000000000e+00 0.000000000000000000e+00 0.000000000000000000e+00 0.000000000000000000e+00 0.000000000000000000e+00
0.000000000000000000e+00 1.581872347742319107e-03 2.840745146386325359e-04 0.000000000000000000e+00 0.000000000000000000e+00 0.000000000000000000e+00 4.545261617749929428e-03 7.666567689739167690e-04 0.000000000000000000e+00 1.844990998506546021e-03 1.496773329563438892e-03
6.015880499035120010e-04 1.983945490792393684e-03 5.206387955695390701e-03 0.000000000000000000e+00 1.439964212477207184e-02 2.659871533978730440e-04 0.000000000000000000e+00 0.000000000000000000e+00 3.434733487665653229e-03 0.000000000000000000e+00 7.232110481709241867e-03
0.000000000000000000e+00 0.000000000000000000e+00 5.542993335438950453e-07 0.000000000000000000e+00 1.359284283353190403e-06 0.000000000000000000e+00 0.000000000000000000e+00 1.505965315118373837e-06 0.000000000000000000e+00 1.268694290956773330e-06 0.000000000000000000e+00
