0.000000000000000000e+00 1.632812690734863281e+01 1.051031445312500000e+04 0.000000000000000000e+00 0.000000000000000000e+00 0.000000000000000000e+00 1.298138671875000000e+04 1.009232910156250000e+04 1.914536895751953125e+02 8.946646118164062500e+01 0.000000000000000000e+00
1.218277929687500000e+04 1.915431022644042969e+00 1.483578948974609375e+02 9.420875549316406250e+01 1.304768261718750000e+04 5.462785644531250000e+03 3.941107031250000000e+04 2.326628875732421875e+01 2.431186035156250000e+03 2.316147994995117188e+01 4.210799804687500000e+03
6.523942565917968750e+01 1.349014648437500000e+04 6.591250488281250000e+03 5.744804687500000000e+03 7.411453125000000000e+03 2.214884490966796875e+02 7.377716308593750000e+03 3.869866728782653809e-01 1.880066299438476562e+01 3.180338745117187500e+02 4.715194882010109723e-05
1.512733007812500000e+04 2.636499881744384766e+00 1.375283789062500000e+04 5.299772644042968750e+01 2.919711328125000000e+04 1.030352172851562500e+02 2.163487243652343750e+01 1.464977050781250000e+04 1.323209765625000000e+04 1.854356002807617188e+01 3.391229867935180664e+00
8.006057739257812500e-01 2.871392250061035156e+00 3.732266187667846680e+00 5.746563673019409180e-01 2.487511086002314187e-09 4.227173030376434326e-01 8.344464302062988281e-01 2.190622806549072266e+00 4.632846713066101074e-01 5.646858692169189453e+00 1.405268478393554688e+01
0.000000000000000000e+00 0.000000000000000000e+00 0.000000000000000000e+00 0.000000000000000000e+00 0.000000000000000000e+00 0.000000000000000000e+00 0.000000000000000000e+00 0.000000000000000000e+00 0.000000000000000000e+00 0.000000000000000000e+00 0.000000000000000000e+00
2.038082812500000000e+04 2.326742187500000000e+04 4.700037002563476562e+00 8.311716406250000000e+04 1.996577539062500000e+04 3.708278125000000000e+04 8.921997070312500000e+01 3.361700781250000000e+04 4.143690625000000000e+04 2.540790625000000000e+04 5.181534667968750000e+03
0.000000000000000000e+00 3.151871093750000000e+04 8.638386718750000000e+03 2.836495041847229004e-01 3.577855468750000000e+04 8.058815956115722656e+00 7.607459472656250000e+03 1.286916406250000000e+04 1.075033721923828125e+02 5.394934844970703125e+01 5.595575086772441864e-03
0.000000000000000000e+00 1.400451202392578125e+02 6.625443725585937500e+02 9.190786743164062500e+01 1.235592956542968750e+02 1.297745056152343750e+02 1.830196093750000000e+04 1.855347290039062500e+03 5.274494140625000000e+03 1.561446228027343750e+02 1.302184295654296875e+02
0.000000000000000000e+00 0.000000000000000000e+00 0.000000000000000000e+00 0.000000000000000000e+00 1.656761932373046875e+01 0.000000000000000000e+00 0.000000000000000000e+00 0.000000000000000000e+00 0.000000000000000000e+00 0.000000000000000000e+00 0.000000000000000000e+00
0.000000000000000000e+00 2.277093473821878433e-03 6.193594634532928467e-02 6.641688378294929862e-05 2.262041419744491577e-01 0.000000000000000000e+00 2.505426295101642609e-03 4.456461966037750244e-02 9.518892341020546155e-08 2.759829163551330566e-02 0.000000000000000000e+00
