6.268554716370999813e-05 5.750768468715250492e-04 6.086950888857245445e-04 5.920187686569988728e-05 1.432119045574609117e-08 7.041997741907835007e-05 6.228656275197863579e-04 6.520236493088304996e-04 5.552083021029829979e-04 4.632420605048537254e-04 0.000000000000000000e+00
1.178382587432861328e+01 0.000000000000000000e+00 1.988800506591796875e+02 4.707132466137409210e-04 1.053228916134685278e-04 2.792549133300781250e+01 8.496463124174624681e-05 0.000000000000000000e+00 1.817857031710445881e-03 7.905831444077193737e-05 3.066803856199840084e-06
6.168070983886718750e+01 2.245579101145267487e-02 8.936529775382950902e-05 2.571642160415649414e+00 1.334079913794994354e-02 5.255705356597900391e+00 1.254750974476337433e-02 9.279081597924232483e-03 1.330555533058941364e-04 8.634425354003906250e+01 6.356831741333007812e+01
3.164486694335937500e+01 3.240806749090552330e-03 0.000000000000000000e+00 1.819355392456054688e+01 2.061340332031250000e+00 0.000000000000000000e+00 2.801650238037109375e+01 7.757621258497238159e-02 4.306963086128234863e-02 0.000000000000000000e+00 0.000000000000000000e+00
1.791187678463757038e-03 6.617760751396417618e-03 3.716569859534502029e-03 6.677620578557252884e-03 0.000000000000000000e+00 7.198607083410024643e-03 7.589822169393301010e-03 2.935068914666771889e-03 6.482523400336503983e-03 1.042611058801412582e-02 1.724486425518989563e-02
0.000000000000000000e+00 1.308967173099517822e-01 1.617105007171630859e-01 1.206008270382881165e-01 3.118201158940792084e-02 2.766917347908020020e-01 1.351956725120544434e-01 1.234452724456787109e-01 1.199141219258308411e-01 1.497266143560409546e-01 3.363240659236907959e-01
2.095196023583412170e-02 6.962879002094268799e-02 0.000000000000000000e+00 1.430446720123291016e+01 3.591747999191284180e+00 7.550096035003662109e+00 4.551872730255126953e+00 4.987603187561035156e+00 2.696321487426757812e+01 1.204518556594848633e+00 1.642891168594360352e-01
0.000000000000000000e+00 7.891227722167968750e+00 6.930653095245361328e+00 1.067596673965454102e-02 1.517812814563512802e-02 2.852002143859863281e+00 6.727512227371335030e-04 3.535983562469482422e-01 2.384983003139495850e-02 8.767527760937809944e-04 8.169856071472167969e+00
2.250394597649574280e-02 4.739669710397720337e-02 1.211325645446777344e+01 1.779451370239257812e+00 0.000000000000000000e+00 1.009174919128417969e+01 2.455667877197265625e+01 1.517127901315689087e-01 7.974802494049072266e+00 4.186578735243529081e-06 5.571121000684797764e-04
1.677523250691592693e-03 1.989312935620546341e-03 1.896665431559085846e-03 0.000000000000000000e+00 2.091961288452148438e+01 0.000000000000000000e+00 4.015230515506118536e-04 0.000000000000000000e+00 0.000000000000000000e+00 0.000000000000000000e+00 2.681335926055908203e+00
0.000000000000000000e+00 3.193052543792873621e-05 1.438665203750133514e-04 2.155130277969874442e-05 1.510447764303535223e-04 0.000000000000000000e+00 6.391404895111918449e-05 1.084342657122761011e-04 1.964627017514430918e-06 5.924993092776276171e-05 9.532186595606617630e-08
