0.000000000000000000e+00 0.000000000000000000e+00 9.421478956937789917e-03 0.000000000000000000e+00 0.000000000000000000e+00 0.000000000000000000e+00 0.000000000000000000e+00 0.000000000000000000e+00 0.000000000000000000e+00 0.000000000000000000e+00 0.000000000000000000e+00
1.824900694191455841e-02 0.000000000000000000e+00 7.983344607055187225e-03 6.380917038768529892e-03 0.000000000000000000e+00 0.000000000000000000e+00 5.651842220686376095e-04 2.437847666442394257e-03 3.180509665980935097e-03 0.000000000000000000e+00 0.000000000000000000e+00
0.000000000000000000e+00 1.028260681778192520e-02 0.000000000000000000e+00 1.625582110136747360e-03 0.000000000000000000e+00 1.221422012895345688e-02 2.860280219465494156e-03 0.000000000000000000e+00 7.659225724637508392e-03 9.144058451056480408e-03 1.082935719750821590e-03
2.029466070234775543e-02 0.000000000000000000e+00 0.000000000000000000e+00 0.000000000000000000e+00 3.290536580607295036e-03 3.893174289260059595e-04 0.000000000000000000e+00 1.661229692399501801e-02 0.000000000000000000e+00 0.000000000000000000e+00 0.000000000000000000e+00
0.000000000000000000e+00 3.044412005692720413e-05 2.303661603946238756e-04 1.658194960327818990e-04 0.000000000000000000e+00 8.837624773150309920e-05 0.000000000000000000e+00 0.000000000000000000e+00 1.018644688883796334e-04 2.830578305292874575e-04 6.399131380021572113e-04
0.000000000000000000e+00 0.000000000000000000e+00 0.000000000000000000e+00 0.000000000000000000e+00 0.000000000000000000e+00 0.000000000000000000e+00 0.000000000000000000e+00 0.000000000000000000e+00 0.000000000000000000e+00 0.000000000000000000e+00 0.000000000000000000e+00
6.084645166993141174e-03 1.574969477951526642e-02 0.000000000000000000e+00 8.033700869418680668e-04 4.170494619756937027e-03 1.623715943424031138e-04 0.000000000000000000e+00 1.766350003890693188e-03 6.798998219892382622e-04 9.856728836894035339e-03 3.525763517245650291e-03
0.000000000000000000e+00 4.465312696993350983e-03 0.000000000000000000e+00 0.000000000000000000e+00 0.000000000000000000e+00 0.000000000000000000e+00 0.000000000000000000e+00 9.576149284839630127e-03 6.962271407246589661e-03 0.000000000000000000e+00 0.000000000000000000e+00
0.000000000000000000e+00 8.480708114802837372e-03 3.145531518384814262e-03 0.000000000000000000e+00 0.000000000000000000e+00 0.000000000000000000e+00 4.591973498463630676e-03 0.000000000000000000e+00 0.000000000000000000e+00 6.541013251990079880e-03 5.007143132388591766e-03
0.000000000000000000e+00 4.207198973745107651e-03 1.663016900420188904e-02 0.000000000000000000e+00 3.720806911587715149e-02 0.000000000000000000e+00 0.000000000000000000e+00 0.000000000000000000e+00 1.074640545994043350e-02 0.000000000000000000e+00 1.532428245991468430e-02
0.000000000000000000e+00 0.000000000000000000e+00 4.017201263195602223e-06 2.868314595616539009e-06 9.354281246487516910e-06 0.000000000000000000e+00 1.788294071047857869e-06 4.091853043064475060e-06 1.103666136259562336e-06 1.876857709248724859e-06 0.000000000000000000e+00
