0.000000000000000000e+00 0.000000000000000000e+00 0.000000000000000000e+00 0.000000000000000000e+00 0.000000000000000000e+00 0.000000000000000000e+00 3.007583320140838623e-03 6.190983112901449203e-03 2.771497704088687897e-03 0.000000000000000000e+00 0.000000000000000000e+00
6.846607662737369537e-03 0.000000000000000000e+00 3.376314125489443541e-04 7.739517837762832642e-03 4.640318453311920166e-03 0.000000000000000000e+00 2.102655824273824692e-03 0.000000000000000000e+00 2.490794286131858826e-04 8.521667914465069771e-04 0.000000000000000000e+00
0.000000000000000000e+00 1.415824284777045250e-03 0.000000000000000000e+00 4.863736219704151154e-03 0.000000000000000000e+00 0.000000000000000000e+00 1.190673932433128357e-02 1.287172897718846798e-03 1.504652318544685841e-03 0.000000000000000000e+00 0.000000000000000000e+00
2.635278506204485893e-03 0.000000000000000000e+00 0.000000000000000000e+00 4.399740137159824371e-03 7.086868397891521454e-03 6.630435585975646973e-03 0.000000000000000000e+00 1.096669491380453110e-02 0.000000000000000000e+00 0.000000000000000000e+00 0.000000000000000000e+00
5.619176226900890470e-05 1.414772996213287115e-04 8.991119102574884892e-05 1.632038911338895559e-04 0.000000000000000000e+00 9.931936074281111360e-05 9.616017632652074099e-05 1.356951179332099855e-05 0.000000000000000000e+00 2.300658816238865256e-04 3.856958646792918444e-04
0.000000000000000000e+00 0.000000000000000000e+00 0.000000000000000000e+00 0.000000000000000000e+00 0.000000000000000000e+00 3.073327243328094482e-04 0.000000000000000000e+00 0.000000000000000000e+00 0.000000000000000000e+00 0.000000000000000000e+00 0.000000000000000000e+00
4.565840121358633041e-03 1.962101785466074944e-03 0.000000000000000000e+00 0.000000000000000000e+00 0.000000000000000000e+00 2.280909335240721703e-03 6.711655296385288239e-03 0.000000000000000000e+00 1.015010289847850800e-02 1.147477608174085617e-02 5.161394365131855011e-03
0.000000000000000000e+00 2.947521628811955452e-03 0.000000000000000000e+00 0.000000000000000000e+00 0.000000000000000000e+00 0.000000000000000000e+00 0.000000000000000000e+00 0.000000000000000000e+00 6.092276424169540405e-03 0.000000000000000000e+00 0.000000000000000000e+00
6.951511022634804249e-04 9.647335857152938843e-03 0.000000000000000000e+00 1.265681930817663670e-03 0.000000000000000000e+00 3.559321165084838867e-03 1.682647271081805229e-03 0.000000000000000000e+00 0.000000000000000000e+00 2.743788994848728180e-03 3.660116344690322876e-03
3.859934164211153984e-03 0.000000000000000000e+00 4.590624477714300156e-03 0.000000000000000000e+00 3.475235030055046082e-02 0.000000000000000000e+00 0.000000000000000000e+00 0.000000000000000000e+00 1.306292106164619327e-04 0.000000000000000000e+00 6.971464958041906357e-03
0.000000000000000000e+00 6.194778734425199218e-07 4.350639301264891401e-06 0.000000000000000000e+00 5.099690952192759141e-06 0.000000000000000000e+00 1.498415144851605874e-06 2.145072954817806021e-07 0.000000000000000000e+00 4.650072753520362312e-07 0.000000000000000000e+00
