0.000000000000000000e+00 0.000000000000000000e+00 3.658548928797245026e-03 0.000000000000000000e+00 0.000000000000000000e+00 0.000000000000000000e+00 1.447547343559563160e-03 2.502915915101766586e-03 0.000000000000000000e+00 2.448352752253413200e-04 0.000000000000000000e+00
1.873469213023781776e-03 0.000000000000000000e+00 1.250715227797627449e-03 1.811442431062459946e-03 0.000000000000000000e+00 0.000000000000000000e+00 8.576583350077271461e-04 0.000000000000000000e+00 0.000000000000000000e+00 0.000000000000000000e+00 0.000000000000000000e+00
0.000000000000000000e+00 1.731668307911604643e-04 1.379246095893904567e-04 0.000000000000000000e+00 9.876574040390551090e-05 1.448766677640378475e-03 0.000000000000000000e+00 0.000000000000000000e+00 0.000000000000000000e+00 1.267293235287070274e-03 0.000000000000000000e+00
2.788967685773968697e-03 8.014700724743306637e-04 9.316330397268757224e-05 6.954681593924760818e-04 2.790486323647201061e-04 8.392028394155204296e-04 1.547289197333157063e-03 1.360379857942461967e-03 1.377755077555775642e-03 3.503830521367490292e-04 0.000000000000000000e+00
0.000000000000000000e+00 2.214061096310615540e-04 8.499544492224231362e-05 1.175392608274705708e-04 0.000000000000000000e+00 2.366165281273424625e-04 2.173884859075769782e-04 5.023476114729419351e-05 2.524664159864187241e-04 2.986124018207192421e-04 4.770038067363202572e-04
0.000000000000000000e+00 0.000000000000000000e+00 3.496911609545350075e-03 3.726492286659777164e-04 0.000000000000000000e+00 8.562237024307250977e-03 0.000000000000000000e+00 0.000000000000000000e+00 0.000000000000000000e+00 2.197454683482646942e-03 1.133142691105604172e-02
1.254865084774792194e-03 3.997249586973339319e-04 0.000000000000000000e+00 9.806439047679305077e-04 1.590014289831742644e-04 4.651797935366630554e-04 1.902177697047591209e-03 1.322864089161157608e-03 1.249790890142321587e-03 2.613902324810624123e-03 0.000000000000000000e+00
0.000000000000000000e+00 2.292016870342195034e-04 0.000000000000000000e+00 0.000000000000000000e+00 0.000000000000000000e+00 1.607277779839932919e-03 8.079520193859934807e-04 0.000000000000000000e+00 4.567607247736304998e-04 0.000000000000000000e+00 1.668896526098251343e-03
6.976895383559167385e-04 0.000000000000000000e+00 0.000000000000000000e+00 1.983531110454350710e-04 0.000000000000000000e+00 0.000000000000000000e+00 1.458830316551029682e-03 1.421251567080616951e-03 0.000000000000000000e+00 4.850009572692215443e-04 0.000000000000000000e+00
5.218730075284838676e-04 7.864277577027678490e-04 3.279246855527162552e-03 0.000000000000000000e+00 5.879352334886789322e-03 0.000000000000000000e+00 0.000000000000000000e+00 1.377242966555058956e-03 3.893983550369739532e-03 0.000000000000000000e+00 3.258823184296488762e-03
0.000000000000000000e+00 1.790000169421546161e-06 1.223223989654798061e-05 6.555566415045177564e-06 1.061271177604794502e-05 0.000000000000000000e+00 5.444042471935972571e-06 7.606910912727471441e-06 6.879347893118392676e-06 8.278237146441824734e-06 2.265160446768277325e-06
