0.000000000000000000e+00 0.000000000000000000e+00 4.753089044243097305e-03 0.000000000000000000e+00 0.000000000000000000e+00 0.000000000000000000e+00 2.610545372590422630e-03 0.000000000000000000e+00 0.000000000000000000e+00 0.000000000000000000e+00 0.000000000000000000e+00
2.321282401680946350e-03 0.000000000000000000e+00 3.925553988665342331e-03 6.772581953555345535e-03 0.000000000000000000e+00 0.000000000000000000e+00 1.168571179732680321e-03 0.000000000000000000e+00 0.000000000000000000e+00 0.000000000000000000e+00 2.131332410499453545e-03
0.000000000000000000e+00 1.344230026006698608e-03 0.000000000000000000e+00 0.000000000000000000e+00 2.236547647044062614e-03 2.173419343307614326e-03 0.000000000000000000e+00 0.000000000000000000e+00 8.539195987395942211e-04 0.000000000000000000e+00 4.233180545270442963e-03
1.092014461755752563e-02 0.000000000000000000e+00 0.000000000000000000e+00 0.000000000000000000e+00 2.440785290673375130e-03 4.391367081552743912e-03 9.042995050549507141e-03 9.500794112682342529e-03 0.000000000000000000e+00 2.401385921984910965e-03 2.124205231666564941e-03
1.775116402313869912e-06 3.389905759831890464e-05 2.284508518641814590e-04 9.046707418747246265e-05 0.000000000000000000e+00 3.368260513525456190e-05 1.096701234928332269e-04 7.429196557495743036e-05 1.438540930394083261e-04 2.035274665104225278e-04 4.415787698235362768e-04
0.000000000000000000e+00 0.000000000000000000e+00 0.000000000000000000e+00 0.000000000000000000e+00 0.000000000000000000e+00 0.000000000000000000e+00 0.000000000000000000e+00 0.000000000000000000e+00 0.000000000000000000e+00 0.000000000000000000e+00 4.336808689942017736e-19
0.000000000000000000e+00 4.995130933821201324e-03 0.000000000000000000e+00 2.478069858625531197e-03 0.000000000000000000e+00 1.511114300228655338e-03 1.190780778415501118e-03 4.713616799563169479e-03 2.905201166868209839e-03 1.502690254710614681e-03 2.950461348518729210e-03
0.000000000000000000e+00 0.000000000000000000e+00 0.000000000000000000e+00 3.251519287005066872e-03 0.000000000000000000e+00 0.000000000000000000e+00 0.000000000000000000e+00 8.304381626658141613e-04 4.107148852199316025e-03 0.000000000000000000e+00 5.546053871512413025e-04
0.000000000000000000e+00 3.609786275774240494e-03 6.304452661424875259e-03 1.554974936880171299e-03 0.000000000000000000e+00 0.000000000000000000e+00 2.319279592484235764e-04 3.210739931091666222e-03 0.000000000000000000e+00 0.000000000000000000e+00 3.369790967553853989e-03
5.365259014070034027e-03 2.700787037611007690e-03 9.081399999558925629e-03 0.000000000000000000e+00 2.071212418377399445e-02 0.000000000000000000e+00 0.000000000000000000e+00 3.806225489825010300e-03 3.096365137025713921e-03 1.369806588627398014e-03 1.032386999577283859e-02
0.000000000000000000e+00 0.000000000000000000e+00 1.602812062628800049e-06 4.402429851779743331e-07 4.216352863295469433e-06 0.000000000000000000e+00 0.000000000000000000e+00 5.342532745089556556e-07 0.000000000000000000e+00 1.575294277245120611e-06 0.000000000000000000e+00
