0.000000000000000000e+00 0.000000000000000000e+00 0.000000000000000000e+00 0.000000000000000000e+00 0.000000000000000000e+00 0.000000000000000000e+00 5.340609699487686157e-03 6.364657543599605560e-03 6.710433401167392731e-03 0.000000000000000000e+00 0.000000000000000000e+00
1.649365643970668316e-03 0.000000000000000000e+00 3.835984738543629646e-03 0.000000000000000000e+00 0.000000000000000000e+00 0.000000000000000000e+00 0.000000000000000000e+00 0.000000000000000000e+00 0.000000000000000000e+00 0.000000000000000000e+00 1.278694981010630727e-04
0.000000000000000000e+00 3.286320716142654419e-03 3.259445365983992815e-04 0.000000000000000000e+00 2.089928602799773216e-03 1.999190775677561760e-03 0.000000000000000000e+00 0.000000000000000000e+00 0.000000000000000000e+00 2.486724406480789185e-03 0.000000000000000000e+00
3.595371497794985771e-03 0.000000000000000000e+00 0.000000000000000000e+00 3.281492739915847778e-03 1.375269610434770584e-03 0.000000000000000000e+00 2.436013659462332726e-03 2.808087738230824471e-03 4.956826101988554001e-03 2.913116943091154099e-03 0.000000000000000000e+00
0.000000000000000000e+00 7.360172457993030548e-05 8.747624633542727679e-06 2.529611265345010906e-05 0.000000000000000000e+00 4.995714334654621780e-05 9.363042045151814818e-05 0.000000000000000000e+00 5.640004383167251945e-05 5.088284160592593253e-05 2.415257476968690753e-04
0.000000000000000000e+00 2.582826884463429451e-03 4.411628469824790955e-03 4.157650691922754049e-04 0.000000000000000000e+00 2.074395120143890381e-02 0.000000000000000000e+00 0.000000000000000000e+00 0.000000000000000000e+00 6.794155575335025787e-03 3.683337941765785217e-02
4.783606622368097305e-03 0.000000000000000000e+00 0.000000000000000000e+00 4.674470983445644379e-03 0.000000000000000000e+00 8.938143961131572723e-03 0.000000000000000000e+00 0.000000000000000000e+00 1.488199690356850624e-03 4.465672653168439865e-03 6.873237900435924530e-03
0.000000000000000000e+00 3.049349877983331680e-03 0.000000000000000000e+00 0.000000000000000000e+00 0.000000000000000000e+00 0.000000000000000000e+00 0.000000000000000000e+00 0.000000000000000000e+00 1.359992078505456448e-03 0.000000000000000000e+00 0.000000000000000000e+00
0.000000000000000000e+00 0.000000000000000000e+00 6.383516360074281693e-03 2.332338364794850349e-03 5.074600921943783760e-04 3.739481559023261070e-03 4.471257561817765236e-04 0.000000000000000000e+00 8.286161464639008045e-04 1.223787665367126465e-03 4.220886155962944031e-03
5.843415856361389160e-03 5.492865107953548431e-03 4.704180173575878143e-03 0.000000000000000000e+00 2.795713022351264954e-02 0.000000000000000000e+00 0.000000000000000000e+00 0.000000000000000000e+00 5.729958647862076759e-04 0.000000000000000000e+00 8.895160630345344543e-03
0.000000000000000000e+00 0.000000000000000000e+00 1.866729235189268366e-06 7.063603391088690842e-08 3.123225496892700903e-06 0.000000000000000000e+00 9.523860740046075080e-07 8.613035333837615326e-07 0.000000000000000000e+00 2.400857283646473661e-06 3.707889462134517089e-08
