0.000000000000000000e+00 0.000000000000000000e+00 9.549247100949287415e-03 0.000000000000000000e+00 0.000000000000000000e+00 0.000000000000000000e+00 2.496529836207628250e-03 4.117489152122288942e-04 0.000000000000000000e+00 1.657278771745041013e-04 0.000000000000000000e+00
1.333967410027980804e-02 0.000000000000000000e+00 1.137658208608627319e-02 6.328468676656484604e-03 0.000000000000000000e+00 1.827265077736228704e-04 1.808831118978559971e-03 0.000000000000000000e+00 3.641547635197639465e-03 0.000000000000000000e+00 0.000000000000000000e+00
0.000000000000000000e+00 1.016921084374189377e-02 3.005309263244271278e-04 4.877261351794004440e-03 0.000000000000000000e+00 2.898216480389237404e-03 1.892808009870350361e-03 0.000000000000000000e+00 0.000000000000000000e+00 0.000000000000000000e+00 9.313307236880064011e-04
1.059588417410850525e-02 1.696019666269421577e-03 0.000000000000000000e+00 0.000000000000000000e+00 0.000000000000000000e+00 1.010973192751407623e-02 4.460938274860382080e-03 1.480296440422534943e-02 4.188266582787036896e-03 1.280689844861626625e-03 0.000000000000000000e+00
0.000000000000000000e+00 3.417404877836816013e-05 3.700549132190644741e-05 3.848020060104317963e-05 0.000000000000000000e+00 1.226408471666218247e-06 0.000000000000000000e+00 1.163300112239085138e-04 4.836389507545391098e-06 7.875254959799349308e-05 2.779233327601104975e-04
0.000000000000000000e+00 0.000000000000000000e+00 0.000000000000000000e+00 0.000000000000000000e+00 0.000000000000000000e+00 0.000000000000000000e+00 0.000000000000000000e+00 0.000000000000000000e+00 0.000000000000000000e+00 0.000000000000000000e+00 1.575945410877466202e-03
7.728115189820528030e-03 3.118281718343496323e-03 0.000000000000000000e+00 0.000000000000000000e+00 5.417803302407264709e-03 0.000000000000000000e+00 2.255367347970604897e-03 4.214659333229064941e-03 8.041358552873134613e-03 4.479779861867427826e-03 4.070191644132137299e-03
0.000000000000000000e+00 5.888669751584529877e-03 0.000000000000000000e+00 0.000000000000000000e+00 0.000000000000000000e+00 0.000000000000000000e+00 4.749421204905956984e-04 0.000000000000000000e+00 9.624511934816837311e-03 0.000000000000000000e+00 0.000000000000000000e+00
0.000000000000000000e+00 5.434941966086626053e-03 3.980094334110617638e-04 1.183724729344248772e-03 0.000000000000000000e+00 0.000000000000000000e+00 8.916086517274379730e-03 0.000000000000000000e+00 0.000000000000000000e+00 0.000000000000000000e+00 0.000000000000000000e+00
1.279089949093759060e-03 0.000000000000000000e+00 1.360612921416759491e-02 0.000000000000000000e+00 3.025466017425060272e-02 5.533652729354798794e-04 9.234251920133829117e-04 0.000000000000000000e+00 4.159691277891397476e-03 0.000000000000000000e+00 1.094947475939989090e-02
0.000000000000000000e+00 0.000000000000000000e+00 4.870133125223219395e-06 1.746346242725849152e-06 7.079116130626061931e-06 0.000000000000000000e+00 1.245751832357200328e-06 1.589697603776585311e-06 1.942721468140007346e-07 2.889914867409970611e-06 0.000000000000000000e+00
