0.000000000000000000e+00 3.492523217573761940e-03 2.904617460444569588e-03 0.000000000000000000e+00 0.000000000000000000e+00 0.000000000000000000e+00 5.243942141532897949e-03 3.514777170494198799e-03 2.885210415115579963e-05 0.000000000000000000e+00 0.000000000000000000e+00
7.104587275534868240e-03 0.000000000000000000e+00 1.826899498701095581e-02 0.000000000000000000e+00 0.000000000000000000e+00 2.088532317429780960e-03 0.000000000000000000e+00 0.000000000000000000e+00 0.000000000000000000e+00 0.000000000000000000e+00 0.000000000000000000e+00
0.000000000000000000e+00 1.271830685436725616e-02 0.000000000000000000e+00 5.520049482583999634e-03 0.000000000000000000e+00 7.260160986334085464e-03 0.000000000000000000e+00 0.000000000000000000e+00 0.000000000000000000e+00 0.000000000000000000e+00 2.327767899259924889e-03
1.724876929074525833e-03 0.000000000000000000e+00 7.139803492464125156e-04 6.412473507225513458e-03 2.617647405713796616e-03 6.153777707368135452e-03 1.806350238621234894e-02 2.503812313079833984e-03 0.000000000000000000e+00 7.806406938470900059e-04 0.000000000000000000e+00
8.160717552527785301e-04 1.302523771300911903e-03 6.812555366195738316e-04 1.097921514883637428e-03 0.000000000000000000e+00 8.403793326579034328e-04 1.152257202193140984e-03 9.632231667637825012e-04 9.203207446262240410e-04 1.559333992190659046e-03 1.921908231452107430e-03
0.000000000000000000e+00 0.000000000000000000e+00 0.000000000000000000e+00 0.000000000000000000e+00 0.000000000000000000e+00 0.000000000000000000e+00 0.000000000000000000e+00 0.000000000000000000e+00 0.000000000000000000e+00 0.000000000000000000e+00 0.000000000000000000e+00
1.431800192221999168e-03 0.000000000000000000e+00 2.872449986170977354e-04 8.746162988245487213e-03 3.520355559885501862e-03 1.261636149138212204e-02 3.582726465538144112e-03 8.296195417642593384e-03 1.670498214662075043e-02 3.450863761827349663e-03 2.867036266252398491e-03
0.000000000000000000e+00 5.382732953876256943e-03 2.700487617403268814e-03 0.000000000000000000e+00 0.000000000000000000e+00 4.316092468798160553e-03 2.960825804620981216e-03 0.000000000000000000e+00 7.134530227631330490e-03 0.000000000000000000e+00 4.466304380912333727e-04
0.000000000000000000e+00 4.548161232378333807e-04 1.141245011240243912e-02 0.000000000000000000e+00 0.000000000000000000e+00 1.965370727702975273e-03 8.869873359799385071e-03 2.197107532992959023e-04 0.000000000000000000e+00 0.000000000000000000e+00 0.000000000000000000e+00
7.998807355761528015e-03 3.738242899999022484e-03 8.668001741170883179e-03 0.000000000000000000e+00 3.717113658785820007e-02 0.000000000000000000e+00 0.000000000000000000e+00 0.000000000000000000e+00 9.538663434796035290e-04 0.000000000000000000e+00 9.389223530888557434e-03
0.000000000000000000e+00 0.000000000000000000e+00 5.350668288883753121e-05 3.211927105439826846e-05 6.453881360357627273e-05 0.000000000000000000e+00 9.882322046905755997e-06 4.273107333574444056e-05 0.000000000000000000e+00 3.697658030432648957e-05 2.103221959259826690e-05
