0.000000000000000000e+00 1.993051147460937500e+02 3.440843505859375000e+02 0.000000000000000000e+00 0.000000000000000000e+00 0.000000000000000000e+00 1.211501464843750000e+03 1.798312011718750000e+03 1.389479980468750000e+03 9.264587759971618652e-01 0.000000000000000000e+00
2.739621582031250000e+02 1.690753363072872162e-02 1.391636474609375000e+03 2.265394775390625000e+03 2.656870651245117188e+01 1.691845947265625000e+03 2.565609130859375000e+03 5.101619338989257812e+01 2.557622528076171875e+01 6.423712921142578125e+01 1.474159790039062500e+03
6.258945312500000000e+02 1.991618041992187500e+02 5.946681976318359375e+01 1.136023864746093750e+02 1.047225952148437500e+02 1.295953613281250000e+03 4.568654479980468750e+02 3.059916570782661438e-02 1.905093002319335938e+01 1.452258544921875000e+03 2.039535278320312500e+03
2.466076416015625000e+03 0.000000000000000000e+00 4.340763986110687256e-01 1.507379882812500000e+03 9.767825317382812500e+02 2.672433090209960938e+01 1.903727111816406250e+02 1.875259399414062500e+02 2.727615722656250000e+03 2.270360839843750000e+03 1.496886962890625000e+03
2.315232515335083008e+00 1.077912616729736328e+01 7.316468238830566406e+00 5.114539623260498047e+00 7.892702342360280454e-06 4.800599098205566406e+00 1.165064716339111328e+01 6.367064714431762695e-01 9.838592529296875000e+00 1.028894424438476562e+01 3.019483184814453125e+01
0.000000000000000000e+00 0.000000000000000000e+00 0.000000000000000000e+00 0.000000000000000000e+00 0.000000000000000000e+00 0.000000000000000000e+00 0.000000000000000000e+00 0.000000000000000000e+00 0.000000000000000000e+00 0.000000000000000000e+00 1.821846618652343750e+02
9.097659912109375000e+02 5.641533203125000000e+02 0.000000000000000000e+00 1.835969970703125000e+03 1.138338047894649208e-04 1.403310852050781250e+02 5.100369262695312500e+01 2.901416015625000000e+01 1.082626831054687500e+03 9.015932006835937500e+02 8.337218627929687500e+02
0.000000000000000000e+00 4.190908203125000000e+03 1.373302856445312500e+03 5.171015113592147827e-02 1.332269668579101562e+00 9.920054626464843750e+01 1.185802649706602097e-02 5.861948242187500000e+03 6.556647949218750000e+03 5.290049804687500000e+03 8.157325983047485352e-01
5.867904424667358398e-01 1.398729003906250000e+03 4.006803588867187500e+02 8.562090820312500000e+03 2.477687255859375000e+03 2.409148925781250000e+03 9.275902343750000000e+03 3.872129821777343750e+01 8.145442962646484375e+00 6.130320312500000000e+03 9.950238037109375000e+01
0.000000000000000000e+00 3.872933578491210938e+01 1.144029083251953125e+02 0.000000000000000000e+00 3.720254394531250000e+03 2.559133052825927734e+00 0.000000000000000000e+00 0.000000000000000000e+00 2.839336395263671875e+01 0.000000000000000000e+00 3.296131896972656250e+02
0.000000000000000000e+00 9.157883469015359879e-04 8.618208765983581543e-02 7.736505568027496338e-02 1.914936602115631104e-01 0.000000000000000000e+00 7.970462739467620850e-02 1.692341864109039307e-01 3.658882690160680795e-07 1.340823471546173096e-01 5.769261624664068222e-04
