0.000000000000000000e+00 9.837844409048557281e-04 9.674054570496082306e-03 0.000000000000000000e+00 0.000000000000000000e+00 0.000000000000000000e+00 4.063379485160112381e-03 1.186899095773696899e-02 0.000000000000000000e+00 0.000000000000000000e+00 0.000000000000000000e+00
1.296396087855100632e-02 0.000000000000000000e+00 1.324792206287384033e-02 1.525218039751052856e-02 0.000000000000000000e+00 0.000000000000000000e+00 6.749756634235382080e-03 2.309829229488968849e-03 0.000000000000000000e+00 0.000000000000000000e+00 0.000000000000000000e+00
0.000000000000000000e+00 6.391480099409818649e-03 3.974735271185636520e-03 0.000000000000000000e+00 0.000000000000000000e+00 1.761729642748832703e-02 0.000000000000000000e+00 0.000000000000000000e+00 3.715251339599490166e-03 5.121856462210416794e-03 2.029828960075974464e-03
2.363030053675174713e-02 0.000000000000000000e+00 0.000000000000000000e+00 0.000000000000000000e+00 0.000000000000000000e+00 0.000000000000000000e+00 0.000000000000000000e+00 6.163171492516994476e-03 1.659784838557243347e-02 1.142142713069915771e-02 0.000000000000000000e+00
6.800523806305136532e-06 3.330644176458008587e-06 0.000000000000000000e+00 0.000000000000000000e+00 0.000000000000000000e+00 5.284513827064074576e-05 7.290644862223416567e-05 0.000000000000000000e+00 1.045925891958177090e-04 1.716456172289326787e-04 4.081994993612170219e-04
0.000000000000000000e+00 0.000000000000000000e+00 0.000000000000000000e+00 0.000000000000000000e+00 0.000000000000000000e+00 0.000000000000000000e+00 0.000000000000000000e+00 0.000000000000000000e+00 0.000000000000000000e+00 0.000000000000000000e+00 2.252028323709964752e-03
4.501021932810544968e-03 6.304282695055007935e-03 0.000000000000000000e+00 0.000000000000000000e+00 1.316592446528375149e-03 0.000000000000000000e+00 5.066917277872562408e-03 7.481122389435768127e-03 9.933429770171642303e-03 3.057321300730109215e-03 1.539775519631803036e-03
0.000000000000000000e+00 4.448184277862310410e-03 0.000000000000000000e+00 0.000000000000000000e+00 0.000000000000000000e+00 0.000000000000000000e+00 0.000000000000000000e+00 0.000000000000000000e+00 4.588724114000797272e-03 0.000000000000000000e+00 5.897023249417543411e-03
0.000000000000000000e+00 0.000000000000000000e+00 0.000000000000000000e+00 0.000000000000000000e+00 0.000000000000000000e+00 0.000000000000000000e+00 1.064929459244012833e-02 4.121057223528623581e-03 0.000000000000000000e+00 0.000000000000000000e+00 0.000000000000000000e+00
7.320103235542774200e-03 1.568270032294094563e-03 1.730486936867237091e-02 0.000000000000000000e+00 3.751956298947334290e-02 0.000000000000000000e+00 0.000000000000000000e+00 0.000000000000000000e+00 1.201488170772790909e-02 1.168450620025396347e-02 1.966728456318378448e-02
0.000000000000000000e+00 7.316977956861592247e-08 1.988859594348468818e-06 1.191172941616969183e-06 3.623245902417693287e-06 0.000000000000000000e+00 9.786479040485573933e-07 1.451388015993870795e-06 0.000000000000000000e+00 1.593439151292841416e-06 0.000000000000000000e+00
