0.000000000000000000e+00 1.518564605712890625e+01 4.115756347656250000e+03 0.000000000000000000e+00 0.000000000000000000e+00 0.000000000000000000e+00 1.693154602050781250e+02 2.226588671875000000e+04 1.149965524673461914e+00 2.949861907958984375e+01 0.000000000000000000e+00
3.470106201171875000e+02 9.749258309602737427e-02 3.677247802734375000e+03 3.395892333984375000e+02 1.038852500915527344e+01 1.418863525390625000e+02 2.898034667968750000e+03 3.545741558074951172e+00 1.335566639900207520e+00 5.440760498046875000e+02 1.235519981384277344e+01
4.630716308593750000e+03 7.076386230468750000e+03 4.564077148437500000e+03 5.561849365234375000e+02 4.421640872955322266e+00 1.234058837890625000e+03 1.033872949218750000e+04 1.356972885131835938e+01 1.686764221191406250e+02 9.321919921875000000e+03 1.580502139404416084e-03
3.687809448242187500e+02 2.674328684806823730e-01 1.017853617668151855e+00 2.533281005859375000e+03 3.157417907714843750e+02 3.684544921875000000e+03 3.262446289062500000e+03 3.155229980468750000e+03 5.831753906250000000e+03 2.511106445312500000e+03 1.488403198242187500e+03
5.226217269897460938e+00 1.381835365295410156e+01 6.499019861221313477e-01 3.267599940299987793e-01 0.000000000000000000e+00 1.804814040660858154e-01 9.469759464263916016e-01 1.148166179656982422e+00 2.732763290405273438e-01 2.790490627288818359e+00 2.216210365295410156e+01
0.000000000000000000e+00 0.000000000000000000e+00 0.000000000000000000e+00 0.000000000000000000e+00 0.000000000000000000e+00 0.000000000000000000e+00 0.000000000000000000e+00 0.000000000000000000e+00 0.000000000000000000e+00 0.000000000000000000e+00 0.000000000000000000e+00
1.239120410156250000e+04 4.427780151367187500e+02 1.245914234004885657e-07 8.446589355468750000e+02 8.286623358726501465e-01 6.365116699218750000e+03 1.389461398124694824e+00 0.000000000000000000e+00 1.262436914062500000e+04 6.592115234375000000e+03 1.228803222656250000e+04
0.000000000000000000e+00 5.152083740234375000e+02 1.301084594726562500e+02 0.000000000000000000e+00 8.210433959960937500e+00 0.000000000000000000e+00 5.764444351196289062e+00 9.879089355468750000e+02 2.427344726562500000e+03 1.620077514648437500e+02 1.974305324256420135e-02
0.000000000000000000e+00 3.904115295410156250e+01 2.863687988281250000e+03 2.247142181396484375e+02 2.298241043090820312e+01 2.551864929199218750e+02 4.915020507812500000e+03 3.105649471282958984e+00 2.647355943918228149e-02 6.317557525634765625e+01 1.807949340820312500e+03
0.000000000000000000e+00 0.000000000000000000e+00 0.000000000000000000e+00 0.000000000000000000e+00 2.337584495544433594e+01 0.000000000000000000e+00 0.000000000000000000e+00 0.000000000000000000e+00 0.000000000000000000e+00 0.000000000000000000e+00 0.000000000000000000e+00
0.000000000000000000e+00 3.114383798674680293e-05 1.012216210365295410e-01 0.000000000000000000e+00 2.724363505840301514e-01 0.000000000000000000e+00 5.747118033468723297e-03 3.857788443565368652e-02 1.091286772862076759e-03 2.292754501104354858e-02 0.000000000000000000e+00
