0.000000000000000000e+00 9.110130486078560352e-04 0.000000000000000000e+00 0.000000000000000000e+00 0.000000000000000000e+00 0.000000000000000000e+00 1.101581845432519913e-03 3.029873594641685486e-03 0.000000000000000000e+00 0.000000000000000000e+00 0.000000000000000000e+00
2.374107483774423599e-03 0.000000000000000000e+00 3.316283924505114555e-03 0.000000000000000000e+00 0.000000000000000000e+00 0.000000000000000000e+00 0.000000000000000000e+00 0.000000000000000000e+00 8.713650458957999945e-05 0.000000000000000000e+00 0.000000000000000000e+00
1.429073978215456009e-03 9.487348143011331558e-05 2.057434991002082825e-03 0.000000000000000000e+00 0.000000000000000000e+00 1.341050374321639538e-03 1.755940029397606850e-03 0.000000000000000000e+00 0.000000000000000000e+00 2.404753584414720535e-03 0.000000000000000000e+00
1.023675082251429558e-03 0.000000000000000000e+00 0.000000000000000000e+00 0.000000000000000000e+00 8.009924204088747501e-04 1.461576088331639767e-03 0.000000000000000000e+00 3.110966412350535393e-03 0.000000000000000000e+00 3.840066259726881981e-03 0.000000000000000000e+00
7.632993947481736541e-05 1.385570503771305084e-04 1.611920015420764685e-05 8.184679609257727861e-05 0.000000000000000000e+00 1.148576702689751983e-04 9.104455966735258698e-05 4.577246727421879768e-05 1.260910503333434463e-04 9.873091767076402903e-05 2.134884707629680634e-04
0.000000000000000000e+00 2.072655828669667244e-03 4.029153846204280853e-03 3.060876857489347458e-03 0.000000000000000000e+00 1.166824530810117722e-02 0.000000000000000000e+00 0.000000000000000000e+00 0.000000000000000000e+00 2.149970270693302155e-03 1.474217697978019714e-02
1.508841873146593571e-03 0.000000000000000000e+00 0.000000000000000000e+00 1.816262025386095047e-03 0.000000000000000000e+00 2.618305617943406105e-03 5.225021159276366234e-04 1.992591889575123787e-03 2.646118635311722755e-03 2.436291659250855446e-03 3.345685079693794250e-03
0.000000000000000000e+00 3.227893961593508720e-03 7.323345053009688854e-04 0.000000000000000000e+00 0.000000000000000000e+00 0.000000000000000000e+00 8.636029087938368320e-04 0.000000000000000000e+00 1.726339105516672134e-03 0.000000000000000000e+00 4.189979808870702982e-04
5.937293753959238529e-04 5.770854768343269825e-04 0.000000000000000000e+00 9.251334704458713531e-04 0.000000000000000000e+00 0.000000000000000000e+00 2.653715433552861214e-03 0.000000000000000000e+00 0.000000000000000000e+00 1.517593278549611568e-03 1.938940986292436719e-04
2.595164114609360695e-03 1.240020617842674255e-03 4.944287706166505814e-03 1.989887561649084091e-03 1.239330600947141647e-02 0.000000000000000000e+00 0.000000000000000000e+00 0.000000000000000000e+00 5.063710850663483143e-04 0.000000000000000000e+00 4.436712712049484253e-03
0.000000000000000000e+00 0.000000000000000000e+00 1.222353830598876812e-06 0.000000000000000000e+00 1.214449071085255127e-06 0.000000000000000000e+00 0.000000000000000000e+00 9.603916168998694047e-07 0.000000000000000000e+00 2.263010543401833274e-07 0.000000000000000000e+00
