0.000000000000000000e+00 0.000000000000000000e+00 3.374345134943723679e-03 0.000000000000000000e+00 0.000000000000000000e+00 0.000000000000000000e+00 3.979470115154981613e-03 0.000000000000000000e+00 3.586123231798410416e-03 0.000000000000000000e+00 0.000000000000000000e+00
3.240409540012478828e-03 0.000000000000000000e+00 2.160936594009399414e-03 1.725715352222323418e-03 0.000000000000000000e+00 0.000000000000000000e+00 0.000000000000000000e+00 0.000000000000000000e+00 0.000000000000000000e+00 0.000000000000000000e+00 4.118783981539309025e-04
0.000000000000000000e+00 2.394962823018431664e-03 0.000000000000000000e+00 9.783593704923987389e-04 3.766961744986474514e-04 2.338368911296129227e-03 1.495424308814108372e-03 0.000000000000000000e+00 0.000000000000000000e+00 0.000000000000000000e+00 0.000000000000000000e+00
6.701375823467969894e-03 0.000000000000000000e+00 0.000000000000000000e+00 0.000000000000000000e+00 3.263802791479974985e-04 1.016006805002689362e-03 6.850682548247277737e-04 4.172435030341148376e-03 2.048711758106946945e-03 2.196620625909417868e-04 0.000000000000000000e+00
1.946462907653767616e-05 5.521926141227595508e-05 5.561972648138180375e-05 3.150061456835828722e-05 0.000000000000000000e+00 3.333495988044887781e-05 4.846139199798926711e-05 3.219933205400593579e-05 7.611502951476722956e-05 4.835203071706928313e-05 2.223363262601196766e-04
0.000000000000000000e+00 0.000000000000000000e+00 2.229691381216980517e-05 2.105077030137181282e-03 0.000000000000000000e+00 1.056017726659774780e-02 0.000000000000000000e+00 0.000000000000000000e+00 0.000000000000000000e+00 4.040454514324665070e-03 1.544960401952266693e-02
0.000000000000000000e+00 1.893913024105131626e-03 0.000000000000000000e+00 3.466945840045809746e-03 0.000000000000000000e+00 5.533826770260930061e-04 0.000000000000000000e+00 8.344712841790169477e-05 1.086624222807586193e-03 2.223380608484148979e-03 1.921464339829981327e-03
0.000000000000000000e+00 1.268182066269218922e-03 0.000000000000000000e+00 0.000000000000000000e+00 0.000000000000000000e+00 6.244821124710142612e-04 0.000000000000000000e+00 0.000000000000000000e+00 0.000000000000000000e+00 0.000000000000000000e+00 0.000000000000000000e+00
0.000000000000000000e+00 0.000000000000000000e+00 4.508394922595471144e-04 1.656404230743646622e-03 0.000000000000000000e+00 0.000000000000000000e+00 1.617111149244010448e-03 0.000000000000000000e+00 1.350039034150540829e-03 1.112779835239052773e-03 5.671997787430882454e-04
1.177885453216731548e-03 1.372296479530632496e-03 6.965063046663999557e-03 0.000000000000000000e+00 1.124820113182067871e-02 0.000000000000000000e+00 0.000000000000000000e+00 0.000000000000000000e+00 4.255462437868118286e-03 0.000000000000000000e+00 4.496566019952297211e-03
0.000000000000000000e+00 0.000000000000000000e+00 1.636125716686365195e-06 7.433427526848390698e-07 3.083822775806766003e-06 0.000000000000000000e+00 6.018469775881385431e-07 1.197281221720913891e-06 3.792857796725002117e-07 1.426905441803683061e-06 0.000000000000000000e+00
