0.000000000000000000e+00 0.000000000000000000e+00 3.593149827793240547e-03 0.000000000000000000e+00 0.000000000000000000e+00 0.000000000000000000e+00 1.587118720635771751e-03 9.451392688788473606e-04 4.617870727088302374e-04 0.000000000000000000e+00 0.000000000000000000e+00
4.584781359881162643e-03 0.000000000000000000e+00 6.678462028503417969e-03 0.000000000000000000e+00 1.659074216149747372e-03 0.000000000000000000e+00 0.000000000000000000e+00 2.991720335558056831e-03 1.428853836841881275e-03 0.000000000000000000e+00 8.032303885556757450e-04
0.000000000000000000e+00 1.139835640788078308e-02 2.615691162645816803e-03 6.738324649631977081e-03 0.000000000000000000e+00 6.746675353497266769e-03 0.000000000000000000e+00 0.000000000000000000e+00 1.706241513602435589e-03 4.859416279941797256e-03 0.000000000000000000e+00
6.471838802099227905e-03 0.000000000000000000e+00 0.000000000000000000e+00 0.000000000000000000e+00 0.000000000000000000e+00 3.718642750754952431e-03 0.000000000000000000e+00 4.987274762243032455e-03 3.160604508593678474e-03 0.000000000000000000e+00 0.000000000000000000e+00
3.825248495559208095e-05 3.070731690968386829e-05 9.822504216572269797e-05 1.074860410881228745e-04 0.000000000000000000e+00 0.000000000000000000e+00 7.639859541086480021e-05 7.880614430177956820e-05 3.439984357100911438e-05 2.188242360716685653e-04 3.797989920713007450e-04
0.000000000000000000e+00 0.000000000000000000e+00 0.000000000000000000e+00 0.000000000000000000e+00 0.000000000000000000e+00 0.000000000000000000e+00 0.000000000000000000e+00 0.000000000000000000e+00 0.000000000000000000e+00 0.000000000000000000e+00 0.000000000000000000e+00
0.000000000000000000e+00 3.882832825183868408e-03 0.000000000000000000e+00 4.222527204547077417e-04 0.000000000000000000e+00 0.000000000000000000e+00 3.773497417569160461e-03 3.997629042714834213e-03 6.502299569547176361e-03 0.000000000000000000e+00 7.131396792829036713e-03
0.000000000000000000e+00 6.239359732717275620e-03 1.264143502339720726e-03 0.000000000000000000e+00 6.502284086309373379e-04 0.000000000000000000e+00 0.000000000000000000e+00 3.045958001166582108e-03 4.023067886009812355e-04 0.000000000000000000e+00 0.000000000000000000e+00
0.000000000000000000e+00 7.154183462262153625e-03 6.146544590592384338e-03 0.000000000000000000e+00 0.000000000000000000e+00 8.213201072067022324e-04 1.534426119178533554e-03 3.333288943395018578e-03 0.000000000000000000e+00 0.000000000000000000e+00 2.083644270896911621e-03
4.268092103302478790e-03 1.319375878665596247e-04 8.195022121071815491e-03 0.000000000000000000e+00 2.561796456575393677e-02 9.593022405169904232e-04 0.000000000000000000e+00 0.000000000000000000e+00 7.373394910246133804e-03 3.918730653822422028e-03 8.037032559514045715e-03
0.000000000000000000e+00 0.000000000000000000e+00 1.622213972041208763e-06 1.428189875696261879e-06 6.997251603024778888e-06 0.000000000000000000e+00 2.791031192828086205e-07 1.209038487104407977e-06 0.000000000000000000e+00 2.187100790251861326e-06 0.000000000000000000e+00
