0.000000000000000000e+00 0.000000000000000000e+00 1.192383118905127048e-03 0.000000000000000000e+00 0.000000000000000000e+00 0.000000000000000000e+00 0.000000000000000000e+00 8.308807387948036194e-03 0.000000000000000000e+00 0.000000000000000000e+00 0.000000000000000000e+00
5.874052643775939941e-03 0.000000000000000000e+00 1.567910308949649334e-03 4.163729958236217499e-03 0.000000000000000000e+00 0.000000000000000000e+00 6.062017753720283508e-03 3.587097395211458206e-03 2.875939942896366119e-03 0.000000000000000000e+00 0.000000000000000000e+00
0.000000000000000000e+00 4.679478239268064499e-03 1.225034589879214764e-03 0.000000000000000000e+00 0.000000000000000000e+00 7.688847836107015610e-03 1.175848883576691151e-03 0.000000000000000000e+00 9.260690771043300629e-03 1.880476251244544983e-03 1.888347789645195007e-03
6.104769650846719742e-03 0.000000000000000000e+00 0.000000000000000000e+00 0.000000000000000000e+00 2.404960803687572479e-03 0.000000000000000000e+00 3.726701484993100166e-03 5.069036502391099930e-03 0.000000000000000000e+00 4.183797631412744522e-03 0.000000000000000000e+00
2.715444134082645178e-05 1.904117561934981495e-05 4.042232467327266932e-05 6.726886931573972106e-05 0.000000000000000000e+00 9.119268361246213317e-05 0.000000000000000000e+00 0.000000000000000000e+00 8.250906830653548241e-06 1.997830986510962248e-04 2.150780201191082597e-04
0.000000000000000000e+00 0.000000000000000000e+00 0.000000000000000000e+00 0.000000000000000000e+00 0.000000000000000000e+00 0.000000000000000000e+00 0.000000000000000000e+00 0.000000000000000000e+00 0.000000000000000000e+00 0.000000000000000000e+00 0.000000000000000000e+00
8.500571362674236298e-03 6.576898973435163498e-03 0.000000000000000000e+00 0.000000000000000000e+00 0.000000000000000000e+00 2.185315592214465141e-03 5.234363488852977753e-04 4.965714178979396820e-03 0.000000000000000000e+00 4.397219512611627579e-03 3.839883254840970039e-03
0.000000000000000000e+00 0.000000000000000000e+00 0.000000000000000000e+00 0.000000000000000000e+00 2.247992670163512230e-03 0.000000000000000000e+00 8.394172415137290955e-03 3.313709981739521027e-03 6.527481134980916977e-03 0.000000000000000000e+00 3.581717144697904587e-03
0.000000000000000000e+00 6.310360622592270374e-04 0.000000000000000000e+00 2.316348254680633545e-03 0.000000000000000000e+00 0.000000000000000000e+00 4.292663652449846268e-03 3.476542420685291290e-03 0.000000000000000000e+00 6.873469799757003784e-03 0.000000000000000000e+00
8.604426868259906769e-03 9.527438320219516754e-03 2.126293489709496498e-03 0.000000000000000000e+00 2.559725381433963776e-02 0.000000000000000000e+00 0.000000000000000000e+00 0.000000000000000000e+00 2.763503289315849543e-04 0.000000000000000000e+00 1.075502298772335052e-02
0.000000000000000000e+00 8.193009080059709959e-07 2.125963419530307874e-06 8.339219448316725902e-07 2.932703182523255236e-06 0.000000000000000000e+00 1.813467349620623281e-07 6.351439196805586107e-07 0.000000000000000000e+00 6.459200108110962901e-07 0.000000000000000000e+00
