0.000000000000000000e+00 1.257143681868910789e-03 0.000000000000000000e+00 0.000000000000000000e+00 0.000000000000000000e+00 0.000000000000000000e+00 3.385471063666045666e-04 3.275821800343692303e-04 4.210414190310984850e-04 0.000000000000000000e+00 0.000000000000000000e+00
1.827713131206110120e-04 0.000000000000000000e+00 0.000000000000000000e+00 9.570176189299672842e-05 1.329394872300326824e-03 0.000000000000000000e+00 2.193149557569995522e-04 0.000000000000000000e+00 3.071408136747777462e-04 5.807249108329415321e-04 0.000000000000000000e+00
0.000000000000000000e+00 5.493883509188890457e-04 0.000000000000000000e+00 1.505638705566525459e-03 0.000000000000000000e+00 2.151931170374155045e-03 3.454958554357290268e-03 0.000000000000000000e+00 0.000000000000000000e+00 7.355482666753232479e-04 0.000000000000000000e+00
2.900375518947839737e-03 0.000000000000000000e+00 0.000000000000000000e+00 2.126224571838974953e-04 0.000000000000000000e+00 3.470428637228906155e-04 0.000000000000000000e+00 2.483496675267815590e-03 3.107727039605379105e-03 5.610553198494017124e-04 0.000000000000000000e+00
0.000000000000000000e+00 9.856582619249820709e-05 2.389418477832805365e-05 1.610224426258355379e-04 0.000000000000000000e+00 2.125777391484007239e-04 1.799785532057285309e-04 3.035334339074324816e-05 1.105565170291811228e-04 1.657946413615718484e-04 2.892924239858984947e-04
0.000000000000000000e+00 1.676807529293000698e-03 1.790677779354155064e-03 4.471680731512606144e-04 0.000000000000000000e+00 7.836300879716873169e-03 0.000000000000000000e+00 0.000000000000000000e+00 0.000000000000000000e+00 1.961394678801298141e-03 1.159587316215038300e-02
1.596775982761755586e-04 0.000000000000000000e+00 1.497864723205566406e-03 1.039910363033413887e-03 0.000000000000000000e+00 3.899767296388745308e-03 9.940948802977800369e-04 2.114453964168205857e-04 2.725942758843302727e-03 4.655908327549695969e-03 3.945440985262393951e-03
0.000000000000000000e+00 0.000000000000000000e+00 0.000000000000000000e+00 0.000000000000000000e+00 2.667288063094019890e-03 0.000000000000000000e+00 0.000000000000000000e+00 0.000000000000000000e+00 2.195496810600161552e-03 0.000000000000000000e+00 0.000000000000000000e+00
8.677571895532310009e-04 3.420419816393405199e-04 0.000000000000000000e+00 0.000000000000000000e+00 0.000000000000000000e+00 6.678348290733993053e-04 1.339259208180010319e-03 5.840419908054172993e-04 0.000000000000000000e+00 0.000000000000000000e+00 1.570517342770472169e-04
4.241524264216423035e-03 2.164057368645444512e-04 2.550703706219792366e-03 0.000000000000000000e+00 8.742927573621273041e-03 0.000000000000000000e+00 0.000000000000000000e+00 0.000000000000000000e+00 2.006264170631766319e-03 0.000000000000000000e+00 3.004378871992230415e-03
0.000000000000000000e+00 2.338141712243668735e-06 8.617853382020257413e-06 2.976049472636077553e-06 6.659811333520337939e-06 0.000000000000000000e+00 5.712448455597041175e-06 5.417819465947104618e-06 0.000000000000000000e+00 4.068247562827309594e-06 5.913197469453734811e-07
