0.000000000000000000e+00 6.431777495890855789e-03 0.000000000000000000e+00 0.000000000000000000e+00 0.000000000000000000e+00 0.000000000000000000e+00 1.798585522919893265e-03 0.000000000000000000e+00 0.000000000000000000e+00 0.000000000000000000e+00 0.000000000000000000e+00
1.409725006669759750e-02 0.000000000000000000e+00 9.932234883308410645e-03 9.975321590900421143e-03 0.000000000000000000e+00 0.000000000000000000e+00 7.392404135316610336e-03 0.000000000000000000e+00 1.978623331524431705e-04 0.000000000000000000e+00 0.000000000000000000e+00
1.206077169626951218e-03 1.227865088731050491e-02 9.880708530545234680e-03 0.000000000000000000e+00 0.000000000000000000e+00 8.498090319335460663e-03 6.174295675009489059e-03 0.000000000000000000e+00 4.963389132171869278e-03 3.043557750061154366e-03 0.000000000000000000e+00
2.581341424956917763e-03 0.000000000000000000e+00 0.000000000000000000e+00 0.000000000000000000e+00 1.356347277760505676e-02 1.612556050531566143e-03 1.452676858752965927e-02 9.858929552137851715e-03 0.000000000000000000e+00 0.000000000000000000e+00 0.000000000000000000e+00
0.000000000000000000e+00 1.191767369164153934e-04 1.052557272487320006e-04 1.328296348219737411e-04 0.000000000000000000e+00 1.799193341867066920e-05 1.067826087819412351e-04 6.562873750226572156e-05 4.994460687157697976e-05 1.972519821720197797e-04 4.621899570338428020e-04
0.000000000000000000e+00 0.000000000000000000e+00 0.000000000000000000e+00 0.000000000000000000e+00 0.000000000000000000e+00 3.806240856647491455e-04 0.000000000000000000e+00 0.000000000000000000e+00 0.000000000000000000e+00 0.000000000000000000e+00 0.000000000000000000e+00
1.075786165893077850e-02 1.669775345362722874e-03 0.000000000000000000e+00 0.000000000000000000e+00 0.000000000000000000e+00 1.385294366627931595e-03 9.140932001173496246e-03 1.326632872223854065e-02 1.391196437180042267e-02 4.423186648637056351e-03 6.049195770174264908e-03
0.000000000000000000e+00 5.581720266491174698e-03 0.000000000000000000e+00 4.747665021568536758e-03 0.000000000000000000e+00 0.000000000000000000e+00 7.702595088630914688e-03 0.000000000000000000e+00 1.947393827140331268e-02 0.000000000000000000e+00 1.247059367597103119e-02
2.617729827761650085e-03 4.874780774116516113e-03 0.000000000000000000e+00 0.000000000000000000e+00 0.000000000000000000e+00 0.000000000000000000e+00 7.624076679348945618e-04 4.336320329457521439e-03 0.000000000000000000e+00 0.000000000000000000e+00 4.488660022616386414e-03
1.314533801632933319e-05 0.000000000000000000e+00 1.098024286329746246e-02 0.000000000000000000e+00 4.302800074219703674e-02 6.455238908529281616e-03 0.000000000000000000e+00 2.375756157562136650e-03 0.000000000000000000e+00 0.000000000000000000e+00 1.302284654229879379e-02
0.000000000000000000e+00 0.000000000000000000e+00 4.830242687603458762e-06 1.418549004483793397e-06 6.558484983543166891e-06 0.000000000000000000e+00 0.000000000000000000e+00 2.299561401741812006e-06 9.950672392733395100e-07 2.628981746966019273e-06 0.000000000000000000e+00
