0.000000000000000000e+00 0.000000000000000000e+00 5.486475303769111633e-03 0.000000000000000000e+00 0.000000000000000000e+00 0.000000000000000000e+00 1.001433841884136200e-02 8.179387659765779972e-04 0.000000000000000000e+00 0.000000000000000000e+00 0.000000000000000000e+00
1.153244823217391968e-02 0.000000000000000000e+00 2.672811504453420639e-03 1.772561692632734776e-03 0.000000000000000000e+00 0.000000000000000000e+00 0.000000000000000000e+00 0.000000000000000000e+00 0.000000000000000000e+00 4.915831610560417175e-03 0.000000000000000000e+00
0.000000000000000000e+00 8.377296850085258484e-03 1.676713465712964535e-03 2.578424988314509392e-03 0.000000000000000000e+00 7.449015043675899506e-03 1.066145766526460648e-02 0.000000000000000000e+00 4.958043806254863739e-03 5.390430800616741180e-03 3.768855705857276917e-03
2.198383770883083344e-02 0.000000000000000000e+00 6.567903794348239899e-03 0.000000000000000000e+00 1.986516872420907021e-03 4.610686097294092178e-03 0.000000000000000000e+00 3.121946239843964577e-03 1.741636893711984158e-03 7.253828458487987518e-03 0.000000000000000000e+00
9.458190470468252897e-05 2.705339284148067236e-04 1.897284819278866053e-04 3.340451221447438002e-04 0.000000000000000000e+00 3.192542062606662512e-04 4.118221404496580362e-04 1.413627906003966928e-04 2.807941928040236235e-04 4.323242173995822668e-04 7.180119864642620087e-04
0.000000000000000000e+00 0.000000000000000000e+00 0.000000000000000000e+00 0.000000000000000000e+00 0.000000000000000000e+00 0.000000000000000000e+00 0.000000000000000000e+00 0.000000000000000000e+00 0.000000000000000000e+00 0.000000000000000000e+00 1.360732596367597580e-03
2.592474455013871193e-03 0.000000000000000000e+00 0.000000000000000000e+00 7.156967651098966599e-03 0.000000000000000000e+00 6.976447533816099167e-03 6.094481330364942551e-03 1.096826326102018356e-02 8.636334910988807678e-03 0.000000000000000000e+00 6.982380873523652554e-04
0.000000000000000000e+00 6.494314875453710556e-03 0.000000000000000000e+00 0.000000000000000000e+00 0.000000000000000000e+00 1.995261525735259056e-03 0.000000000000000000e+00 0.000000000000000000e+00 0.000000000000000000e+00 0.000000000000000000e+00 0.000000000000000000e+00
0.000000000000000000e+00 5.629825871437788010e-03 0.000000000000000000e+00 0.000000000000000000e+00 0.000000000000000000e+00 1.198813039809465408e-02 1.964638242498040199e-03 0.000000000000000000e+00 0.000000000000000000e+00 1.566321006976068020e-03 8.629372343420982361e-03
7.336104754358530045e-03 0.000000000000000000e+00 1.064354274421930313e-02 0.000000000000000000e+00 3.665345534682273865e-02 0.000000000000000000e+00 0.000000000000000000e+00 0.000000000000000000e+00 9.787044487893581390e-03 0.000000000000000000e+00 1.424973923712968826e-02
0.000000000000000000e+00 0.000000000000000000e+00 7.665928933420218527e-06 1.449309365852968767e-06 8.761121534917037934e-06 0.000000000000000000e+00 7.215344766109410557e-08 3.274770051575615071e-06 0.000000000000000000e+00 5.004656600249290932e-07 0.000000000000000000e+00
