0.000000000000000000e+00 3.439330495893955231e-03 7.859016209840774536e-02 0.000000000000000000e+00 0.000000000000000000e+00 0.000000000000000000e+00 4.890380054712295532e-02 4.435297474265098572e-02 0.000000000000000000e+00 0.000000000000000000e+00 0.000000000000000000e+00
4.032873809337615967e-01 1.912948489189147949e-01 2.538237571716308594e-01 4.885576199740171432e-03 2.380864024162292480e-01 1.269948333501815796e-01 2.990916604176163673e-03 2.244546860456466675e-01 3.160922229290008545e-01 3.611816167831420898e-01 1.529130786657333374e-01
0.000000000000000000e+00 8.817231655120849609e-02 5.267955362796783447e-03 7.796751707792282104e-02 0.000000000000000000e+00 9.547334164381027222e-02 1.136903688311576843e-01 8.995548705570399761e-04 3.204412525519728661e-03 8.213208615779876709e-02 0.000000000000000000e+00
1.991236805915832520e-01 0.000000000000000000e+00 6.492356210947036743e-02 8.951435796916484833e-03 2.057227119803428650e-02 8.721204847097396851e-02 7.550012320280075073e-02 1.475093662738800049e-01 1.683585196733474731e-01 8.412344381213188171e-03 0.000000000000000000e+00
7.428070239257067442e-05 5.169678479433059692e-04 4.199864924885332584e-04 2.343228552490472794e-04 0.000000000000000000e+00 3.006997985721682198e-06 2.934960939455777407e-04 1.077184788300655782e-04 5.409676232375204563e-04 6.250230362638831139e-04 1.863476005382835865e-03
0.000000000000000000e+00 0.000000000000000000e+00 0.000000000000000000e+00 0.000000000000000000e+00 0.000000000000000000e+00 0.000000000000000000e+00 0.000000000000000000e+00 0.000000000000000000e+00 0.000000000000000000e+00 0.000000000000000000e+00 1.982980966567993164e-02
3.779364516958594322e-03 1.176269492134451866e-03 0.000000000000000000e+00 5.175593867897987366e-02 0.000000000000000000e+00 4.682487994432449341e-02 0.000000000000000000e+00 7.632825523614883423e-03 1.740782707929611206e-01 1.118696406483650208e-01 4.707905277609825134e-02
0.000000000000000000e+00 1.288270950317382812e-01 6.107965484261512756e-02 0.000000000000000000e+00 0.000000000000000000e+00 2.109374618157744408e-03 0.000000000000000000e+00 7.619393058121204376e-03 0.000000000000000000e+00 0.000000000000000000e+00 2.266266196966171265e-02
3.619953757151961327e-03 8.862621337175369263e-02 1.303687840700149536e-01 1.106926472857594490e-03 0.000000000000000000e+00 2.908893823623657227e-01 7.988769561052322388e-02 1.817986182868480682e-02 1.167692765593528748e-01 3.638558322563767433e-03 1.282547563314437866e-01
1.127844396978616714e-02 2.233343198895454407e-03 9.809227660298347473e-03 0.000000000000000000e+00 1.623493582010269165e-01 8.246953599154949188e-03 0.000000000000000000e+00 0.000000000000000000e+00 5.771778523921966553e-03 0.000000000000000000e+00 7.582137733697891235e-02
0.000000000000000000e+00 0.000000000000000000e+00 1.053422693075845018e-06 2.030729547186638229e-06 2.817260610754601657e-05 0.000000000000000000e+00 2.417112909824936651e-06 7.505120265705045313e-06 0.000000000000000000e+00 1.233545958712056745e-06 1.374599492010020185e-06
