0.000000000000000000e+00 2.516661453247070312e+01 5.897720718383789062e+01 0.000000000000000000e+00 0.000000000000000000e+00 0.000000000000000000e+00 8.152104492187500000e+02 5.805195922851562500e+02 1.490062773227691650e-01 5.798422851562500000e+02 0.000000000000000000e+00
3.369343505859375000e+03 0.000000000000000000e+00 1.316540145874023438e+01 1.983957763671875000e+03 1.362490272521972656e+01 4.572698593139648438e+00 1.125895614624023438e+02 1.807816982269287109e+00 1.429592407226562500e+03 6.299039916992187500e+02 3.126179443359375000e+03
0.000000000000000000e+00 1.549826812744140625e+02 2.629072265625000000e+02 2.519502043724060059e-01 1.857095956802368164e-02 3.474130249023437500e+02 8.336841583251953125e+01 7.108938734745606780e-05 1.398556378262583166e-05 1.406923217773437500e+02 1.726600074768066406e+01
3.093856506347656250e+02 1.658916473388671875e-01 4.786851704120635986e-01 2.152876739501953125e+02 1.423193836212158203e+01 7.738826751708984375e+01 3.655293579101562500e+02 2.250476379394531250e+02 2.468310699462890625e+02 0.000000000000000000e+00 5.215096435546875000e+02
5.077352523803710938e-01 2.017810821533203125e+00 3.082143068313598633e+00 4.789270460605621338e-01 7.443869435519445688e-06 1.425668835639953613e+00 3.250703096389770508e+00 4.305804669857025146e-01 1.884457468986511230e+00 4.600480556488037109e+00 1.029979610443115234e+01
0.000000000000000000e+00 0.000000000000000000e+00 0.000000000000000000e+00 0.000000000000000000e+00 0.000000000000000000e+00 0.000000000000000000e+00 0.000000000000000000e+00 0.000000000000000000e+00 0.000000000000000000e+00 0.000000000000000000e+00 7.555492877960205078e+00
6.639528808593750000e+02 4.697002563476562500e+02 0.000000000000000000e+00 5.985278930664062500e+02 0.000000000000000000e+00 5.165772628784179688e+01 1.117388153076171875e+01 5.296061515808105469e+00 1.214285888671875000e+02 1.101095581054687500e+02 4.136236267089843750e+02
3.331957486807368696e-06 1.173057495117187500e+03 6.056929931640625000e+02 1.332209930419921875e+02 3.425944519042968750e+01 3.590750122070312500e+02 0.000000000000000000e+00 1.629448974609375000e+03 6.623471069335937500e+01 5.881163597106933594e+00 1.817002677917480469e+01
9.165783691406250000e+01 1.466830444335937500e+02 2.061216430664062500e+02 2.285906677246093750e+02 2.779773494694381952e-04 1.087896575927734375e+02 2.511896667480468750e+02 1.206171875000000000e+02 1.989878082275390625e+02 8.904669189453125000e+01 1.664409179687500000e+02
3.944089508056640625e+01 1.820972681045532227e+00 1.267947673797607422e+01 0.000000000000000000e+00 1.138288330078125000e+03 8.720730543136596680e-01 0.000000000000000000e+00 0.000000000000000000e+00 8.471889421343803406e-03 0.000000000000000000e+00 3.203409423828125000e+02
0.000000000000000000e+00 6.415624375222250819e-05 7.538464665412902832e-02 3.490160405635833740e-02 1.292271167039871216e-01 0.000000000000000000e+00 2.431304007768630981e-02 2.818101644515991211e-02 3.638431962826871313e-06 9.534674882888793945e-02 1.813661656342446804e-04
