0.000000000000000000e+00 1.355984900146722794e-02 5.792441777884960175e-03 0.000000000000000000e+00 0.000000000000000000e+00 0.000000000000000000e+00 1.183462515473365784e-02 0.000000000000000000e+00 0.000000000000000000e+00 0.000000000000000000e+00 0.000000000000000000e+00
3.186232876032590866e-03 0.000000000000000000e+00 3.481387626379728317e-03 9.465597569942474365e-03 0.000000000000000000e+00 0.000000000000000000e+00 4.563955124467611313e-03 1.749412738718092442e-03 0.000000000000000000e+00 0.000000000000000000e+00 3.019760595634579659e-03
0.000000000000000000e+00 3.341795178130269051e-03 1.175070763565599918e-03 0.000000000000000000e+00 4.067000001668930054e-03 8.916003629565238953e-03 1.261036843061447144e-02 0.000000000000000000e+00 8.688983507454395294e-03 0.000000000000000000e+00 4.482331685721874237e-03
1.841673254966735840e-02 0.000000000000000000e+00 3.152294317260384560e-03 3.978345484938472509e-04 0.000000000000000000e+00 0.000000000000000000e+00 2.497501205652952194e-03 1.261161826550960541e-02 1.580372103489935398e-03 1.313273422420024872e-02 0.000000000000000000e+00
9.509333904134109616e-05 1.801407634047791362e-04 2.863428962882608175e-04 2.449469466228038073e-04 0.000000000000000000e+00 2.202634786954149604e-04 3.025762562174350023e-04 9.160857734968885779e-05 2.345821994822472334e-04 3.514843410812318325e-04 7.616041111759841442e-04
0.000000000000000000e+00 0.000000000000000000e+00 0.000000000000000000e+00 0.000000000000000000e+00 0.000000000000000000e+00 1.652881503105163574e-03 0.000000000000000000e+00 0.000000000000000000e+00 0.000000000000000000e+00 0.000000000000000000e+00 0.000000000000000000e+00
1.044900505803525448e-03 8.912822522688657045e-05 0.000000000000000000e+00 4.896491300314664841e-04 0.000000000000000000e+00 4.478336311876773834e-03 0.000000000000000000e+00 8.606138639152050018e-03 0.000000000000000000e+00 0.000000000000000000e+00 4.692082293331623077e-03
0.000000000000000000e+00 2.724876860156655312e-03 0.000000000000000000e+00 0.000000000000000000e+00 0.000000000000000000e+00 0.000000000000000000e+00 0.000000000000000000e+00 0.000000000000000000e+00 1.353731960989534855e-03 0.000000000000000000e+00 6.811519269831478596e-04
0.000000000000000000e+00 3.760819323360919952e-03 6.480557844042778015e-03 5.022176541388034821e-03 0.000000000000000000e+00 3.448385512456297874e-03 0.000000000000000000e+00 8.085971698164939880e-03 0.000000000000000000e+00 0.000000000000000000e+00 1.350567303597927094e-02
1.644255220890045166e-02 5.792869254946708679e-03 1.303281728178262711e-02 0.000000000000000000e+00 3.782975673675537109e-02 4.684666637331247330e-03 0.000000000000000000e+00 1.653614803217351437e-03 4.633651580661535263e-03 0.000000000000000000e+00 8.380234241485595703e-03
0.000000000000000000e+00 6.432269401557277888e-07 5.743530437030130997e-06 2.940241756732575595e-06 1.186140707432059571e-05 0.000000000000000000e+00 5.681563948201073799e-07 4.713167527370387688e-06 0.000000000000000000e+00 6.411010417650686577e-06 0.000000000000000000e+00
