1.083162975311279297e+01 5.046377563476562500e+01 5.497009658813476562e+01 1.266916847229003906e+01 9.698015674075577408e-06 1.667871922254562378e-01 5.816438293457031250e+01 5.675212478637695312e+01 5.451734542846679688e+01 3.844585418701171875e+01 4.285659313201904297e+00
8.164089843750000000e+04 0.000000000000000000e+00 6.587141406250000000e+04 5.436385546875000000e+04 2.605891413986682892e-02 3.326263281250000000e+04 7.246175537109375000e+02 2.277745703125000000e+04 1.222111582756042480e-01 7.005139160156250000e+03 9.353884375000000000e+04
4.712955474853515625e+01 1.409592529296875000e+03 1.555520629882812500e+01 4.616000061035156250e+02 2.971896362304687500e+02 2.657901562500000000e+04 1.326944238281250000e+04 3.992134705185890198e-03 2.943359184265136719e+01 4.582733984375000000e+04 4.675898708228487521e-06
1.199558593750000000e+04 2.195172729492187500e+02 2.621002793312072754e-01 3.603152343750000000e+04 1.281904980468750000e+04 5.453687011718750000e+03 1.988803710937500000e+04 1.747287304687500000e+04 1.057995849609375000e+03 5.844350051879882812e+01 3.946667480468750000e+01
4.284482192993164062e+01 6.734497833251953125e+01 5.755470657348632812e+01 5.369552612304687500e+01 1.310247967012401205e-06 5.476039123535156250e+01 3.033879852294921875e+01 5.330803394317626953e+00 2.897898483276367188e+01 6.577928161621093750e+01 1.747950744628906250e+02
0.000000000000000000e+00 0.000000000000000000e+00 0.000000000000000000e+00 0.000000000000000000e+00 0.000000000000000000e+00 0.000000000000000000e+00 0.000000000000000000e+00 0.000000000000000000e+00 0.000000000000000000e+00 0.000000000000000000e+00 8.546166992187500000e+01
1.100761328125000000e+04 1.236999511718750000e+03 1.591250152587890625e+02 6.011786132812500000e+03 0.000000000000000000e+00 9.736353759765625000e+02 4.472028732299804688e+01 2.810569047927856445e+00 5.920913085937500000e+02 1.268359765625000000e+04 1.265369140625000000e+04
2.770849218750000000e+04 1.242423281250000000e+05 1.056317812500000000e+05 3.437580913305282593e-02 7.455621337890625000e+02 9.955580711364746094e+00 6.178200000000000000e+04 1.273711562500000000e+05 1.162366875000000000e+05 1.989725976562500000e+04 2.002005937500000000e+05
3.593559370074217441e-07 4.083083496093750000e+02 2.964931640625000000e+04 5.403556640625000000e+04 7.076290845870971680e-01 1.804924609375000000e+04 4.714790039062500000e+02 2.536686515808105469e+01 3.381008300781250000e+02 7.832476562500000000e+04 8.251225000000000000e+04
5.953769683837890625e+01 1.447782440185546875e+02 2.974912834167480469e+01 0.000000000000000000e+00 5.205142968750000000e+04 6.792995452880859375e+00 2.372078895568847656e+01 0.000000000000000000e+00 1.757319030761718750e+02 0.000000000000000000e+00 1.202560577392578125e+02
0.000000000000000000e+00 9.048996865749359131e-02 7.085405588150024414e-01 7.523990701884031296e-03 1.185945987701416016e+00 0.000000000000000000e+00 2.798013985157012939e-01 9.667966961860656738e-01 6.929793926246929914e-06 6.754611730575561523e-01 7.629633910255506635e-05
