0.000000000000000000e+00 0.000000000000000000e+00 3.683100454509258270e-03 0.000000000000000000e+00 0.000000000000000000e+00 0.000000000000000000e+00 3.550265450030565262e-03 2.064275322481989861e-03 0.000000000000000000e+00 0.000000000000000000e+00 0.000000000000000000e+00
3.613098058849573135e-03 0.000000000000000000e+00 1.801183447241783142e-03 7.566465064883232117e-04 0.000000000000000000e+00 0.000000000000000000e+00 5.625884514302015305e-04 0.000000000000000000e+00 2.815216430462896824e-04 0.000000000000000000e+00 0.000000000000000000e+00
8.065123111009597778e-04 0.000000000000000000e+00 2.061628270894289017e-03 0.000000000000000000e+00 5.694666178897023201e-04 2.447437029331922531e-03 2.984159160405397415e-03 0.000000000000000000e+00 0.000000000000000000e+00 4.519850481301546097e-03 0.000000000000000000e+00
3.652917454019188881e-03 5.010219174437224865e-04 0.000000000000000000e+00 0.000000000000000000e+00 0.000000000000000000e+00 0.000000000000000000e+00 1.161408843472599983e-03 4.692533984780311584e-03 4.749376792460680008e-03 4.980237572453916073e-04 0.000000000000000000e+00
8.821721712592989206e-05 9.677667549112811685e-05 9.013534145196899772e-05 1.345454656984657049e-04 0.000000000000000000e+00 1.180221515824086964e-04 1.276769617106765509e-04 9.987526573240756989e-05 1.701754517853260040e-04 1.704759633867070079e-04 3.593029978219419718e-04
0.000000000000000000e+00 0.000000000000000000e+00 1.977994805201888084e-03 1.360072055831551552e-03 0.000000000000000000e+00 1.472247578203678131e-02 3.015721449628472328e-03 0.000000000000000000e+00 0.000000000000000000e+00 4.483340308070182800e-03 1.984363794326782227e-02
4.332074313424527645e-04 5.001879762858152390e-04 0.000000000000000000e+00 3.282480407506227493e-03 0.000000000000000000e+00 7.778028375469148159e-04 0.000000000000000000e+00 5.470316391438245773e-04 0.000000000000000000e+00 2.992426278069615364e-03 2.408944419585168362e-04
0.000000000000000000e+00 2.559467218816280365e-03 0.000000000000000000e+00 0.000000000000000000e+00 1.094094332074746490e-04 0.000000000000000000e+00 2.208467572927474976e-03 0.000000000000000000e+00 0.000000000000000000e+00 0.000000000000000000e+00 5.578644340857863426e-04
0.000000000000000000e+00 0.000000000000000000e+00 0.000000000000000000e+00 2.245862036943435669e-03 0.000000000000000000e+00 0.000000000000000000e+00 1.091856625862419605e-03 0.000000000000000000e+00 0.000000000000000000e+00 2.739590308920014650e-05 1.539897057227790356e-04
4.319385159760713577e-03 1.104732160456478596e-03 7.823601365089416504e-03 0.000000000000000000e+00 1.347924955189228058e-02 0.000000000000000000e+00 0.000000000000000000e+00 0.000000000000000000e+00 4.620432388037443161e-03 0.000000000000000000e+00 7.447360083460807800e-03
0.000000000000000000e+00 0.000000000000000000e+00 2.252069862151984125e-06 1.172277279692934826e-06 4.300418822822393849e-06 0.000000000000000000e+00 1.784444862096279394e-06 2.447229917379445396e-06 0.000000000000000000e+00 2.778643192868912593e-06 0.000000000000000000e+00
