7.535754411946982145e-05 3.466184425633400679e-04 3.162932407576590776e-04 9.114548447541892529e-05 0.000000000000000000e+00 2.465385841787792742e-05 3.382536524441093206e-04 4.203540156595408916e-04 2.902786072809249163e-04 2.551512443460524082e-04 0.000000000000000000e+00
1.048842445015907288e-02 0.000000000000000000e+00 4.758132155984640121e-03 6.378013058565557003e-04 0.000000000000000000e+00 0.000000000000000000e+00 3.253996546845883131e-04 1.657638465985655785e-03 3.122980240732431412e-03 3.299354808405041695e-03 0.000000000000000000e+00
0.000000000000000000e+00 4.557011183351278305e-03 0.000000000000000000e+00 0.000000000000000000e+00 2.451566047966480255e-03 7.444263435900211334e-03 4.242158494889736176e-03 0.000000000000000000e+00 1.060963957570493221e-03 3.845783416181802750e-03 2.311268355697393417e-03
8.610066957771778107e-03 0.000000000000000000e+00 0.000000000000000000e+00 0.000000000000000000e+00 4.447721410542726517e-03 0.000000000000000000e+00 0.000000000000000000e+00 3.765987930819392204e-03 7.197215687483549118e-03 0.000000000000000000e+00 0.000000000000000000e+00
3.263025291744270362e-06 3.268298314651474357e-05 0.000000000000000000e+00 3.969791214331053197e-05 0.000000000000000000e+00 3.574200673028826714e-05 4.370220267446711659e-05 4.700604040408506989e-05 4.907396942144259810e-05 1.378316956106573343e-04 2.052323688985779881e-04
0.000000000000000000e+00 0.000000000000000000e+00 0.000000000000000000e+00 0.000000000000000000e+00 0.000000000000000000e+00 0.000000000000000000e+00 0.000000000000000000e+00 0.000000000000000000e+00 0.000000000000000000e+00 0.000000000000000000e+00 1.600905234226956964e-04
8.660511113703250885e-03 4.953594878315925598e-03 0.000000000000000000e+00 0.000000000000000000e+00 0.000000000000000000e+00 0.000000000000000000e+00 0.000000000000000000e+00 1.889783889055252075e-04 9.385148063302040100e-03 4.741371609270572662e-03 6.448002532124519348e-03
0.000000000000000000e+00 0.000000000000000000e+00 0.000000000000000000e+00 1.148811541497707367e-03 2.907512243837118149e-03 0.000000000000000000e+00 0.000000000000000000e+00 0.000000000000000000e+00 9.340086020529270172e-03 0.000000000000000000e+00 0.000000000000000000e+00
0.000000000000000000e+00 8.997117169201374054e-03 2.677563112229108810e-03 0.000000000000000000e+00 5.946294404566287994e-04 3.014632035046815872e-03 4.390418995171785355e-03 0.000000000000000000e+00 0.000000000000000000e+00 0.000000000000000000e+00 2.388858702033758163e-03
1.324051246047019958e-02 5.731646437197923660e-03 5.897190421819686890e-03 0.000000000000000000e+00 3.092701546847820282e-02 9.846193715929985046e-04 0.000000000000000000e+00 0.000000000000000000e+00 3.295367423561401665e-05 1.793613773770630360e-03 9.274937212467193604e-03
0.000000000000000000e+00 0.000000000000000000e+00 9.819947308642440476e-07 0.000000000000000000e+00 2.497800096534774639e-06 0.000000000000000000e+00 3.578263090275868308e-07 0.000000000000000000e+00 0.000000000000000000e+00 0.000000000000000000e+00 0.000000000000000000e+00
