0.000000000000000000e+00 0.000000000000000000e+00 0.000000000000000000e+00 0.000000000000000000e+00 0.000000000000000000e+00 0.000000000000000000e+00 7.347043137997388840e-04 9.203333174809813499e-04 5.842326791025698185e-04 0.000000000000000000e+00 0.000000000000000000e+00
1.799351768568158150e-03 0.000000000000000000e+00 1.249815104529261589e-03 0.000000000000000000e+00 0.000000000000000000e+00 0.000000000000000000e+00 0.000000000000000000e+00 6.945480708964169025e-04 0.000000000000000000e+00 0.000000000000000000e+00 0.000000000000000000e+00
1.055530156008899212e-04 0.000000000000000000e+00 0.000000000000000000e+00 0.000000000000000000e+00 4.257131833583116531e-03 1.515876036137342453e-03 4.367581568658351898e-03 0.000000000000000000e+00 0.000000000000000000e+00 3.022050252184271812e-03 0.000000000000000000e+00
3.520390950143337250e-03 1.940831658430397511e-03 0.000000000000000000e+00 0.000000000000000000e+00 0.000000000000000000e+00 0.000000000000000000e+00 5.863805301487445831e-03 3.238179022446274757e-03 2.017993014305830002e-03 1.814335555536672473e-04 0.000000000000000000e+00
8.527468162355944514e-05 1.428159011993557215e-04 1.290758809773251414e-04 1.088615026674233377e-04 0.000000000000000000e+00 8.010469900909811258e-05 1.173976124846376479e-04 7.494234887417405844e-05 1.873812143458053470e-04 1.587375008966773748e-04 3.201071813236922026e-04
0.000000000000000000e+00 0.000000000000000000e+00 0.000000000000000000e+00 0.000000000000000000e+00 0.000000000000000000e+00 1.409440301358699799e-02 1.198608311824500561e-03 0.000000000000000000e+00 0.000000000000000000e+00 3.025653772056102753e-03 1.933819055557250977e-02
0.000000000000000000e+00 0.000000000000000000e+00 0.000000000000000000e+00 3.472106298431754112e-03 0.000000000000000000e+00 2.420209115371108055e-03 1.370259444229304790e-03 3.780801780521869659e-03 2.109519904479384422e-03 1.609385828487575054e-03 0.000000000000000000e+00
0.000000000000000000e+00 1.256198622286319733e-03 1.482381718233227730e-03 0.000000000000000000e+00 0.000000000000000000e+00 1.565968035720288754e-03 0.000000000000000000e+00 0.000000000000000000e+00 0.000000000000000000e+00 0.000000000000000000e+00 0.000000000000000000e+00
0.000000000000000000e+00 0.000000000000000000e+00 5.320900818333029747e-04 0.000000000000000000e+00 0.000000000000000000e+00 1.766914851032197475e-03 0.000000000000000000e+00 0.000000000000000000e+00 0.000000000000000000e+00 0.000000000000000000e+00 4.970384296029806137e-03
1.038810471072793007e-03 5.056240479461848736e-04 3.285319311544299126e-03 0.000000000000000000e+00 1.605119742453098297e-02 0.000000000000000000e+00 0.000000000000000000e+00 0.000000000000000000e+00 3.032191656529903412e-03 3.572905261535197496e-04 8.863639086484909058e-03
0.000000000000000000e+00 0.000000000000000000e+00 1.614370034985768143e-06 2.043771473836386576e-06 2.751520469246315770e-06 0.000000000000000000e+00 9.349461720375984441e-07 1.059453893503814470e-06 0.000000000000000000e+00 1.370914219478436280e-06 0.000000000000000000e+00
