0.000000000000000000e+00 0.000000000000000000e+00 1.147479633800685406e-03 0.000000000000000000e+00 0.000000000000000000e+00 0.000000000000000000e+00 1.289882115088403225e-03 0.000000000000000000e+00 3.007166553288698196e-03 1.062428462319076061e-03 0.000000000000000000e+00
5.952209699898958206e-03 0.000000000000000000e+00 0.000000000000000000e+00 0.000000000000000000e+00 0.000000000000000000e+00 0.000000000000000000e+00 0.000000000000000000e+00 5.590866785496473312e-03 4.197895061224699020e-03 7.503938977606594563e-04 1.050733262673020363e-03
0.000000000000000000e+00 3.156156046316027641e-03 0.000000000000000000e+00 6.716679781675338745e-03 0.000000000000000000e+00 7.820815779268741608e-03 4.284437745809555054e-04 0.000000000000000000e+00 0.000000000000000000e+00 1.455980818718671799e-02 0.000000000000000000e+00
5.622273776680231094e-03 1.877730013802647591e-03 0.000000000000000000e+00 7.978976354934275150e-04 0.000000000000000000e+00 2.827619435265660286e-03 0.000000000000000000e+00 1.220593415200710297e-02 9.924730286002159119e-03 1.962447073310613632e-03 0.000000000000000000e+00
4.232906212564557791e-05 1.761989406077191234e-04 2.842870599124580622e-04 3.046552301384508610e-04 0.000000000000000000e+00 2.482071286067366600e-04 1.990406308323144913e-04 4.314622128731571138e-05 1.256964751519262791e-04 4.402075137477368116e-04 7.461991626769304276e-04
0.000000000000000000e+00 0.000000000000000000e+00 0.000000000000000000e+00 0.000000000000000000e+00 0.000000000000000000e+00 0.000000000000000000e+00 0.000000000000000000e+00 0.000000000000000000e+00 0.000000000000000000e+00 0.000000000000000000e+00 0.000000000000000000e+00
0.000000000000000000e+00 7.671722560189664364e-04 0.000000000000000000e+00 3.069915343075990677e-03 0.000000000000000000e+00 4.654535558074712753e-03 0.000000000000000000e+00 6.619316991418600082e-03 7.363231852650642395e-03 7.594072259962558746e-03 4.421044141054153442e-03
0.000000000000000000e+00 0.000000000000000000e+00 0.000000000000000000e+00 0.000000000000000000e+00 7.231272757053375244e-03 0.000000000000000000e+00 0.000000000000000000e+00 1.507572480477392673e-03 0.000000000000000000e+00 3.006621263921260834e-03 7.115689641068456694e-06
0.000000000000000000e+00 1.426928065484389663e-04 7.941831834614276886e-03 0.000000000000000000e+00 0.000000000000000000e+00 2.780304756015539169e-03 2.715190406888723373e-03 9.058571886271238327e-04 3.012109082192182541e-03 2.320047467947006226e-03 6.462193559855222702e-04
9.035441093146800995e-03 9.629186242818832397e-03 1.004354096949100494e-02 0.000000000000000000e+00 4.411788657307624817e-02 4.154685593675822020e-04 0.000000000000000000e+00 0.000000000000000000e+00 6.846019532531499863e-03 0.000000000000000000e+00 9.801300242543220520e-03
0.000000000000000000e+00 0.000000000000000000e+00 3.722672772710211575e-06 3.121420604657032527e-06 6.552925242431228980e-06 0.000000000000000000e+00 3.172778178850421682e-06 2.259694156236946583e-06 0.000000000000000000e+00 1.692012688181421254e-06 0.000000000000000000e+00
