0.000000000000000000e+00 3.583023790270090103e-03 4.408032633364200592e-03 0.000000000000000000e+00 0.000000000000000000e+00 0.000000000000000000e+00 3.627858124673366547e-03 0.000000000000000000e+00 6.378032267093658447e-03 0.000000000000000000e+00 0.000000000000000000e+00
7.116890046745538712e-03 0.000000000000000000e+00 6.220641545951366425e-03 4.792305175215005875e-03 0.000000000000000000e+00 0.000000000000000000e+00 7.521971594542264938e-03 0.000000000000000000e+00 0.000000000000000000e+00 0.000000000000000000e+00 7.946491823531687260e-04
7.048268336802721024e-03 1.086527109146118164e-02 0.000000000000000000e+00 1.168361864984035492e-03 3.501628525555133820e-03 5.563508719205856323e-03 7.992491126060485840e-03 0.000000000000000000e+00 6.597394589334726334e-03 7.794628618285059929e-04 0.000000000000000000e+00
2.559206215664744377e-03 0.000000000000000000e+00 0.000000000000000000e+00 5.631476524285972118e-04 4.499197471886873245e-03 3.338266164064407349e-03 0.000000000000000000e+00 7.363035809248685837e-03 1.081146532669663429e-03 7.501616142690181732e-03 0.000000000000000000e+00
2.033507334999740124e-04 2.355027245357632637e-04 2.666600921656936407e-04 9.253177995560690761e-05 0.000000000000000000e+00 1.346037024632096291e-04 1.269364147447049618e-04 2.202742907684296370e-04 1.931270235218107700e-04 1.544145488878712058e-04 7.274909876286983490e-04
0.000000000000000000e+00 0.000000000000000000e+00 0.000000000000000000e+00 0.000000000000000000e+00 0.000000000000000000e+00 1.513451279606670141e-04 0.000000000000000000e+00 0.000000000000000000e+00 0.000000000000000000e+00 0.000000000000000000e+00 0.000000000000000000e+00
5.914417561143636703e-03 0.000000000000000000e+00 0.000000000000000000e+00 1.896713161841034889e-03 0.000000000000000000e+00 0.000000000000000000e+00 3.513763367664068937e-04 0.000000000000000000e+00 7.895551621913909912e-03 8.099318365566432476e-04 0.000000000000000000e+00
0.000000000000000000e+00 3.650363651104271412e-04 3.305544145405292511e-03 0.000000000000000000e+00 1.566379214636981487e-04 0.000000000000000000e+00 4.342923930380493402e-04 4.296192782931029797e-04 0.000000000000000000e+00 0.000000000000000000e+00 0.000000000000000000e+00
0.000000000000000000e+00 0.000000000000000000e+00 0.000000000000000000e+00 1.612887252122163773e-03 9.377998649142682552e-04 0.000000000000000000e+00 1.399512402713298798e-03 0.000000000000000000e+00 0.000000000000000000e+00 4.663540981709957123e-03 3.737917635589838028e-03
0.000000000000000000e+00 5.329577834345400333e-04 1.461096573621034622e-02 0.000000000000000000e+00 2.825479209423065186e-02 1.001133277895860374e-04 0.000000000000000000e+00 1.019867020659148693e-03 1.120661757886409760e-02 0.000000000000000000e+00 8.482052013278007507e-03
0.000000000000000000e+00 0.000000000000000000e+00 8.952114512794651091e-06 2.080072817989275791e-06 9.380629307997878641e-06 0.000000000000000000e+00 3.720227141457144171e-06 4.277076641301391646e-06 7.041716685307619628e-07 5.987880740576656535e-06 0.000000000000000000e+00
