0.000000000000000000e+00 0.000000000000000000e+00 0.000000000000000000e+00 0.000000000000000000e+00 0.000000000000000000e+00 0.000000000000000000e+00 0.000000000000000000e+00 0.000000000000000000e+00 0.000000000000000000e+00 0.000000000000000000e+00 0.000000000000000000e+00
8.807069621980190277e-03 0.000000000000000000e+00 4.236934182699769735e-04 0.000000000000000000e+00 0.000000000000000000e+00 0.000000000000000000e+00 0.000000000000000000e+00 0.000000000000000000e+00 6.450316286645829678e-04 0.000000000000000000e+00 0.000000000000000000e+00
0.000000000000000000e+00 9.274564683437347412e-03 0.000000000000000000e+00 0.000000000000000000e+00 0.000000000000000000e+00 9.116905741393566132e-03 5.166328512132167816e-03 0.000000000000000000e+00 5.234511569142341614e-03 2.871614182367920876e-03 0.000000000000000000e+00
2.106748754158616066e-03 2.897063270211219788e-03 0.000000000000000000e+00 1.222762512043118477e-04 3.621558716986328363e-04 3.928965423256158829e-03 0.000000000000000000e+00 8.616060018539428711e-03 0.000000000000000000e+00 2.727117622271180153e-03 0.000000000000000000e+00
2.382980483162100427e-06 5.455884820548817515e-05 4.493437518249265850e-05 3.660833317553624511e-05 0.000000000000000000e+00 6.565897638211026788e-05 0.000000000000000000e+00 2.813701030390802771e-05 0.000000000000000000e+00 1.099071159842424095e-04 1.865416270447894931e-04
0.000000000000000000e+00 0.000000000000000000e+00 0.000000000000000000e+00 0.000000000000000000e+00 0.000000000000000000e+00 0.000000000000000000e+00 0.000000000000000000e+00 0.000000000000000000e+00 0.000000000000000000e+00 0.000000000000000000e+00 0.000000000000000000e+00
9.631435386836528778e-03 1.202564337290823460e-03 0.000000000000000000e+00 6.949729286134243011e-03 0.000000000000000000e+00 3.588051069527864456e-03 1.308842445723712444e-03 8.027189411222934723e-03 5.191900301724672318e-03 2.668981207534670830e-03 5.270430818200111389e-03
0.000000000000000000e+00 7.114560808986425400e-03 0.000000000000000000e+00 0.000000000000000000e+00 0.000000000000000000e+00 0.000000000000000000e+00 0.000000000000000000e+00 1.023363554850220680e-03 6.309849675744771957e-03 0.000000000000000000e+00 1.960431691259145737e-04
3.294002090115100145e-04 3.123652131762355566e-04 3.286850987933576107e-04 0.000000000000000000e+00 8.866759599186480045e-04 3.178417682647705078e-04 7.922439835965633392e-03 0.000000000000000000e+00 0.000000000000000000e+00 5.618990398943424225e-03 0.000000000000000000e+00
1.732278382405638695e-03 0.000000000000000000e+00 6.197381764650344849e-03 0.000000000000000000e+00 3.433270379900932312e-02 2.082600622088648379e-05 0.000000000000000000e+00 0.000000000000000000e+00 0.000000000000000000e+00 0.000000000000000000e+00 1.184914726763963699e-02
0.000000000000000000e+00 0.000000000000000000e+00 1.018906914396211505e-06 4.532820980784890708e-07 1.851254978646466043e-06 0.000000000000000000e+00 1.285256416849733796e-07 7.840584004270567675e-08 3.117349933745572343e-07 0.000000000000000000e+00 0.000000000000000000e+00
