2.628017682582139969e-05 8.705723303137347102e-05 8.561302820453420281e-05 0.000000000000000000e+00 0.000000000000000000e+00 0.000000000000000000e+00 8.370674913749098778e-05 8.867731230566278100e-05 1.027498728944920003e-04 7.849579560570418835e-05 1.484143285779282451e-05
6.419319543056190014e-04 0.000000000000000000e+00 0.000000000000000000e+00 1.281547243706882000e-03 0.000000000000000000e+00 6.448880885727703571e-04 7.265743799507617950e-03 0.000000000000000000e+00 0.000000000000000000e+00 0.000000000000000000e+00 0.000000000000000000e+00
0.000000000000000000e+00 0.000000000000000000e+00 0.000000000000000000e+00 0.000000000000000000e+00 0.000000000000000000e+00 1.241675205528736115e-02 6.161533761769533157e-03 0.000000000000000000e+00 3.960111178457736969e-03 1.309637562371790409e-03 0.000000000000000000e+00
1.246686466038227081e-02 0.000000000000000000e+00 0.000000000000000000e+00 4.421360208652913570e-04 0.000000000000000000e+00 1.118827145546674728e-03 0.000000000000000000e+00 7.250239141285419464e-03 5.097044631838798523e-03 4.947752226144075394e-03 0.000000000000000000e+00
8.308738324558362365e-05 1.566824939800426364e-04 2.049609465757384896e-04 1.295462134294211864e-04 0.000000000000000000e+00 1.154397541540674865e-04 4.773700493387877941e-05 1.553307629365008324e-05 8.734181028557941318e-05 2.028282615356147289e-04 3.965218493249267340e-04
0.000000000000000000e+00 0.000000000000000000e+00 0.000000000000000000e+00 0.000000000000000000e+00 0.000000000000000000e+00 0.000000000000000000e+00 0.000000000000000000e+00 0.000000000000000000e+00 0.000000000000000000e+00 0.000000000000000000e+00 0.000000000000000000e+00
3.911503124982118607e-03 1.405567303299903870e-02 0.000000000000000000e+00 5.567508749663829803e-03 0.000000000000000000e+00 4.888695199042558670e-03 5.207388661801815033e-03 0.000000000000000000e+00 1.404278445988893509e-03 5.403460469096899033e-03 4.529781639575958252e-03
0.000000000000000000e+00 0.000000000000000000e+00 0.000000000000000000e+00 0.000000000000000000e+00 5.254766438156366348e-03 0.000000000000000000e+00 0.000000000000000000e+00 0.000000000000000000e+00 5.449480842798948288e-03 4.975351039320230484e-03 3.103674680460244417e-04
0.000000000000000000e+00 5.541474092751741409e-03 2.674879739060997963e-03 2.565475413575768471e-03 0.000000000000000000e+00 1.474765478633344173e-03 0.000000000000000000e+00 1.684214803390204906e-03 0.000000000000000000e+00 4.129066132009029388e-03 0.000000000000000000e+00
9.917114861309528351e-03 5.741418804973363876e-03 7.344506215304136276e-03 0.000000000000000000e+00 3.430756926536560059e-02 0.000000000000000000e+00 3.114797873422503471e-03 2.258847933262586594e-03 7.776295766234397888e-03 4.462589975446462631e-03 1.180227380245923996e-02
0.000000000000000000e+00 0.000000000000000000e+00 4.419823653734056279e-06 0.000000000000000000e+00 5.803513886348810047e-06 0.000000000000000000e+00 2.546131838698784122e-07 5.289298314892221242e-07 0.000000000000000000e+00 1.899666358440299518e-06 0.000000000000000000e+00
