0.000000000000000000e+00 0.000000000000000000e+00 0.000000000000000000e+00 0.000000000000000000e+00 0.000000000000000000e+00 0.000000000000000000e+00 8.152867085300385952e-04 1.223096391186118126e-03 7.063689641654491425e-03 0.000000000000000000e+00 0.000000000000000000e+00
1.317496504634618759e-02 0.000000000000000000e+00 8.560151793062686920e-03 0.000000000000000000e+00 0.000000000000000000e+00 0.000000000000000000e+00 0.000000000000000000e+00 1.516087097115814686e-03 0.000000000000000000e+00 0.000000000000000000e+00 4.602710250765085220e-03
2.420916222035884857e-03 7.285739993676543236e-04 0.000000000000000000e+00 0.000000000000000000e+00 1.755129662342369556e-03 1.331483479589223862e-03 0.000000000000000000e+00 0.000000000000000000e+00 0.000000000000000000e+00 1.069494243711233139e-02 0.000000000000000000e+00
1.146095711737871170e-02 0.000000000000000000e+00 0.000000000000000000e+00 0.000000000000000000e+00 0.000000000000000000e+00 0.000000000000000000e+00 0.000000000000000000e+00 8.361721411347389221e-03 3.279269440099596977e-03 5.334177985787391663e-03 0.000000000000000000e+00
1.455466117477044463e-04 2.779173664748668671e-04 2.931730996351689100e-04 9.352428605780005455e-05 0.000000000000000000e+00 2.204996271757408977e-04 9.621105709811672568e-05 1.426931557944044471e-04 2.528060867916792631e-04 2.199585724156349897e-04 8.379813516512513161e-04
0.000000000000000000e+00 0.000000000000000000e+00 0.000000000000000000e+00 0.000000000000000000e+00 0.000000000000000000e+00 4.586055874824523926e-04 0.000000000000000000e+00 0.000000000000000000e+00 0.000000000000000000e+00 0.000000000000000000e+00 0.000000000000000000e+00
3.082162002101540565e-03 7.331764325499534607e-03 0.000000000000000000e+00 1.926895813085138798e-03 0.000000000000000000e+00 0.000000000000000000e+00 0.000000000000000000e+00 0.000000000000000000e+00 0.000000000000000000e+00 7.039406336843967438e-03 0.000000000000000000e+00
0.000000000000000000e+00 0.000000000000000000e+00 4.540125373750925064e-03 0.000000000000000000e+00 0.000000000000000000e+00 0.000000000000000000e+00 0.000000000000000000e+00 8.735047886148095131e-04 0.000000000000000000e+00 0.000000000000000000e+00 0.000000000000000000e+00
0.000000000000000000e+00 0.000000000000000000e+00 6.889864336699247360e-03 5.296561284922063351e-04 0.000000000000000000e+00 0.000000000000000000e+00 8.847663179039955139e-03 0.000000000000000000e+00 4.075851757079362869e-03 7.657142705284059048e-04 1.266188733279705048e-02
2.498340792953968048e-03 2.380254212766885757e-03 6.140909623354673386e-03 0.000000000000000000e+00 3.547579422593116760e-02 0.000000000000000000e+00 0.000000000000000000e+00 9.844303131103515625e-04 9.170377627015113831e-03 0.000000000000000000e+00 1.478203572332859039e-02
0.000000000000000000e+00 0.000000000000000000e+00 3.611019792515435256e-06 1.504837314314499963e-06 6.102039151301141828e-06 0.000000000000000000e+00 2.984280172313447110e-06 6.055784979253076017e-06 0.000000000000000000e+00 6.291264526225859299e-06 0.000000000000000000e+00
