0.000000000000000000e+00 1.122502842918038368e-03 0.000000000000000000e+00 0.000000000000000000e+00 0.000000000000000000e+00 0.000000000000000000e+00 0.000000000000000000e+00 7.164045237004756927e-03 2.811681712046265602e-03 0.000000000000000000e+00 0.000000000000000000e+00
5.999146029353141785e-03 0.000000000000000000e+00 6.019203457981348038e-03 2.894109580665826797e-03 0.000000000000000000e+00 0.000000000000000000e+00 2.599931322038173676e-04 0.000000000000000000e+00 0.000000000000000000e+00 0.000000000000000000e+00 0.000000000000000000e+00
0.000000000000000000e+00 0.000000000000000000e+00 0.000000000000000000e+00 0.000000000000000000e+00 3.099675755947828293e-03 4.459646530449390411e-03 8.267240598797798157e-03 0.000000000000000000e+00 0.000000000000000000e+00 2.186034107580780983e-03 3.383169881999492645e-03
7.689871825277805328e-03 0.000000000000000000e+00 0.000000000000000000e+00 1.036931062117218971e-04 5.829312838613986969e-03 0.000000000000000000e+00 7.535710465162992477e-03 7.083390373736619949e-03 1.260389108210802078e-03 0.000000000000000000e+00 0.000000000000000000e+00
9.334398055216297507e-05 2.483365242369472980e-04 1.464700908400118351e-04 1.200776823679916561e-04 0.000000000000000000e+00 1.638926769373938441e-04 1.864287332864478230e-04 5.227572273724945262e-06 1.968204014701768756e-04 1.672054204391315579e-04 4.968181601725518703e-04
0.000000000000000000e+00 7.090190774761140347e-04 4.097190219908952713e-03 6.891831289976835251e-03 0.000000000000000000e+00 2.061335742473602295e-02 6.939058075658977032e-04 0.000000000000000000e+00 1.876056077890098095e-03 6.329424213618040085e-03 2.993616089224815369e-02
3.023855155333876610e-03 4.539164248853921890e-03 0.000000000000000000e+00 3.483269363641738892e-03 0.000000000000000000e+00 3.936732653528451920e-03 0.000000000000000000e+00 0.000000000000000000e+00 2.561020664870738983e-03 1.012134831398725510e-02 3.780415747314691544e-03
0.000000000000000000e+00 4.707619547843933105e-03 0.000000000000000000e+00 0.000000000000000000e+00 0.000000000000000000e+00 0.000000000000000000e+00 0.000000000000000000e+00 0.000000000000000000e+00 4.433450289070606232e-03 1.501839258708059788e-03 3.586045233532786369e-03
0.000000000000000000e+00 0.000000000000000000e+00 0.000000000000000000e+00 3.885200479999184608e-03 0.000000000000000000e+00 0.000000000000000000e+00 1.360522350296378136e-03 0.000000000000000000e+00 0.000000000000000000e+00 0.000000000000000000e+00 7.444127113558351994e-04
8.878980763256549835e-03 2.934661461040377617e-03 6.563400384038686752e-03 0.000000000000000000e+00 3.057994879782199860e-02 2.215851796790957451e-03 0.000000000000000000e+00 0.000000000000000000e+00 0.000000000000000000e+00 0.000000000000000000e+00 7.981495000422000885e-03
0.000000000000000000e+00 0.000000000000000000e+00 4.360665116109885275e-06 2.050450262913727784e-07 7.275322332134237513e-06 0.000000000000000000e+00 2.806704742397414520e-06 4.374415425445477013e-07 0.000000000000000000e+00 3.918955826520686969e-06 0.000000000000000000e+00
