0.000000000000000000e+00 0.000000000000000000e+00 5.928656086325645447e-03 0.000000000000000000e+00 0.000000000000000000e+00 0.000000000000000000e+00 3.273238427937030792e-03 4.239001311361789703e-03 6.432381924241781235e-03 0.000000000000000000e+00 0.000000000000000000e+00
2.913047326728701591e-03 0.000000000000000000e+00 5.608726758509874344e-03 2.038002246990799904e-03 0.000000000000000000e+00 2.113541588187217712e-03 3.315174253657460213e-03 0.000000000000000000e+00 0.000000000000000000e+00 0.000000000000000000e+00 1.173000666312873363e-03
0.000000000000000000e+00 1.528848544694483280e-03 0.000000000000000000e+00 0.000000000000000000e+00 2.893585944548249245e-03 1.078432332724332809e-02 7.541583036072552204e-04 0.000000000000000000e+00 0.000000000000000000e+00 1.876438735052943230e-03 0.000000000000000000e+00
6.682026199996471405e-03 1.283354475162923336e-03 6.813929066993296146e-04 1.883601187728345394e-03 3.277849638834595680e-03 0.000000000000000000e+00 6.757802795618772507e-03 1.123603153973817825e-02 3.854900714941322803e-04 5.593858659267425537e-03 3.354585729539394379e-03
3.345905133755877614e-05 1.993520854739472270e-04 1.677605032455176115e-04 6.376825331244617701e-05 0.000000000000000000e+00 1.372138940496370196e-04 8.197649003705009818e-05 7.371213723672553897e-05 1.012957873172126710e-04 2.666479849722236395e-04 4.720651486422866583e-04
0.000000000000000000e+00 0.000000000000000000e+00 0.000000000000000000e+00 0.000000000000000000e+00 0.000000000000000000e+00 0.000000000000000000e+00 0.000000000000000000e+00 0.000000000000000000e+00 0.000000000000000000e+00 0.000000000000000000e+00 1.275390270166099072e-03
7.315002381801605225e-03 1.066667959094047546e-03 0.000000000000000000e+00 0.000000000000000000e+00 0.000000000000000000e+00 0.000000000000000000e+00 0.000000000000000000e+00 4.071992821991443634e-03 4.677839577198028564e-03 3.859523218125104904e-03 0.000000000000000000e+00
0.000000000000000000e+00 0.000000000000000000e+00 0.000000000000000000e+00 0.000000000000000000e+00 5.832697264850139618e-03 2.469687955453991890e-03 0.000000000000000000e+00 3.315430600196123123e-03 7.657035253942012787e-03 0.000000000000000000e+00 1.093243714421987534e-03
0.000000000000000000e+00 0.000000000000000000e+00 6.298826541751623154e-03 0.000000000000000000e+00 0.000000000000000000e+00 0.000000000000000000e+00 0.000000000000000000e+00 0.000000000000000000e+00 0.000000000000000000e+00 2.891719108447432518e-03 5.774803925305604935e-03
5.444991867989301682e-03 1.661628717556595802e-03 7.246511522680521011e-03 0.000000000000000000e+00 3.260855749249458313e-02 0.000000000000000000e+00 1.110237208195030689e-03 3.466394729912281036e-03 7.012124639004468918e-03 4.855862352997064590e-03 1.425770204514265060e-02
0.000000000000000000e+00 0.000000000000000000e+00 1.985333028642344289e-06 6.247861961128364783e-07 4.454911959328455850e-06 0.000000000000000000e+00 0.000000000000000000e+00 0.000000000000000000e+00 0.000000000000000000e+00 3.447245262577780522e-07 0.000000000000000000e+00
