0.000000000000000000e+00 8.399234502576291561e-04 2.796961925923824310e-03 0.000000000000000000e+00 0.000000000000000000e+00 0.000000000000000000e+00 3.226873464882373810e-03 2.329011214897036552e-03 3.180536441504955292e-03 0.000000000000000000e+00 0.000000000000000000e+00
1.476078061386942863e-03 0.000000000000000000e+00 1.413554186001420021e-03 1.023265067487955093e-03 5.880679818801581860e-04 0.000000000000000000e+00 5.226088222116231918e-03 4.174840287305414677e-04 0.000000000000000000e+00 0.000000000000000000e+00 2.226127544417977333e-04
0.000000000000000000e+00 2.725272206589579582e-03 2.775947097688913345e-03 0.000000000000000000e+00 3.439433639869093895e-03 2.371474634855985641e-03 3.906754311174154282e-03 0.000000000000000000e+00 0.000000000000000000e+00 1.926857628859579563e-03 2.148224972188472748e-03
2.990158740431070328e-03 0.000000000000000000e+00 1.499046455137431622e-03 0.000000000000000000e+00 4.931864794343709946e-03 0.000000000000000000e+00 5.661682225763797760e-03 3.151406999677419662e-03 1.412083278410136700e-03 0.000000000000000000e+00 0.000000000000000000e+00
5.282067286316305399e-05 8.289788820547983050e-05 8.228301157942041755e-05 7.845692016417160630e-05 0.000000000000000000e+00 7.422138151014223695e-05 1.149996387539431453e-04 0.000000000000000000e+00 1.053730957210063934e-04 1.357720320811495185e-04 3.172944125253707170e-04
0.000000000000000000e+00 2.030725590884685516e-03 3.513033036142587662e-03 3.100618254393339157e-03 0.000000000000000000e+00 1.630362309515476227e-02 1.040491973981261253e-03 0.000000000000000000e+00 0.000000000000000000e+00 5.965561140328645706e-03 2.173558622598648071e-02
3.366030752658843994e-03 0.000000000000000000e+00 0.000000000000000000e+00 4.073169082403182983e-03 0.000000000000000000e+00 5.149504635483026505e-03 9.864410385489463806e-04 2.349917311221361160e-03 0.000000000000000000e+00 3.818011609837412834e-03 1.189971691928803921e-03
0.000000000000000000e+00 0.000000000000000000e+00 0.000000000000000000e+00 0.000000000000000000e+00 2.097080694511532784e-03 0.000000000000000000e+00 1.033433247357606888e-03 0.000000000000000000e+00 5.820598744321614504e-05 0.000000000000000000e+00 0.000000000000000000e+00
0.000000000000000000e+00 7.085407560225576162e-05 0.000000000000000000e+00 0.000000000000000000e+00 0.000000000000000000e+00 1.763460459187626839e-03 0.000000000000000000e+00 0.000000000000000000e+00 9.421292925253510475e-04 0.000000000000000000e+00 1.215201220475137234e-03
5.861238110810518265e-03 1.294560846872627735e-03 4.949965514242649078e-03 0.000000000000000000e+00 1.673584431409835815e-02 0.000000000000000000e+00 0.000000000000000000e+00 0.000000000000000000e+00 4.795231856405735016e-03 0.000000000000000000e+00 5.184356123208999634e-03
0.000000000000000000e+00 0.000000000000000000e+00 2.388959273957880214e-06 1.329900555901986081e-06 4.159451691521098837e-06 0.000000000000000000e+00 1.198687300529854838e-06 2.809977104334393516e-06 0.000000000000000000e+00 3.003287019964773208e-06 0.000000000000000000e+00
