0.000000000000000000e+00 0.000000000000000000e+00 8.529881946742534637e-03 0.000000000000000000e+00 0.000000000000000000e+00 0.000000000000000000e+00 1.972983824089169502e-03 3.912915941327810287e-03 0.000000000000000000e+00 0.000000000000000000e+00 0.000000000000000000e+00
0.000000000000000000e+00 0.000000000000000000e+00 5.100693553686141968e-03 1.866484992206096649e-03 0.000000000000000000e+00 0.000000000000000000e+00 2.096418989822268486e-03 0.000000000000000000e+00 0.000000000000000000e+00 0.000000000000000000e+00 7.438404718413949013e-04
0.000000000000000000e+00 1.058248104527592659e-03 3.538030665367841721e-03 0.000000000000000000e+00 0.000000000000000000e+00 5.260269623249769211e-03 0.000000000000000000e+00 0.000000000000000000e+00 0.000000000000000000e+00 8.114223019219934940e-04 0.000000000000000000e+00
8.986986242234706879e-03 0.000000000000000000e+00 0.000000000000000000e+00 1.992111938307061791e-04 2.228586468845605850e-03 0.000000000000000000e+00 1.437492435798048973e-03 3.995338454842567444e-03 2.193356864154338837e-03 4.262810572981834412e-03 0.000000000000000000e+00
1.525216339359758422e-05 1.397653541062027216e-04 6.925037450855597854e-05 6.371117342496290803e-05 0.000000000000000000e+00 1.404964132234454155e-04 8.405439439229667187e-05 6.744743586750701070e-05 1.376559084746986628e-04 1.280756259802728891e-04 4.186154983472079039e-04
0.000000000000000000e+00 3.932077437639236450e-03 3.730467753484845161e-03 1.013444853015244007e-03 0.000000000000000000e+00 1.773462258279323578e-02 0.000000000000000000e+00 1.803320919862017035e-04 0.000000000000000000e+00 6.701237522065639496e-03 2.381482906639575958e-02
2.826861105859279633e-03 2.460911637172102928e-03 0.000000000000000000e+00 1.058668247424066067e-03 0.000000000000000000e+00 3.798120655119419098e-03 0.000000000000000000e+00 2.010899363085627556e-03 4.146767780184745789e-03 5.023842211812734604e-03 0.000000000000000000e+00
0.000000000000000000e+00 1.671776408329606056e-03 0.000000000000000000e+00 0.000000000000000000e+00 0.000000000000000000e+00 0.000000000000000000e+00 0.000000000000000000e+00 0.000000000000000000e+00 5.494176293723285198e-04 0.000000000000000000e+00 0.000000000000000000e+00
0.000000000000000000e+00 1.625699340365827084e-03 0.000000000000000000e+00 2.373161958530545235e-03 0.000000000000000000e+00 0.000000000000000000e+00 5.693326704204082489e-03 1.338826841674745083e-04 0.000000000000000000e+00 0.000000000000000000e+00 1.401125453412532806e-03
2.159606898203492165e-03 2.694374183192849159e-03 6.497786380350589752e-03 0.000000000000000000e+00 1.352341100573539734e-02 0.000000000000000000e+00 0.000000000000000000e+00 0.000000000000000000e+00 6.712362635880708694e-03 0.000000000000000000e+00 3.287012455984950066e-03
0.000000000000000000e+00 0.000000000000000000e+00 1.800849304345319979e-06 1.075414388651552144e-06 5.160743967280723155e-06 0.000000000000000000e+00 4.422887656119200983e-08 3.945150183426449075e-06 0.000000000000000000e+00 3.147133156744530424e-06 0.000000000000000000e+00
