0.000000000000000000e+00 0.000000000000000000e+00 7.826334796845912933e-03 0.000000000000000000e+00 0.000000000000000000e+00 0.000000000000000000e+00 1.504704914987087250e-02 0.000000000000000000e+00 2.221908885985612869e-03 0.000000000000000000e+00 0.000000000000000000e+00
4.638082813471555710e-03 0.000000000000000000e+00 1.297255698591470718e-02 5.840324796736240387e-03 0.000000000000000000e+00 9.827908361330628395e-04 0.000000000000000000e+00 0.000000000000000000e+00 0.000000000000000000e+00 0.000000000000000000e+00 0.000000000000000000e+00
0.000000000000000000e+00 8.419760502874851227e-03 0.000000000000000000e+00 4.827565513551235199e-03 0.000000000000000000e+00 4.808158613741397858e-03 0.000000000000000000e+00 0.000000000000000000e+00 1.632692641578614712e-03 4.743433557450771332e-03 8.832670748233795166e-03
1.310987398028373718e-02 0.000000000000000000e+00 0.000000000000000000e+00 0.000000000000000000e+00 2.618760103359818459e-03 6.781870033591985703e-03 7.244249340146780014e-03 1.777551881968975067e-02 8.472778834402561188e-03 0.000000000000000000e+00 0.000000000000000000e+00
2.909803879447281361e-04 5.944183794781565666e-04 4.624817520380020142e-04 7.671557250432670116e-04 0.000000000000000000e+00 5.308525869622826576e-04 7.837141165509819984e-04 6.898041465319693089e-04 7.718582055531442165e-04 7.718782289884984493e-04 1.626338344067335129e-03
0.000000000000000000e+00 0.000000000000000000e+00 0.000000000000000000e+00 0.000000000000000000e+00 0.000000000000000000e+00 0.000000000000000000e+00 0.000000000000000000e+00 0.000000000000000000e+00 0.000000000000000000e+00 0.000000000000000000e+00 0.000000000000000000e+00
2.530361060053110123e-03 1.007627137005329132e-02 0.000000000000000000e+00 4.155234433710575104e-03 0.000000000000000000e+00 0.000000000000000000e+00 3.695141989737749100e-03 8.953610667958855629e-04 1.076184771955013275e-02 6.905448157340288162e-03 9.736529551446437836e-03
0.000000000000000000e+00 8.568402379751205444e-03 0.000000000000000000e+00 0.000000000000000000e+00 0.000000000000000000e+00 0.000000000000000000e+00 0.000000000000000000e+00 0.000000000000000000e+00 3.510785987600684166e-03 0.000000000000000000e+00 0.000000000000000000e+00
0.000000000000000000e+00 5.325842648744583130e-03 8.975219097919762135e-04 6.422262173146009445e-03 0.000000000000000000e+00 0.000000000000000000e+00 6.684138439595699310e-03 1.116778934374451637e-03 0.000000000000000000e+00 0.000000000000000000e+00 0.000000000000000000e+00
7.774537894874811172e-03 8.305346593260765076e-03 2.126348204910755157e-02 0.000000000000000000e+00 5.139002948999404907e-02 0.000000000000000000e+00 3.989631310105323792e-03 0.000000000000000000e+00 5.927795078605413437e-03 0.000000000000000000e+00 1.831033453345298767e-02
0.000000000000000000e+00 0.000000000000000000e+00 1.559081101731862873e-05 9.240888175554573536e-06 2.348641646676696837e-05 0.000000000000000000e+00 1.101042107620742172e-05 6.647908776358235627e-06 0.000000000000000000e+00 1.280190372199285775e-05 0.000000000000000000e+00
