0.000000000000000000e+00 0.000000000000000000e+00 9.595154784619808197e-03 0.000000000000000000e+00 0.000000000000000000e+00 0.000000000000000000e+00 6.642541266046464443e-04 8.010766468942165375e-03 1.128205331042408943e-03 2.311026910319924355e-04 0.000000000000000000e+00
5.474919918924570084e-03 0.000000000000000000e+00 3.276900853961706161e-03 5.101936403661966324e-03 0.000000000000000000e+00 0.000000000000000000e+00 0.000000000000000000e+00 0.000000000000000000e+00 4.109817091375589371e-04 0.000000000000000000e+00 0.000000000000000000e+00
3.532055532559752464e-03 7.244141772389411926e-03 7.832990959286689758e-03 0.000000000000000000e+00 0.000000000000000000e+00 1.436404511332511902e-02 0.000000000000000000e+00 0.000000000000000000e+00 0.000000000000000000e+00 8.580032736063003540e-03 0.000000000000000000e+00
8.701143786311149597e-03 0.000000000000000000e+00 0.000000000000000000e+00 1.407519448548555374e-03 4.847172647714614868e-03 0.000000000000000000e+00 1.063668262213468552e-02 1.017317827790975571e-02 2.447227248921990395e-03 0.000000000000000000e+00 0.000000000000000000e+00
2.532573671487625688e-05 2.089716872433200479e-04 6.352183845592662692e-05 1.134243721025995910e-04 0.000000000000000000e+00 1.085575422621332109e-04 8.456579234916716814e-05 0.000000000000000000e+00 1.489856076659634709e-04 2.425799029879271984e-04 4.831922415178269148e-04
0.000000000000000000e+00 0.000000000000000000e+00 0.000000000000000000e+00 0.000000000000000000e+00 0.000000000000000000e+00 0.000000000000000000e+00 0.000000000000000000e+00 0.000000000000000000e+00 0.000000000000000000e+00 0.000000000000000000e+00 2.355997217819094658e-03
5.196249112486839294e-03 5.949537735432386398e-04 0.000000000000000000e+00 1.232399954460561275e-03 2.394595649093389511e-03 4.776539746671915054e-03 6.848911754786968231e-03 9.392046369612216949e-03 2.294153906404972076e-03 2.813002327457070351e-03 4.413972143083810806e-03
0.000000000000000000e+00 0.000000000000000000e+00 0.000000000000000000e+00 4.615649231709539890e-04 3.285355400294065475e-03 2.786469180136919022e-03 3.516789525747299194e-03 1.501919468864798546e-03 1.552326255477964878e-03 0.000000000000000000e+00 3.680704394355416298e-03
0.000000000000000000e+00 2.058221958577632904e-03 6.534169893711805344e-03 2.809071913361549377e-03 0.000000000000000000e+00 1.413086894899606705e-03 8.657485246658325195e-03 0.000000000000000000e+00 0.000000000000000000e+00 1.547805964946746826e-03 3.720577340573072433e-03
8.047735318541526794e-03 8.109146729111671448e-03 9.251234121620655060e-03 0.000000000000000000e+00 3.415502235293388367e-02 3.120366716757416725e-03 0.000000000000000000e+00 0.000000000000000000e+00 2.163459314033389091e-03 0.000000000000000000e+00 1.442569680511951447e-02
0.000000000000000000e+00 0.000000000000000000e+00 3.972608737967675552e-06 3.045270204893313348e-06 6.724224022036651149e-06 0.000000000000000000e+00 0.000000000000000000e+00 9.834118230855892762e-08 0.000000000000000000e+00 1.918129328259965405e-06 0.000000000000000000e+00
