7.026667118072509766e+00 6.402645874023437500e+01 7.253343200683593750e+01 1.237642574310302734e+01 1.727723429212346673e-04 8.884711265563964844e-01 7.112944030761718750e+01 7.817124938964843750e+01 7.313670349121093750e+01 5.791037750244140625e+01 1.100075531005859375e+01
1.554293261718750000e+04 1.269987667910754681e-03 1.814175000000000000e+04 1.930762304687500000e+04 6.499826660156250000e+03 1.633582413196563721e-01 3.885544967651367188e+01 1.507915649414062500e+02 3.068144531250000000e+04 4.159162640571594238e-01 1.229472167968750000e+03
1.144127343750000000e+04 1.646550195312500000e+04 9.226007759571075439e-02 3.493011779785156250e+02 1.060578918457031250e+01 2.000803466796875000e+03 5.255776367187500000e+02 9.217396378517150879e-02 2.083573117852210999e-02 1.561103906250000000e+04 4.938906860351562500e+01
7.657856445312500000e+03 7.010773468017578125e+01 2.114030939992517233e-04 8.369849853515625000e+02 8.666738281250000000e+03 1.434032630920410156e+01 1.241329980468750000e+04 2.026170703125000000e+04 1.436701660156250000e+02 7.956664276123046875e+01 4.339183121919631958e-02
6.235875701904296875e+01 1.523586273193359375e+02 9.902574157714843750e+01 8.517394256591796875e+01 4.641145096684340388e-06 1.095142745971679688e+02 6.152798461914062500e+01 3.903137207031250000e+01 6.376244354248046875e+01 1.096435089111328125e+02 2.444597625732421875e+02
0.000000000000000000e+00 0.000000000000000000e+00 0.000000000000000000e+00 0.000000000000000000e+00 0.000000000000000000e+00 0.000000000000000000e+00 0.000000000000000000e+00 0.000000000000000000e+00 0.000000000000000000e+00 0.000000000000000000e+00 2.851234873202379561e-15
2.047253540039062500e+03 7.752000732421875000e+02 0.000000000000000000e+00 1.567756713867187500e+03 2.334374613610634697e-07 5.802188720703125000e+02 1.257922851562500000e+03 2.870077826082706451e-02 1.060968554687500000e+04 1.810040039062500000e+04 1.463887500000000000e+04
0.000000000000000000e+00 1.512427441406250000e+04 1.038723144531250000e+03 2.214986132812500000e+04 8.554735937500000000e+04 6.251375390625000000e+04 5.215199218750000000e+04 3.812612500000000000e+04 1.050817656250000000e+05 1.983880859375000000e+04 7.447429687500000000e+04
0.000000000000000000e+00 1.206316796875000000e+04 1.717193750000000000e+04 8.721191406250000000e+03 7.887381744384765625e+01 5.411292724609375000e+02 1.352991406250000000e+04 8.758965820312500000e+03 4.034570156363770366e-05 5.793594360351562500e+02 3.146315185546875000e+03
0.000000000000000000e+00 0.000000000000000000e+00 0.000000000000000000e+00 0.000000000000000000e+00 1.991822509765625000e+02 0.000000000000000000e+00 0.000000000000000000e+00 0.000000000000000000e+00 0.000000000000000000e+00 0.000000000000000000e+00 0.000000000000000000e+00
0.000000000000000000e+00 6.966612272663041949e-05 9.463255405426025391e-01 4.928294220007956028e-04 1.552664875984191895e+00 0.000000000000000000e+00 1.818243414163589478e-03 8.592464327812194824e-01 2.438961528241634369e-03 5.405132770538330078e-01 0.000000000000000000e+00
