0.000000000000000000e+00 2.359665668336674571e-04 0.000000000000000000e+00 0.000000000000000000e+00 0.000000000000000000e+00 0.000000000000000000e+00 2.674697432667016983e-03 0.000000000000000000e+00 0.000000000000000000e+00 0.000000000000000000e+00 0.000000000000000000e+00
1.158251613378524780e-02 0.000000000000000000e+00 2.925105625763535500e-03 0.000000000000000000e+00 0.000000000000000000e+00 0.000000000000000000e+00 2.253468614071607590e-03 1.699260086752474308e-03 7.115158252418041229e-03 0.000000000000000000e+00 0.000000000000000000e+00
0.000000000000000000e+00 1.536313793621957302e-03 0.000000000000000000e+00 6.158396136015653610e-04 4.216609988361597061e-03 0.000000000000000000e+00 1.301458105444908142e-03 0.000000000000000000e+00 2.398728858679533005e-03 6.437848322093486786e-03 6.182049866765737534e-03
7.858545519411563873e-03 0.000000000000000000e+00 6.526008946821093559e-04 0.000000000000000000e+00 3.751704934984445572e-03 1.765859546139836311e-03 2.157038543373346329e-03 3.765365341678261757e-03 0.000000000000000000e+00 0.000000000000000000e+00 0.000000000000000000e+00
8.130494097713381052e-05 1.569619489600881934e-04 3.436068363953381777e-04 2.277684543514624238e-04 0.000000000000000000e+00 2.624411717988550663e-04 2.423850528430193663e-04 1.067152479663491249e-04 3.369523910805583000e-04 3.699007502291351557e-04 7.111825398169457912e-04
0.000000000000000000e+00 0.000000000000000000e+00 0.000000000000000000e+00 0.000000000000000000e+00 0.000000000000000000e+00 4.266699033905752003e-05 0.000000000000000000e+00 0.000000000000000000e+00 0.000000000000000000e+00 0.000000000000000000e+00 0.000000000000000000e+00
1.447163987904787064e-02 1.024865265935659409e-02 0.000000000000000000e+00 1.239298935979604721e-02 0.000000000000000000e+00 8.077135309576988220e-03 1.067142467945814133e-03 5.475615151226520538e-03 2.118727192282676697e-03 0.000000000000000000e+00 9.951866231858730316e-03
0.000000000000000000e+00 3.965621814131736755e-03 8.947727474151179194e-05 0.000000000000000000e+00 3.064827760681509972e-03 2.377587137743830681e-03 0.000000000000000000e+00 5.874265450984239578e-03 7.516530342400074005e-03 1.705610658973455429e-03 0.000000000000000000e+00
0.000000000000000000e+00 4.519490525126457214e-03 4.915260709822177887e-03 0.000000000000000000e+00 0.000000000000000000e+00 9.202891029417514801e-03 8.949381881393492222e-04 2.297081751748919487e-03 2.131859801011160016e-04 0.000000000000000000e+00 0.000000000000000000e+00
7.395672611892223358e-03 0.000000000000000000e+00 6.906792055815458298e-03 8.618336869403719902e-04 3.646934032440185547e-02 0.000000000000000000e+00 0.000000000000000000e+00 0.000000000000000000e+00 2.131026471033692360e-03 3.940889437217265368e-04 1.997679285705089569e-02
0.000000000000000000e+00 0.000000000000000000e+00 2.765766566881211475e-06 0.000000000000000000e+00 6.969385594857158139e-06 0.000000000000000000e+00 0.000000000000000000e+00 2.016407506744144484e-06 6.100797378394418047e-08 1.735393993840261828e-06 0.000000000000000000e+00
