0.000000000000000000e+00 0.000000000000000000e+00 2.106163883581757545e-03 0.000000000000000000e+00 0.000000000000000000e+00 0.000000000000000000e+00 6.565903895534574986e-04 0.000000000000000000e+00 3.407781478017568588e-03 0.000000000000000000e+00 0.000000000000000000e+00
9.535434655845165253e-04 0.000000000000000000e+00 0.000000000000000000e+00 0.000000000000000000e+00 6.847633630968630314e-04 0.000000000000000000e+00 1.763569656759500504e-03 0.000000000000000000e+00 0.000000000000000000e+00 0.000000000000000000e+00 0.000000000000000000e+00
0.000000000000000000e+00 5.433192476630210876e-03 0.000000000000000000e+00 0.000000000000000000e+00 0.000000000000000000e+00 2.955472329631447792e-03 1.980486325919628143e-03 0.000000000000000000e+00 4.368945024907588959e-03 6.069039809517562389e-04 0.000000000000000000e+00
3.761955304071307182e-03 0.000000000000000000e+00 4.033381585031747818e-03 0.000000000000000000e+00 2.780234208330512047e-03 0.000000000000000000e+00 0.000000000000000000e+00 3.809243440628051758e-03 2.956796204671263695e-03 3.382602706551551819e-03 0.000000000000000000e+00
9.971380495699122548e-05 1.906825200421735644e-04 2.142031298717483878e-04 2.303234359715133905e-04 0.000000000000000000e+00 1.933371968334540725e-04 1.579077506903558969e-04 1.713725068839266896e-04 1.953962200786918402e-04 1.870504929684102535e-04 4.478112095966935158e-04
0.000000000000000000e+00 2.697537187486886978e-03 0.000000000000000000e+00 2.299022162333130836e-03 0.000000000000000000e+00 1.723259687423706055e-02 0.000000000000000000e+00 1.790414215065538883e-03 2.002734690904617310e-03 3.455620957538485527e-03 1.533023174852132797e-02
8.214446716010570526e-03 1.549079897813498974e-03 0.000000000000000000e+00 3.939967602491378784e-03 0.000000000000000000e+00 6.867200601845979691e-03 0.000000000000000000e+00 0.000000000000000000e+00 1.999660860747098923e-03 2.277906052768230438e-03 1.179965212941169739e-03
0.000000000000000000e+00 2.082874067127704620e-03 4.530775826424360275e-03 0.000000000000000000e+00 3.537534503266215324e-03 0.000000000000000000e+00 0.000000000000000000e+00 0.000000000000000000e+00 0.000000000000000000e+00 0.000000000000000000e+00 0.000000000000000000e+00
9.302926482632756233e-04 0.000000000000000000e+00 0.000000000000000000e+00 7.998232031241059303e-04 0.000000000000000000e+00 8.912389166653156281e-04 4.380285739898681641e-03 0.000000000000000000e+00 0.000000000000000000e+00 0.000000000000000000e+00 1.830200781114399433e-03
4.453961271792650223e-03 0.000000000000000000e+00 1.105104223825037479e-03 0.000000000000000000e+00 1.663395017385482788e-02 2.931029768660664558e-03 3.378221066668629646e-03 0.000000000000000000e+00 4.246541764587163925e-03 0.000000000000000000e+00 5.618237424641847610e-03
0.000000000000000000e+00 0.000000000000000000e+00 9.451447908759291749e-07 0.000000000000000000e+00 4.544810053630499169e-06 0.000000000000000000e+00 0.000000000000000000e+00 2.813525270539685152e-06 0.000000000000000000e+00 1.149811168943415396e-06 0.000000000000000000e+00
