0.000000000000000000e+00 0.000000000000000000e+00 2.749445848166942596e-03 0.000000000000000000e+00 0.000000000000000000e+00 0.000000000000000000e+00 4.583931528031826019e-03 2.158699790015816689e-03 5.105518270283937454e-03 0.000000000000000000e+00 0.000000000000000000e+00
4.957604687660932541e-03 0.000000000000000000e+00 3.893938614055514336e-03 8.256433065980672836e-04 0.000000000000000000e+00 0.000000000000000000e+00 7.436674786731600761e-05 0.000000000000000000e+00 0.000000000000000000e+00 0.000000000000000000e+00 0.000000000000000000e+00
2.644084859639406204e-03 5.125853931531310081e-05 0.000000000000000000e+00 8.796948241069912910e-04 0.000000000000000000e+00 3.040677111130207777e-04 2.569544129073619843e-03 0.000000000000000000e+00 0.000000000000000000e+00 1.828082255087792873e-03 0.000000000000000000e+00
6.470235995948314667e-03 0.000000000000000000e+00 0.000000000000000000e+00 1.190958661027252674e-03 3.412969643250107765e-03 4.968899884261190891e-05 1.323014264926314354e-03 5.551340524107217789e-03 5.825728294439613819e-04 6.726121064275503159e-04 0.000000000000000000e+00
1.038888294715434313e-04 2.527862961869686842e-04 2.177799469791352749e-04 1.504998654127120972e-04 0.000000000000000000e+00 1.710334036033600569e-04 1.409051037626340985e-04 5.188392606214620173e-05 8.021663234103471041e-05 2.043698041234165430e-04 7.199497777037322521e-04
0.000000000000000000e+00 0.000000000000000000e+00 2.473463537171483040e-03 2.017883525695651770e-04 0.000000000000000000e+00 1.650769822299480438e-02 0.000000000000000000e+00 3.002614248543977737e-04 0.000000000000000000e+00 3.326280275359749794e-03 1.849297806620597839e-02
1.267025363631546497e-03 4.279210697859525681e-03 1.169653332908637822e-04 1.464305532863363624e-04 0.000000000000000000e+00 3.380614565685391426e-03 0.000000000000000000e+00 5.079608527012169361e-04 9.805437875911593437e-04 4.444665275514125824e-03 2.738883486017584801e-03
0.000000000000000000e+00 0.000000000000000000e+00 0.000000000000000000e+00 0.000000000000000000e+00 0.000000000000000000e+00 0.000000000000000000e+00 0.000000000000000000e+00 0.000000000000000000e+00 3.682473441585898399e-03 0.000000000000000000e+00 0.000000000000000000e+00
0.000000000000000000e+00 1.038407557643949986e-03 1.877391594462096691e-03 5.083272117190063000e-04 0.000000000000000000e+00 0.000000000000000000e+00 2.926542423665523529e-03 0.000000000000000000e+00 3.030666382983326912e-03 1.190579263493418694e-03 2.481432165950536728e-03
3.706147894263267517e-03 9.500630549155175686e-04 6.327792070806026459e-03 0.000000000000000000e+00 1.428757235407829285e-02 0.000000000000000000e+00 0.000000000000000000e+00 0.000000000000000000e+00 5.611571948975324631e-03 0.000000000000000000e+00 4.142309073358774185e-03
0.000000000000000000e+00 0.000000000000000000e+00 1.619713293621316552e-05 1.309700792262447067e-06 2.439591298752930015e-05 0.000000000000000000e+00 9.739868801261764020e-06 1.389180852129356936e-05 0.000000000000000000e+00 1.404437534802127630e-05 0.000000000000000000e+00
