0.000000000000000000e+00 0.000000000000000000e+00 0.000000000000000000e+00 0.000000000000000000e+00 0.000000000000000000e+00 0.000000000000000000e+00 0.000000000000000000e+00 0.000000000000000000e+00 0.000000000000000000e+00 0.000000000000000000e+00 0.000000000000000000e+00
1.733665913343429565e-02 0.000000000000000000e+00 1.019320543855428696e-02 0.000000000000000000e+00 3.948714118450880051e-03 0.000000000000000000e+00 5.913067609071731567e-03 0.000000000000000000e+00 0.000000000000000000e+00 0.000000000000000000e+00 0.000000000000000000e+00
0.000000000000000000e+00 6.966750603169202805e-03 0.000000000000000000e+00 1.208685454912483692e-03 0.000000000000000000e+00 1.212889445014297962e-03 9.483639150857925415e-03 0.000000000000000000e+00 9.951979853212833405e-03 2.950957044959068298e-03 0.000000000000000000e+00
8.246304467320442200e-03 0.000000000000000000e+00 0.000000000000000000e+00 6.311280652880668640e-03 2.232289686799049377e-02 0.000000000000000000e+00 0.000000000000000000e+00 1.064812298864126205e-02 0.000000000000000000e+00 0.000000000000000000e+00 0.000000000000000000e+00
3.407794065424241126e-05 9.523653716314584017e-05 2.398068027105182409e-04 2.025323192356154323e-04 0.000000000000000000e+00 2.523355069570243359e-04 1.562941470183432102e-04 2.097364194924011827e-04 0.000000000000000000e+00 3.046245547011494637e-04 7.294220267795026302e-04
0.000000000000000000e+00 0.000000000000000000e+00 0.000000000000000000e+00 0.000000000000000000e+00 0.000000000000000000e+00 2.565551549196243286e-03 0.000000000000000000e+00 0.000000000000000000e+00 0.000000000000000000e+00 0.000000000000000000e+00 0.000000000000000000e+00
8.497431874275207520e-03 2.753083361312747002e-03 1.267335377633571625e-03 1.827589469030499458e-03 0.000000000000000000e+00 4.808301106095314026e-03 3.819735953584313393e-03 9.834111668169498444e-03 1.154050696641206741e-02 1.296446099877357483e-02 1.048130355775356293e-02
0.000000000000000000e+00 0.000000000000000000e+00 4.829126410186290741e-03 3.662224858999252319e-03 2.978667151182889938e-03 0.000000000000000000e+00 2.157647162675857544e-03 0.000000000000000000e+00 1.089266501367092133e-02 0.000000000000000000e+00 8.245984208770096302e-04
1.059629116207361221e-02 4.108379129320383072e-03 1.773735275492072105e-03 0.000000000000000000e+00 4.459747113287448883e-03 0.000000000000000000e+00 1.511551346629858017e-02 0.000000000000000000e+00 0.000000000000000000e+00 4.304628819227218628e-04 9.135667234659194946e-03
1.171357929706573486e-02 2.794882981106638908e-03 1.135978754609823227e-02 0.000000000000000000e+00 4.688913375139236450e-02 0.000000000000000000e+00 0.000000000000000000e+00 0.000000000000000000e+00 1.215594913810491562e-02 0.000000000000000000e+00 1.219029631465673447e-02
0.000000000000000000e+00 3.962283869896054966e-07 7.890802407928276807e-06 0.000000000000000000e+00 1.096580490411724895e-05 0.000000000000000000e+00 3.532500613800948486e-06 5.330358817445812747e-06 0.000000000000000000e+00 2.069491301881498657e-06 0.000000000000000000e+00
