0.000000000000000000e+00 1.142893955111503601e-01 5.114394426345825195e-01 0.000000000000000000e+00 0.000000000000000000e+00 0.000000000000000000e+00 3.747768998146057129e-01 7.694768719375133514e-03 1.547215855680406094e-03 0.000000000000000000e+00 0.000000000000000000e+00
9.173909574747085571e-02 0.000000000000000000e+00 5.382292717695236206e-02 1.306235138326883316e-02 5.017437413334846497e-02 1.748442300595343113e-03 4.882251378148794174e-03 0.000000000000000000e+00 1.235408708453178406e-01 6.662490218877792358e-02 1.240971963852643967e-03
4.008623771369457245e-03 7.897944748401641846e-02 3.530880063772201538e-02 8.929530531167984009e-02 7.634560577571392059e-03 7.037189602851867676e-02 4.034209251403808594e-02 0.000000000000000000e+00 6.120361853390932083e-03 5.162038654088973999e-02 7.490040734410285950e-03
1.082581207156181335e-01 2.089293207973241806e-03 2.569901943206787109e-02 2.468523196876049042e-02 0.000000000000000000e+00 4.213027283549308777e-02 6.059103831648826599e-02 4.187425971031188965e-02 7.544396817684173584e-02 1.043643150478601456e-02 2.169986814260482788e-02
3.682479436974972486e-04 3.501126077026128769e-03 2.674821065738797188e-03 1.490953960455954075e-03 0.000000000000000000e+00 2.725573256611824036e-03 2.639647340402007103e-03 2.347501227632164955e-03 2.812515944242477417e-03 5.449087824672460556e-03 9.178305044770240784e-03
0.000000000000000000e+00 0.000000000000000000e+00 0.000000000000000000e+00 0.000000000000000000e+00 0.000000000000000000e+00 0.000000000000000000e+00 0.000000000000000000e+00 0.000000000000000000e+00 0.000000000000000000e+00 0.000000000000000000e+00 0.000000000000000000e+00
9.290235117077827454e-03 5.811362061649560928e-03 0.000000000000000000e+00 8.316324651241302490e-02 2.546967007219791412e-03 2.453180495649576187e-03 0.000000000000000000e+00 3.137735649943351746e-03 1.087444126605987549e-01 2.684643724933266640e-03 6.728494912385940552e-02
0.000000000000000000e+00 2.031883001327514648e-01 2.356207519769668579e-01 0.000000000000000000e+00 3.008186072111129761e-02 0.000000000000000000e+00 1.694611040875315666e-03 6.211499217897653580e-03 7.339477539062500000e-02 0.000000000000000000e+00 1.224672538228332996e-03
1.102069206535816193e-02 1.531651169061660767e-01 1.591819971799850464e-01 5.598104093223810196e-03 0.000000000000000000e+00 2.207704335451126099e-01 3.649600083008408546e-03 8.003278076648712158e-02 0.000000000000000000e+00 5.096859298646450043e-03 1.375336647033691406e-01
1.124579925090074539e-02 7.274815812706947327e-03 2.819804847240447998e-02 0.000000000000000000e+00 1.863085776567459106e-01 0.000000000000000000e+00 0.000000000000000000e+00 0.000000000000000000e+00 1.092284731566905975e-02 0.000000000000000000e+00 4.105816036462783813e-02
0.000000000000000000e+00 2.603186840133275837e-05 2.947300381492823362e-04 1.684110320638865232e-04 3.808655601460486650e-04 0.000000000000000000e+00 9.273800969822332263e-05 1.558457443024963140e-04 9.987562225433066487e-05 2.288745890837162733e-04 5.305627564666792750e-05
