0.000000000000000000e+00 0.000000000000000000e+00 4.593642894178628922e-03 0.000000000000000000e+00 0.000000000000000000e+00 0.000000000000000000e+00 1.123348716646432877e-03 3.006928600370883942e-03 1.383902854286134243e-04 0.000000000000000000e+00 0.000000000000000000e+00
3.263435093685984612e-03 0.000000000000000000e+00 5.430767196230590343e-04 0.000000000000000000e+00 4.142504476476460695e-04 0.000000000000000000e+00 3.950851038098335266e-03 0.000000000000000000e+00 2.426968858344480395e-04 0.000000000000000000e+00 0.000000000000000000e+00
0.000000000000000000e+00 0.000000000000000000e+00 0.000000000000000000e+00 1.563153462484478951e-03 0.000000000000000000e+00 0.000000000000000000e+00 0.000000000000000000e+00 1.473132520914077759e-03 0.000000000000000000e+00 3.639728762209415436e-03 2.262039808556437492e-03
6.486835423856973648e-03 0.000000000000000000e+00 5.537499091587960720e-04 0.000000000000000000e+00 0.000000000000000000e+00 0.000000000000000000e+00 0.000000000000000000e+00 4.763978999108076096e-03 2.203780459240078926e-03 0.000000000000000000e+00 0.000000000000000000e+00
0.000000000000000000e+00 4.514400643529370427e-05 9.156861779047176242e-05 8.199162402888759971e-05 0.000000000000000000e+00 7.879109762143343687e-05 1.368403027299791574e-04 0.000000000000000000e+00 4.738320785691030324e-05 1.560943783260881901e-04 3.021959855686873198e-04
0.000000000000000000e+00 1.686004456132650375e-03 2.992520807310938835e-03 2.664235187694430351e-03 0.000000000000000000e+00 1.541332621127367020e-02 1.770190661773085594e-03 0.000000000000000000e+00 0.000000000000000000e+00 7.095886394381523132e-03 2.162349037826061249e-02
0.000000000000000000e+00 0.000000000000000000e+00 0.000000000000000000e+00 1.073583611287176609e-03 0.000000000000000000e+00 2.132908208295702934e-03 0.000000000000000000e+00 1.247238600626587868e-03 4.687898908741772175e-04 4.276372026652097702e-03 5.217815749347209930e-03
0.000000000000000000e+00 5.663525080308318138e-04 0.000000000000000000e+00 0.000000000000000000e+00 3.946926910430192947e-03 0.000000000000000000e+00 0.000000000000000000e+00 0.000000000000000000e+00 1.631955266930162907e-03 1.060575945302844048e-03 0.000000000000000000e+00
0.000000000000000000e+00 2.456385642290115356e-03 1.624471275135874748e-03 1.067656325176358223e-03 0.000000000000000000e+00 0.000000000000000000e+00 6.044423207640647888e-04 3.249869914725422859e-03 1.080193673260509968e-03 3.739435342140495777e-04 1.102011185139417648e-03
5.187175702303647995e-03 3.715202212333679199e-03 5.893918219953775406e-03 0.000000000000000000e+00 1.515109930187463760e-02 0.000000000000000000e+00 0.000000000000000000e+00 0.000000000000000000e+00 1.533926581032574177e-03 0.000000000000000000e+00 5.463985260576009750e-03
0.000000000000000000e+00 3.693620556077803485e-07 1.723448463053500745e-06 1.326450160377135035e-06 5.140735083841718733e-06 0.000000000000000000e+00 1.065118908627482597e-06 3.114377932433853857e-06 0.000000000000000000e+00 2.730296955633093603e-06 0.000000000000000000e+00
