0.000000000000000000e+00 0.000000000000000000e+00 0.000000000000000000e+00 0.000000000000000000e+00 0.000000000000000000e+00 0.000000000000000000e+00 0.000000000000000000e+00 1.299503538757562637e-02 0.000000000000000000e+00 0.000000000000000000e+00 0.000000000000000000e+00
8.007117547094821930e-03 0.000000000000000000e+00 6.997196469455957413e-03 1.897431095130741596e-03 0.000000000000000000e+00 0.000000000000000000e+00 0.000000000000000000e+00 0.000000000000000000e+00 6.973183248192071915e-03 0.000000000000000000e+00 0.000000000000000000e+00
4.750769119709730148e-03 2.197784051531925797e-04 0.000000000000000000e+00 0.000000000000000000e+00 0.000000000000000000e+00 7.885640487074851990e-03 1.646117889322340488e-03 0.000000000000000000e+00 0.000000000000000000e+00 8.440712466835975647e-03 9.842507541179656982e-03
1.009914651513099670e-02 0.000000000000000000e+00 0.000000000000000000e+00 0.000000000000000000e+00 7.012097164988517761e-03 0.000000000000000000e+00 4.893608391284942627e-03 8.768778294324874878e-03 6.724812556058168411e-04 1.644074916839599609e-03 0.000000000000000000e+00
4.010502379969693720e-05 3.770205657929182053e-04 2.672907430678606033e-04 2.713248541112989187e-04 0.000000000000000000e+00 4.175704671069979668e-04 3.059517475776374340e-04 3.461287269601598382e-05 4.499440256040543318e-04 6.408518529497087002e-04 1.123125082813203335e-03
0.000000000000000000e+00 0.000000000000000000e+00 0.000000000000000000e+00 0.000000000000000000e+00 0.000000000000000000e+00 0.000000000000000000e+00 0.000000000000000000e+00 0.000000000000000000e+00 0.000000000000000000e+00 0.000000000000000000e+00 0.000000000000000000e+00
8.869134820997714996e-03 1.621331757633015513e-04 0.000000000000000000e+00 0.000000000000000000e+00 0.000000000000000000e+00 0.000000000000000000e+00 0.000000000000000000e+00 1.303633209317922592e-03 7.266732864081859589e-03 8.529132232069969177e-03 4.548534285277128220e-03
0.000000000000000000e+00 1.033908873796463013e-02 0.000000000000000000e+00 5.045486614108085632e-04 0.000000000000000000e+00 0.000000000000000000e+00 0.000000000000000000e+00 6.022344809025526047e-03 1.176658924669027328e-02 0.000000000000000000e+00 6.330264266580343246e-03
6.339543033391237259e-03 8.228424936532974243e-03 0.000000000000000000e+00 2.188781742006540298e-03 0.000000000000000000e+00 4.065205808728933334e-03 7.587071973830461502e-03 6.131500005722045898e-03 0.000000000000000000e+00 0.000000000000000000e+00 9.774324717000126839e-04
8.928147144615650177e-03 0.000000000000000000e+00 1.517397351562976837e-02 0.000000000000000000e+00 4.346103221178054810e-02 2.579974941909313202e-03 0.000000000000000000e+00 2.394229813944548368e-04 1.205868436954915524e-03 0.000000000000000000e+00 1.957401260733604431e-02
0.000000000000000000e+00 0.000000000000000000e+00 9.433363629796076566e-06 3.822343842330155894e-06 1.564869489811826497e-05 0.000000000000000000e+00 3.983684109698515385e-06 5.647998023050604388e-06 5.770448296971153468e-07 4.692908987635746598e-06 0.000000000000000000e+00
