0.000000000000000000e+00 1.536187948659062386e-03 4.337416030466556549e-03 0.000000000000000000e+00 0.000000000000000000e+00 0.000000000000000000e+00 9.461225010454654694e-03 6.009367294609546661e-03 3.073555184528231621e-03 0.000000000000000000e+00 0.000000000000000000e+00
6.940513383597135544e-03 0.000000000000000000e+00 9.466016665101051331e-03 0.000000000000000000e+00 0.000000000000000000e+00 0.000000000000000000e+00 5.146264098584651947e-03 8.149828761816024780e-03 0.000000000000000000e+00 0.000000000000000000e+00 0.000000000000000000e+00
0.000000000000000000e+00 9.047412313520908356e-04 0.000000000000000000e+00 2.151936991140246391e-03 1.670520752668380737e-02 1.008534897118806839e-02 2.878849860280752182e-03 0.000000000000000000e+00 0.000000000000000000e+00 6.008903030306100845e-03 3.754703560844063759e-03
1.926495693624019623e-02 0.000000000000000000e+00 2.117829862982034683e-03 0.000000000000000000e+00 1.110186334699392319e-03 0.000000000000000000e+00 0.000000000000000000e+00 6.928988266736268997e-03 0.000000000000000000e+00 1.106907706707715988e-02 0.000000000000000000e+00
1.090996011043898761e-04 2.950672060251235962e-04 1.501516380812972784e-04 6.748806481482461095e-05 0.000000000000000000e+00 7.314769027289003134e-05 8.593929669586941600e-05 1.494888274464756250e-04 2.986945910379290581e-04 4.757528949994593859e-04 7.756208651699125767e-04
0.000000000000000000e+00 0.000000000000000000e+00 0.000000000000000000e+00 0.000000000000000000e+00 0.000000000000000000e+00 3.408059477806091309e-03 0.000000000000000000e+00 0.000000000000000000e+00 0.000000000000000000e+00 0.000000000000000000e+00 0.000000000000000000e+00
1.080660335719585419e-02 0.000000000000000000e+00 0.000000000000000000e+00 1.694841485004872084e-04 0.000000000000000000e+00 0.000000000000000000e+00 0.000000000000000000e+00 1.063291681930422783e-03 0.000000000000000000e+00 0.000000000000000000e+00 0.000000000000000000e+00
0.000000000000000000e+00 0.000000000000000000e+00 0.000000000000000000e+00 0.000000000000000000e+00 2.401881152763962746e-03 0.000000000000000000e+00 0.000000000000000000e+00 1.117482315748929977e-03 0.000000000000000000e+00 0.000000000000000000e+00 4.529845900833606720e-03
0.000000000000000000e+00 0.000000000000000000e+00 9.296546690165996552e-03 0.000000000000000000e+00 0.000000000000000000e+00 1.645812066271901131e-03 2.759838476777076721e-03 0.000000000000000000e+00 0.000000000000000000e+00 0.000000000000000000e+00 0.000000000000000000e+00
4.465561825782060623e-03 0.000000000000000000e+00 1.583426818251609802e-02 0.000000000000000000e+00 3.009159304201602936e-02 0.000000000000000000e+00 0.000000000000000000e+00 1.906906371004879475e-03 5.747457034885883331e-03 7.733190432190895081e-04 9.780884720385074615e-03
0.000000000000000000e+00 0.000000000000000000e+00 4.127486590732587501e-06 1.189266072287864517e-06 8.866511052474379539e-06 0.000000000000000000e+00 5.230680812928767409e-07 7.090628514561103657e-06 0.000000000000000000e+00 4.228011221130145714e-06 0.000000000000000000e+00
