6.661760835413588211e-06 2.002382097998633981e-05 2.393999238847754896e-05 2.331421455892268568e-06 0.000000000000000000e+00 0.000000000000000000e+00 2.262716043333057314e-05 2.561545079515781254e-05 2.158282404707279056e-05 1.963969953067135066e-05 6.540212211803009268e-07
5.480427294969558716e-03 0.000000000000000000e+00 4.452032968401908875e-03 4.758438444696366787e-04 4.081380087882280350e-03 0.000000000000000000e+00 0.000000000000000000e+00 0.000000000000000000e+00 0.000000000000000000e+00 0.000000000000000000e+00 0.000000000000000000e+00
0.000000000000000000e+00 3.821138525381684303e-03 5.357023328542709351e-03 2.285170834511518478e-03 0.000000000000000000e+00 5.107593256980180740e-03 3.352201078087091446e-03 0.000000000000000000e+00 0.000000000000000000e+00 7.783406414091587067e-03 0.000000000000000000e+00
1.121882442384958267e-02 0.000000000000000000e+00 0.000000000000000000e+00 6.383896805346012115e-03 6.073535885661840439e-03 4.430526867508888245e-03 1.701656146906316280e-03 0.000000000000000000e+00 7.702105678617954254e-03 4.443555604666471481e-03 0.000000000000000000e+00
0.000000000000000000e+00 0.000000000000000000e+00 0.000000000000000000e+00 4.145208367845043540e-05 0.000000000000000000e+00 3.300229946034960449e-05 2.904311986640095711e-05 0.000000000000000000e+00 0.000000000000000000e+00 3.733667836058884859e-05 7.210785406641662121e-05
0.000000000000000000e+00 0.000000000000000000e+00 0.000000000000000000e+00 0.000000000000000000e+00 0.000000000000000000e+00 0.000000000000000000e+00 0.000000000000000000e+00 0.000000000000000000e+00 0.000000000000000000e+00 0.000000000000000000e+00 1.246948522748425603e-04
1.048045465722680092e-03 0.000000000000000000e+00 0.000000000000000000e+00 0.000000000000000000e+00 0.000000000000000000e+00 5.204177461564540863e-03 8.691868744790554047e-03 7.296141237020492554e-03 5.338544491678476334e-03 8.155123330652713776e-03 1.744742691516876221e-02
0.000000000000000000e+00 1.305391080677509308e-03 0.000000000000000000e+00 4.665285450755618513e-05 1.916570938192307949e-03 0.000000000000000000e+00 0.000000000000000000e+00 0.000000000000000000e+00 7.047033403068780899e-03 0.000000000000000000e+00 6.415528245270252228e-03
0.000000000000000000e+00 2.873124321922659874e-03 0.000000000000000000e+00 0.000000000000000000e+00 0.000000000000000000e+00 1.392914797179400921e-03 2.247744239866733551e-03 3.030769061297178268e-03 5.021685734391212463e-03 0.000000000000000000e+00 2.894845791161060333e-03
4.581530578434467316e-03 0.000000000000000000e+00 1.176827773451805115e-02 0.000000000000000000e+00 2.816262841224670410e-02 0.000000000000000000e+00 0.000000000000000000e+00 0.000000000000000000e+00 5.843556951731443405e-03 0.000000000000000000e+00 1.178105268627405167e-02
0.000000000000000000e+00 1.664532902623250266e-07 7.032190865174925420e-07 0.000000000000000000e+00 6.611853109461662825e-07 0.000000000000000000e+00 2.809205454923358047e-07 1.278527719250632799e-07 0.000000000000000000e+00 3.412460216623003362e-07 0.000000000000000000e+00
