0.000000000000000000e+00 0.000000000000000000e+00 3.896122216247022152e-04 0.000000000000000000e+00 0.000000000000000000e+00 0.000000000000000000e+00 9.547652676701545715e-03 6.032800767570734024e-03 0.000000000000000000e+00 0.000000000000000000e+00 0.000000000000000000e+00
1.313013304024934769e-02 0.000000000000000000e+00 5.963192321360111237e-03 6.687959190458059311e-03 1.273251790553331375e-02 0.000000000000000000e+00 0.000000000000000000e+00 0.000000000000000000e+00 3.979233559221029282e-03 0.000000000000000000e+00 0.000000000000000000e+00
0.000000000000000000e+00 4.782376810908317566e-03 3.912794636562466621e-04 7.177622523158788681e-03 0.000000000000000000e+00 0.000000000000000000e+00 1.556793600320816040e-02 0.000000000000000000e+00 0.000000000000000000e+00 5.550509784370660782e-03 1.395512605085968971e-03
1.365356985479593277e-02 0.000000000000000000e+00 0.000000000000000000e+00 7.622594945132732391e-03 1.478942926041781902e-03 8.071931079030036926e-03 7.762644439935684204e-03 4.525720607489347458e-03 0.000000000000000000e+00 0.000000000000000000e+00 0.000000000000000000e+00
0.000000000000000000e+00 6.566219963133335114e-05 2.701891389733646065e-05 3.645830656751058996e-05 0.000000000000000000e+00 1.122208632295951247e-04 1.683763839537277818e-04 1.484631866333074868e-05 0.000000000000000000e+00 1.348051446257159114e-04 4.272279038559645414e-04
0.000000000000000000e+00 0.000000000000000000e+00 0.000000000000000000e+00 0.000000000000000000e+00 0.000000000000000000e+00 2.500177652109414339e-04 0.000000000000000000e+00 0.000000000000000000e+00 0.000000000000000000e+00 0.000000000000000000e+00 0.000000000000000000e+00
0.000000000000000000e+00 2.543899696320295334e-03 0.000000000000000000e+00 7.935141213238239288e-03 0.000000000000000000e+00 4.697147756814956665e-03 0.000000000000000000e+00 7.296827156096696854e-03 3.727962728589773178e-03 3.725910093635320663e-03 9.665392339229583740e-03
0.000000000000000000e+00 1.044037006795406342e-02 1.236507087014615536e-03 0.000000000000000000e+00 0.000000000000000000e+00 0.000000000000000000e+00 0.000000000000000000e+00 0.000000000000000000e+00 0.000000000000000000e+00 0.000000000000000000e+00 0.000000000000000000e+00
0.000000000000000000e+00 0.000000000000000000e+00 1.795064541511237621e-03 0.000000000000000000e+00 0.000000000000000000e+00 8.065087720751762390e-03 8.647538721561431885e-03 0.000000000000000000e+00 1.474705990403890610e-03 2.158779650926589966e-03 4.892610479146242142e-03
8.207399398088455200e-03 6.489277002401649952e-04 7.607966661453247070e-03 0.000000000000000000e+00 4.268132895231246948e-02 2.978726290166378021e-03 0.000000000000000000e+00 0.000000000000000000e+00 6.857472471892833710e-03 0.000000000000000000e+00 1.102795358747243881e-02
0.000000000000000000e+00 1.921318926179083064e-06 3.654158945209928788e-06 1.213299242408538703e-06 7.061458290991140530e-06 0.000000000000000000e+00 3.956394721171818674e-06 3.077324208788922988e-06 7.716941468061122578e-07 3.282168563600862399e-06 5.263749880413115534e-09
