0.000000000000000000e+00 2.034089565277099609e-01 6.078032812500000000e+04 0.000000000000000000e+00 0.000000000000000000e+00 0.000000000000000000e+00 1.864814453125000000e+03 2.823808007812500000e+04 3.715954833984375000e+03 1.140444458007812500e+03 0.000000000000000000e+00
5.276431884765625000e+02 0.000000000000000000e+00 6.349698046875000000e+04 2.423243359375000000e+04 3.476558227539062500e+02 4.588553125000000000e+04 4.033589843750000000e+04 0.000000000000000000e+00 1.373167724609375000e+03 1.500148242187500000e+04 8.781125781250000000e+04
3.169357299804687500e+02 2.755965234375000000e+04 6.534232177734375000e+02 1.057174438476562500e+03 1.402068734169006348e-01 3.595688281250000000e+04 2.087057226562500000e+04 5.758567504882812500e+02 3.092634375000000000e+04 4.074122656250000000e+04 1.951323866844177246e+00
9.231294921875000000e+03 1.466063022613525391e+00 4.972289025317877531e-05 1.653688842773437500e+03 1.141008178710937500e+03 7.975479125976562500e+02 5.398430468750000000e+04 1.169314921875000000e+05 1.984326953125000000e+04 1.506195962429046631e-01 2.613536682128906250e+02
3.594666957855224609e+00 9.559497237205505371e-01 6.191374659538269043e-01 5.321597456932067871e-01 0.000000000000000000e+00 2.279154956340789795e-01 1.000574305653572083e-01 6.347178220748901367e-01 9.111273102462291718e-03 1.180315494537353516e+00 5.700604248046875000e+01
0.000000000000000000e+00 0.000000000000000000e+00 0.000000000000000000e+00 0.000000000000000000e+00 0.000000000000000000e+00 0.000000000000000000e+00 0.000000000000000000e+00 0.000000000000000000e+00 0.000000000000000000e+00 0.000000000000000000e+00 0.000000000000000000e+00
6.338591796875000000e+03 9.002276562500000000e+04 6.862770533189177513e-05 3.591202343750000000e+04 1.971140409295912832e-05 2.306305389404296875e+02 1.236805175781250000e+03 7.891920776367187500e+02 7.822050781250000000e+02 8.890289843750000000e+04 1.393075000000000000e+04
0.000000000000000000e+00 4.703473205566406250e+02 1.393001098632812500e+02 0.000000000000000000e+00 9.136132812500000000e+03 6.765000152587890625e+01 9.834893717197701335e-06 2.470717187500000000e+04 3.783443750000000000e+04 0.000000000000000000e+00 0.000000000000000000e+00
7.332391305681085214e-06 3.050627441406250000e+03 2.843544140625000000e+04 2.637514453125000000e+04 6.349627075195312500e+02 9.476386718750000000e+03 3.337200781250000000e+04 8.346945190429687500e+02 2.658671093750000000e+04 2.533690338134765625e+02 1.307906542968750000e+04
0.000000000000000000e+00 0.000000000000000000e+00 0.000000000000000000e+00 0.000000000000000000e+00 1.552344970703125000e+02 0.000000000000000000e+00 0.000000000000000000e+00 0.000000000000000000e+00 0.000000000000000000e+00 0.000000000000000000e+00 7.000145968049764633e-03
0.000000000000000000e+00 3.407996018722769804e-08 6.025373339653015137e-01 1.043012453010305762e-04 1.478490710258483887e+00 0.000000000000000000e+00 1.909821666777133942e-02 4.480394124984741211e-01 1.263728886842727661e-01 7.738022208213806152e-01 0.000000000000000000e+00
