0.000000000000000000e+00 1.030570125579833984e+01 3.009685974121093750e+02 0.000000000000000000e+00 0.000000000000000000e+00 0.000000000000000000e+00 1.336152246093750000e+04 1.014283984375000000e+04 7.530338134765625000e+02 6.944477081298828125e+01 0.000000000000000000e+00
1.518814849853515625e+02 0.000000000000000000e+00 1.391433984375000000e+04 5.935748046875000000e+03 2.336539306640625000e+03 3.721838378906250000e+01 9.285556640625000000e+03 1.251787033081054688e+02 2.723152542114257812e+01 2.353982162475585938e+01 6.069222412109375000e+02
6.539405059814453125e+01 1.082481835937500000e+04 2.151439257431775331e-04 3.359533447265625000e+03 9.575711737852543592e-05 7.572113281250000000e+03 1.913063507080078125e+02 2.927722412109375000e+03 1.016148742675781250e+03 3.336768188476562500e+02 0.000000000000000000e+00
4.954078125000000000e+03 8.742889761924743652e-02 1.190097656250000000e+02 6.806597290039062500e+02 3.259622558593750000e+03 3.283815673828125000e+03 7.998301757812500000e+03 1.167906640625000000e+04 6.332096557617187500e+02 1.786306640625000000e+03 4.614891357421875000e+02
9.441122055053710938e+00 3.238467788696289062e+01 3.715219497680664062e+01 4.562650299072265625e+01 1.909737875394057482e-06 8.163754642009735107e-02 2.207745742797851562e+01 2.841457748413085938e+01 4.908974170684814453e+00 4.480779647827148438e+01 9.010911560058593750e+01
0.000000000000000000e+00 0.000000000000000000e+00 0.000000000000000000e+00 0.000000000000000000e+00 0.000000000000000000e+00 5.188306095078587532e-04 0.000000000000000000e+00 0.000000000000000000e+00 0.000000000000000000e+00 0.000000000000000000e+00 3.470064548309892416e-04
1.877593872070312500e+03 1.630026489257812500e+03 2.186400032043457031e+01 1.878941955566406250e+02 2.186105346679687500e+02 2.993681640625000000e+02 3.633370605468750000e+03 3.999564886093139648e+00 2.786249755859375000e+03 1.428752343750000000e+04 1.587912963867187500e+03
1.477845410156250000e+04 6.355224218750000000e+04 4.253366699218750000e+03 4.630683593750000000e+04 2.839310742187500000e+04 6.293892187500000000e+04 7.646111718750000000e+04 2.375904296875000000e+04 1.750085083007812500e+03 2.248371679687500000e+04 6.023690625000000000e+04
0.000000000000000000e+00 7.783694335937500000e+03 1.294784057617187500e+03 1.224482666015625000e+03 1.556721038818359375e+02 1.371281640625000000e+04 3.530021972656250000e+03 1.853107666015625000e+03 4.078100585937500000e+02 3.632552027702331543e-01 1.125438769531250000e+04
1.065752868652343750e+02 0.000000000000000000e+00 2.771280212402343750e+02 0.000000000000000000e+00 2.050725976562500000e+04 0.000000000000000000e+00 4.832276344299316406e+00 1.388263797760009766e+01 1.602333374023437500e+02 0.000000000000000000e+00 2.993593505859375000e+03
0.000000000000000000e+00 3.089872188866138458e-05 3.520123362541198730e-01 9.547304362058639526e-02 7.957640886306762695e-01 0.000000000000000000e+00 1.133033111691474915e-01 1.308293640613555908e-01 1.401446177624166012e-03 1.325642764568328857e-01 0.000000000000000000e+00
