3.337286412715911865e-01 1.671017169952392578e+00 1.696430921554565430e+00 1.117944195866584778e-01 1.052772859111428261e-05 1.442100554704666138e-01 2.014210224151611328e+00 1.927456498146057129e+00 1.540337443351745605e+00 1.308867335319519043e+00 1.725223148241639137e-03
5.030830764770507812e+01 0.000000000000000000e+00 1.331967285156250000e+03 1.655741455078125000e+03 1.700441598892211914e+00 3.085627441406250000e+03 2.186092773437500000e+03 5.579182128906250000e+02 4.906285095214843750e+01 3.950748205184936523e+00 7.460322265625000000e+02
8.887665346264839172e-03 4.871771240234375000e+01 1.854492378234863281e+01 4.706253662109375000e+02 1.242229565978050232e-01 1.457832275390625000e+03 2.893699884414672852e+00 1.313196182250976562e+00 1.496526145935058594e+01 7.890401000976562500e+02 3.701579943299293518e-02
6.787747802734375000e+02 1.730541944503784180e+00 1.115994506835937500e+03 8.591746215820312500e+02 3.578852844238281250e+01 1.630126953125000000e+01 1.965668792724609375e+02 3.156495094299316406e+01 1.423299789428710938e+01 0.000000000000000000e+00 3.150538075715303421e-03
5.665559172630310059e-01 2.117095708847045898e+00 7.537925243377685547e-01 1.890124797821044922e+00 0.000000000000000000e+00 1.401022076606750488e+00 1.871546030044555664e+00 3.953395038843154907e-02 1.892417907714843750e+00 2.953798294067382812e+00 4.340584754943847656e+00
0.000000000000000000e+00 0.000000000000000000e+00 0.000000000000000000e+00 0.000000000000000000e+00 0.000000000000000000e+00 8.691780967637896538e-04 0.000000000000000000e+00 0.000000000000000000e+00 0.000000000000000000e+00 0.000000000000000000e+00 9.598002433776855469e+00
4.507854309082031250e+02 3.321369171142578125e+00 1.294447937011718750e+02 2.228465270996093750e+02 3.540539550781250000e+02 2.658923149108886719e+01 2.942372131347656250e+01 2.865975646972656250e+02 2.713490295410156250e+02 7.384155273437500000e+01 2.994561157226562500e+02
0.000000000000000000e+00 1.975693359375000000e+02 5.671524810791015625e+01 3.382042884826660156e+00 7.033145141601562500e+02 3.283126354217529297e+00 1.530593490600585938e+01 4.419389648437500000e+02 3.825911331176757812e+01 5.930434465408325195e-01 1.875357788085937500e+03
0.000000000000000000e+00 3.956593322753906250e+02 2.420357208251953125e+02 6.800719604492187500e+02 4.743352837976999581e-05 9.888636474609375000e+02 3.067645645141601562e+01 5.445672988891601562e+00 8.764189453125000000e+02 1.973196864128112793e+00 7.335870361328125000e+02
1.927220463752746582e+00 1.040779113769531250e+00 1.419626474380493164e+00 2.936658449470996857e-03 7.769067764282226562e+00 5.495637888088822365e-04 7.702101767063140869e-02 6.738025695085525513e-02 3.021714687347412109e-01 0.000000000000000000e+00 2.181272029876708984e+00
0.000000000000000000e+00 6.658650818280875683e-06 2.670045197010040283e-02 6.635566242039203644e-03 2.797890827059745789e-02 0.000000000000000000e+00 5.268849781714379787e-04 1.185479015111923218e-02 1.329359365627169609e-04 1.184856425970792770e-02 0.000000000000000000e+00
