0.000000000000000000e+00 4.486542510986328125e+01 3.769669494628906250e+02 0.000000000000000000e+00 0.000000000000000000e+00 0.000000000000000000e+00 7.209591064453125000e+02 2.470260620117187500e+02 6.780526733398437500e+02 2.008070077863521874e-05 0.000000000000000000e+00
6.351922607421875000e+02 0.000000000000000000e+00 4.291593933105468750e+02 3.880599975585937500e+02 3.533253784179687500e+02 9.049420356750488281e+00 1.834335937500000000e+02 2.978697586059570312e+01 2.781885375976562500e+02 2.345352745056152344e+01 8.438288116455078125e+01
7.453100383281707764e-02 2.321705017089843750e+02 6.308459490537643433e-02 1.091051330566406250e+02 1.083934211730957031e+01 1.148792114257812500e+02 2.105309448242187500e+02 9.302452206611633301e-02 2.910919799804687500e+02 4.912429504394531250e+02 2.189767456054687500e+01
5.800922851562500000e+02 7.055785059928894043e-01 0.000000000000000000e+00 2.320984191894531250e+02 4.163999633789062500e+02 4.754596710205078125e+01 7.717389678955078125e+01 5.879013671875000000e+02 2.200352325439453125e+02 2.244544830322265625e+02 3.077677249908447266e+00
1.809258818626403809e+00 6.183273792266845703e+00 5.715641021728515625e+00 5.501739025115966797e+00 0.000000000000000000e+00 5.526956558227539062e+00 1.052233505249023438e+01 2.910871982574462891e+00 3.787343263626098633e+00 8.165022850036621094e+00 1.766503524780273438e+01
0.000000000000000000e+00 0.000000000000000000e+00 0.000000000000000000e+00 0.000000000000000000e+00 0.000000000000000000e+00 1.548770308494567871e+00 0.000000000000000000e+00 0.000000000000000000e+00 0.000000000000000000e+00 0.000000000000000000e+00 3.986551284790039062e+01
1.954899902343750000e+02 1.887435317039489746e-01 1.063363228581692965e-07 3.741006469726562500e+02 0.000000000000000000e+00 7.969296932220458984e+00 5.595305265160277486e-05 2.957921218872070312e+01 5.539562988281250000e+02 3.937993469238281250e+02 2.889973144531250000e+02
0.000000000000000000e+00 3.048732995986938477e+00 7.195433959960937500e+02 2.027744770050048828e+00 4.265737304687500000e+02 3.625596314668655396e-02 1.334122657775878906e+00 5.455888671875000000e+02 1.468205718994140625e+02 1.747016906738281250e+00 1.781883835792541504e-02
0.000000000000000000e+00 2.099797668457031250e+02 6.909146728515625000e+02 1.103600597381591797e+01 6.495724487304687500e+01 4.753088760375976562e+01 1.128315307617187500e+03 5.612340545654296875e+01 2.340826606750488281e+01 3.392721557617187500e+01 4.036264343261718750e+02
6.936300992965698242e-01 5.115360487252473831e-03 1.542401552200317383e+00 3.326615842524915934e-05 1.988491439819335938e+01 0.000000000000000000e+00 0.000000000000000000e+00 0.000000000000000000e+00 1.654506559134460986e-05 0.000000000000000000e+00 4.506675720214843750e+00
0.000000000000000000e+00 7.706653559580445290e-05 1.524157226085662842e-01 1.545864623039960861e-03 1.617965400218963623e-01 0.000000000000000000e+00 7.348740100860595703e-02 7.129028439521789551e-02 0.000000000000000000e+00 6.335106492042541504e-02 0.000000000000000000e+00
