0.000000000000000000e+00 0.000000000000000000e+00 3.399492474272847176e-03 0.000000000000000000e+00 0.000000000000000000e+00 0.000000000000000000e+00 4.044484347105026245e-03 3.256596100982278585e-04 5.749179515987634659e-03 0.000000000000000000e+00 0.000000000000000000e+00
0.000000000000000000e+00 0.000000000000000000e+00 5.457144696265459061e-03 1.894878456369042397e-03 1.933552906848490238e-03 3.215151373296976089e-04 1.795694115571677685e-03 0.000000000000000000e+00 0.000000000000000000e+00 0.000000000000000000e+00 1.291773165576159954e-03
0.000000000000000000e+00 3.938394947908818722e-04 0.000000000000000000e+00 0.000000000000000000e+00 0.000000000000000000e+00 3.689334727823734283e-03 0.000000000000000000e+00 0.000000000000000000e+00 7.668708567507565022e-04 2.725724363699555397e-03 8.746674575377255678e-05
4.984413739293813705e-03 0.000000000000000000e+00 0.000000000000000000e+00 3.371552447788417339e-04 4.628068301826715469e-03 6.603851797990500927e-04 9.069787920452654362e-04 1.161933178082108498e-03 0.000000000000000000e+00 3.862995654344558716e-03 0.000000000000000000e+00
1.733114368107635528e-05 6.036517879692837596e-05 6.001817018841393292e-05 4.153758345637470484e-05 0.000000000000000000e+00 4.428394095157273114e-05 8.125453314278274775e-05 2.473254244250711054e-05 5.810576112708076835e-05 6.744989514118060470e-05 2.231495018349960446e-04
0.000000000000000000e+00 7.766784401610493660e-04 6.064173299819231033e-03 4.431480483617633581e-04 0.000000000000000000e+00 1.214147452265024185e-02 0.000000000000000000e+00 0.000000000000000000e+00 0.000000000000000000e+00 4.744380246847867966e-03 2.056279964745044708e-02
0.000000000000000000e+00 0.000000000000000000e+00 1.408310607075691223e-03 3.758112899959087372e-03 0.000000000000000000e+00 6.487042177468538284e-03 5.564285675063729286e-04 4.042476415634155273e-03 5.292201880365610123e-03 7.175263948738574982e-03 2.396224997937679291e-03
0.000000000000000000e+00 0.000000000000000000e+00 0.000000000000000000e+00 0.000000000000000000e+00 5.244291387498378754e-03 0.000000000000000000e+00 8.594708197051659226e-05 0.000000000000000000e+00 2.775348257273435593e-03 0.000000000000000000e+00 0.000000000000000000e+00
0.000000000000000000e+00 0.000000000000000000e+00 2.471822313964366913e-03 0.000000000000000000e+00 1.791490940377116203e-03 0.000000000000000000e+00 4.398301709443330765e-03 0.000000000000000000e+00 1.809388864785432816e-03 2.310939598828554153e-03 2.020469546550884843e-04
2.589495852589607239e-03 6.179224234074354172e-03 3.933368250727653503e-03 0.000000000000000000e+00 1.482449937611818314e-02 0.000000000000000000e+00 4.819091118406504393e-04 2.083335770294070244e-03 4.763323813676834106e-03 0.000000000000000000e+00 4.598792642354965210e-03
0.000000000000000000e+00 0.000000000000000000e+00 1.010846517601748928e-06 0.000000000000000000e+00 1.161442810371227097e-06 0.000000000000000000e+00 3.769965815081377514e-07 8.718652679817751050e-07 0.000000000000000000e+00 5.091789603284269106e-07 0.000000000000000000e+00
