0.000000000000000000e+00 0.000000000000000000e+00 0.000000000000000000e+00 0.000000000000000000e+00 0.000000000000000000e+00 0.000000000000000000e+00 5.626955535262823105e-03 0.000000000000000000e+00 0.000000000000000000e+00 0.000000000000000000e+00 0.000000000000000000e+00
5.028146319091320038e-03 0.000000000000000000e+00 0.000000000000000000e+00 0.000000000000000000e+00 0.000000000000000000e+00 0.000000000000000000e+00 0.000000000000000000e+00 0.000000000000000000e+00 0.000000000000000000e+00 0.000000000000000000e+00 0.000000000000000000e+00
7.677339599467813969e-04 1.346308458596467972e-02 6.926034111529588699e-03 1.243265229277312756e-03 3.735936712473630905e-03 0.000000000000000000e+00 6.253201718209311366e-05 0.000000000000000000e+00 0.000000000000000000e+00 6.744212936609983444e-03 0.000000000000000000e+00
1.485764607787132263e-02 0.000000000000000000e+00 3.331256564706563950e-03 0.000000000000000000e+00 2.674400107935070992e-03 9.249294089386239648e-05 0.000000000000000000e+00 6.627132184803485870e-03 6.931446492671966553e-03 9.844634681940078735e-03 0.000000000000000000e+00
4.744583202409557998e-05 1.618632522877305746e-04 2.066898305201902986e-04 1.560827950015664101e-04 0.000000000000000000e+00 6.505047349492087960e-05 7.302271114895120263e-05 5.329650957719422877e-05 1.940962392836809158e-04 3.578946925699710846e-04 4.726229235529899597e-04
0.000000000000000000e+00 0.000000000000000000e+00 0.000000000000000000e+00 0.000000000000000000e+00 0.000000000000000000e+00 0.000000000000000000e+00 0.000000000000000000e+00 0.000000000000000000e+00 0.000000000000000000e+00 0.000000000000000000e+00 4.939772654324769974e-03
8.746868930757045746e-03 0.000000000000000000e+00 0.000000000000000000e+00 4.442200530320405960e-03 0.000000000000000000e+00 4.085954744368791580e-03 3.413490951061248779e-03 7.904929108917713165e-03 2.555776154622435570e-03 0.000000000000000000e+00 7.112555205821990967e-03
0.000000000000000000e+00 7.522149477154016495e-03 0.000000000000000000e+00 0.000000000000000000e+00 4.266977775841951370e-03 1.627209596335887909e-02 1.610304228961467743e-03 1.179447118192911148e-02 2.814788313116878271e-04 0.000000000000000000e+00 1.078754547052085400e-03
2.554327249526977539e-03 9.442546870559453964e-04 6.702762562781572342e-03 2.703777514398097992e-03 0.000000000000000000e+00 7.566059473901987076e-03 4.102820996195077896e-03 0.000000000000000000e+00 0.000000000000000000e+00 0.000000000000000000e+00 3.279532771557569504e-03
4.437788389623165131e-03 0.000000000000000000e+00 1.544910296797752380e-02 0.000000000000000000e+00 4.089171439409255981e-02 0.000000000000000000e+00 7.466329261660575867e-04 0.000000000000000000e+00 4.921089857816696167e-03 9.217522892868146300e-05 1.441346015781164169e-02
0.000000000000000000e+00 0.000000000000000000e+00 4.495281700656050816e-06 1.877068370959023014e-06 7.361656116700032726e-06 0.000000000000000000e+00 0.000000000000000000e+00 2.791468659779638983e-06 0.000000000000000000e+00 6.130641594381813775e-08 0.000000000000000000e+00
