0.000000000000000000e+00 2.186750000000000000e+03 1.744425048828125000e+02 0.000000000000000000e+00 0.000000000000000000e+00 0.000000000000000000e+00 5.317930664062500000e+03 4.718547851562500000e+03 3.815330200195312500e+02 8.248970703125000000e+03 0.000000000000000000e+00
5.776549530029296875e+01 0.000000000000000000e+00 2.371935119628906250e+02 1.148741308593750000e+04 2.070239843750000000e+04 1.458118066406250000e+04 2.194670898437500000e+03 1.496586608886718750e+01 2.252380078125000000e+04 1.737057812500000000e+04 4.946500976562500000e+03
5.390426025390625000e+02 8.528797149658203125e+00 5.939085483551025391e-01 4.813104248046875000e+02 2.531233520507812500e+02 3.080274902343750000e+03 1.588999877929687500e+03 2.806663036346435547e+00 1.127387237548828125e+02 1.228958740234375000e+03 2.568509521484375000e+02
4.003836364746093750e+02 0.000000000000000000e+00 7.952899932861328125e-01 5.346512603759765625e+01 8.100402832031250000e+02 3.909712646484375000e+03 9.568588256835937500e+02 3.536718017578125000e+03 7.589470595121383667e-02 2.149136736989021301e-02 1.052327603101730347e-01
1.476991176605224609e+01 1.441603851318359375e+01 4.159843921661376953e+00 3.733198165893554688e+00 0.000000000000000000e+00 1.482931494712829590e+00 1.704382181167602539e+00 6.269025802612304688e-01 6.834996223449707031e+00 4.068036556243896484e+00 3.595066833496093750e+01
0.000000000000000000e+00 0.000000000000000000e+00 0.000000000000000000e+00 0.000000000000000000e+00 0.000000000000000000e+00 0.000000000000000000e+00 0.000000000000000000e+00 0.000000000000000000e+00 0.000000000000000000e+00 0.000000000000000000e+00 0.000000000000000000e+00
2.504234619140625000e+03 2.958736572265625000e+02 1.923464775085449219e+01 2.830169433593750000e+03 4.620733307092450559e-05 9.990440368652343750e+00 5.129498901367187500e+02 0.000000000000000000e+00 7.857188720703125000e+02 5.300842285156250000e+02 5.462915527343750000e+03
0.000000000000000000e+00 1.243773925781250000e+04 2.314656372070312500e+02 9.349728584289550781e+00 1.375605392456054688e+01 7.121888732910156250e+01 5.178445816040039062e+01 5.359916015625000000e+03 1.851148828125000000e+04 1.606383705139160156e+01 8.806111907958984375e+01
0.000000000000000000e+00 1.766442138671875000e+03 4.440862426757812500e+02 1.681756286621093750e+02 1.733688354492187500e+01 2.697252929687500000e+03 4.228188476562500000e+03 7.033219162622117437e-08 1.494093261718750000e+03 3.414302062988281250e+01 1.950098419189453125e+02
0.000000000000000000e+00 0.000000000000000000e+00 0.000000000000000000e+00 0.000000000000000000e+00 1.863915634155273438e+01 0.000000000000000000e+00 0.000000000000000000e+00 0.000000000000000000e+00 0.000000000000000000e+00 0.000000000000000000e+00 0.000000000000000000e+00
0.000000000000000000e+00 5.583389793173409998e-06 2.134355008602142334e-01 2.882017288357019424e-03 2.073735594749450684e-01 0.000000000000000000e+00 1.784910820424556732e-02 1.486778855323791504e-01 1.475213654339313507e-02 8.345400542020797729e-02 4.381198323244461790e-06
