0.000000000000000000e+00 0.000000000000000000e+00 1.475179940462112427e-02 0.000000000000000000e+00 0.000000000000000000e+00 0.000000000000000000e+00 0.000000000000000000e+00 0.000000000000000000e+00 0.000000000000000000e+00 0.000000000000000000e+00 0.000000000000000000e+00
8.086969144642353058e-03 0.000000000000000000e+00 7.602388039231300354e-03 7.100184913724660873e-03 0.000000000000000000e+00 0.000000000000000000e+00 4.020098131150007248e-03 0.000000000000000000e+00 0.000000000000000000e+00 0.000000000000000000e+00 2.987362444400787354e-03
0.000000000000000000e+00 3.230979200452566147e-03 0.000000000000000000e+00 2.138095442205667496e-04 0.000000000000000000e+00 6.228227633982896805e-03 0.000000000000000000e+00 0.000000000000000000e+00 6.994367111474275589e-03 1.081660576164722443e-02 4.937584046274423599e-03
1.219059806317090988e-02 4.998149233870208263e-04 0.000000000000000000e+00 5.120274145156145096e-03 1.310741645283997059e-03 4.352055490016937256e-03 7.338526658713817596e-03 1.594107411801815033e-02 0.000000000000000000e+00 0.000000000000000000e+00 0.000000000000000000e+00
0.000000000000000000e+00 1.421930646756663918e-04 2.151645749108865857e-04 1.668994809733703732e-04 0.000000000000000000e+00 8.033402991713955998e-05 4.585252463584765792e-05 5.881871402380056679e-06 4.494499444263055921e-05 2.551913785282522440e-04 6.106487126089632511e-04
0.000000000000000000e+00 0.000000000000000000e+00 0.000000000000000000e+00 0.000000000000000000e+00 0.000000000000000000e+00 0.000000000000000000e+00 0.000000000000000000e+00 0.000000000000000000e+00 0.000000000000000000e+00 0.000000000000000000e+00 0.000000000000000000e+00
6.502140779048204422e-03 1.320469938218593597e-02 0.000000000000000000e+00 2.394461771473288536e-03 0.000000000000000000e+00 0.000000000000000000e+00 3.857273142784833908e-03 3.850393113680183887e-05 0.000000000000000000e+00 2.270508091896772385e-03 3.444074420258402824e-03
0.000000000000000000e+00 2.900446765124797821e-03 0.000000000000000000e+00 3.253674367442727089e-03 0.000000000000000000e+00 0.000000000000000000e+00 3.759645391255617142e-03 1.483434438705444336e-02 3.688317490741610527e-03 0.000000000000000000e+00 0.000000000000000000e+00
0.000000000000000000e+00 3.124871363979764283e-05 1.006041094660758972e-02 2.445642836391925812e-03 0.000000000000000000e+00 0.000000000000000000e+00 1.108270790427923203e-02 0.000000000000000000e+00 0.000000000000000000e+00 5.105116870254278183e-03 0.000000000000000000e+00
1.106110773980617523e-02 1.542943809181451797e-02 1.420720573514699936e-02 0.000000000000000000e+00 5.063723400235176086e-02 0.000000000000000000e+00 3.339692717418074608e-03 5.921122501604259014e-04 1.368157565593719482e-02 0.000000000000000000e+00 1.357553247362375259e-02
0.000000000000000000e+00 3.936558812256407691e-07 9.288401088269893080e-06 4.002615696663269773e-06 1.216660893987864256e-05 0.000000000000000000e+00 3.024030320375459269e-06 3.465788495304877870e-06 0.000000000000000000e+00 5.303735179040813819e-06 0.000000000000000000e+00
