0.000000000000000000e+00 0.000000000000000000e+00 0.000000000000000000e+00 0.000000000000000000e+00 0.000000000000000000e+00 0.000000000000000000e+00 4.562495276331901550e-03 6.379004917107522488e-04 0.000000000000000000e+00 0.000000000000000000e+00 0.000000000000000000e+00
8.437854237854480743e-03 0.000000000000000000e+00 1.461153267882764339e-03 0.000000000000000000e+00 0.000000000000000000e+00 0.000000000000000000e+00 0.000000000000000000e+00 1.107270596548914909e-03 8.158845826983451843e-03 1.327244215644896030e-03 0.000000000000000000e+00
0.000000000000000000e+00 1.781578361988067627e-02 0.000000000000000000e+00 6.080732680857181549e-03 0.000000000000000000e+00 5.385917145758867264e-03 9.915975853800773621e-03 0.000000000000000000e+00 5.432113073766231537e-03 4.361515864729881287e-03 0.000000000000000000e+00
4.873808007687330246e-03 1.378979650326073170e-03 0.000000000000000000e+00 0.000000000000000000e+00 8.902434259653091431e-03 1.333588268607854843e-03 0.000000000000000000e+00 1.517296023666858673e-02 6.196342408657073975e-03 0.000000000000000000e+00 0.000000000000000000e+00
1.229489280376583338e-04 1.796579890651628375e-04 2.742194046732038260e-04 3.872411034535616636e-04 0.000000000000000000e+00 2.895454526878893375e-04 2.541957655921578407e-04 7.309830834856256843e-05 2.139958960469812155e-04 4.391085240058600903e-04 5.817504716105759144e-04
0.000000000000000000e+00 0.000000000000000000e+00 0.000000000000000000e+00 0.000000000000000000e+00 0.000000000000000000e+00 0.000000000000000000e+00 0.000000000000000000e+00 0.000000000000000000e+00 0.000000000000000000e+00 0.000000000000000000e+00 0.000000000000000000e+00
8.509024977684020996e-03 2.646925626322627068e-03 0.000000000000000000e+00 9.444105438888072968e-03 0.000000000000000000e+00 5.090965423732995987e-03 0.000000000000000000e+00 2.435424830764532089e-03 4.833938553929328918e-03 9.261544793844223022e-03 1.398429740220308304e-02
0.000000000000000000e+00 8.559505455195903778e-03 9.869022323982790112e-05 0.000000000000000000e+00 1.834543771110475063e-03 0.000000000000000000e+00 1.002010190859436989e-03 1.215044176205992699e-03 4.356476012617349625e-03 0.000000000000000000e+00 4.652150906622409821e-03
9.431250509805977345e-04 0.000000000000000000e+00 0.000000000000000000e+00 5.968297366052865982e-03 1.455135876312851906e-03 2.069161506369709969e-03 1.005228259600698948e-03 1.022363430820405483e-03 0.000000000000000000e+00 0.000000000000000000e+00 1.107498421333730221e-03
6.042180582880973816e-03 0.000000000000000000e+00 1.473087910562753677e-02 0.000000000000000000e+00 3.577673435211181641e-02 5.010655149817466736e-04 0.000000000000000000e+00 0.000000000000000000e+00 1.621294207870960236e-02 0.000000000000000000e+00 1.194446254521608353e-02
0.000000000000000000e+00 0.000000000000000000e+00 6.267177468544105068e-06 3.476896381471306086e-06 8.399501894018612802e-06 0.000000000000000000e+00 3.419436552576371469e-06 4.887538580078398809e-06 6.565986154782876838e-07 9.096808639696973842e-07 0.000000000000000000e+00
