0.000000000000000000e+00 5.354653578251600266e-03 8.753577130846679211e-04 0.000000000000000000e+00 0.000000000000000000e+00 0.000000000000000000e+00 9.435542859137058258e-03 0.000000000000000000e+00 1.762877684086561203e-03 0.000000000000000000e+00 0.000000000000000000e+00
3.505815286189317703e-03 0.000000000000000000e+00 0.000000000000000000e+00 4.192219581454992294e-03 0.000000000000000000e+00 0.000000000000000000e+00 0.000000000000000000e+00 9.589443798176944256e-04 0.000000000000000000e+00 0.000000000000000000e+00 0.000000000000000000e+00
0.000000000000000000e+00 0.000000000000000000e+00 4.955596290528774261e-03 0.000000000000000000e+00 0.000000000000000000e+00 1.138770394027233124e-02 6.840153131633996964e-03 0.000000000000000000e+00 0.000000000000000000e+00 0.000000000000000000e+00 5.513991229236125946e-03
4.299615975469350815e-03 0.000000000000000000e+00 0.000000000000000000e+00 5.051463376730680466e-04 0.000000000000000000e+00 2.797398017719388008e-03 4.615526180714368820e-03 8.826697245240211487e-03 5.793547723442316055e-03 1.422290573827922344e-03 0.000000000000000000e+00
9.217897604685276747e-05 2.555585233494639397e-04 1.782894687494263053e-04 3.635445027612149715e-04 0.000000000000000000e+00 1.889886334538459778e-04 2.468982711434364319e-04 1.609460741747170687e-04 2.648878144100308418e-04 2.278834726894274354e-04 6.193474400788545609e-04
0.000000000000000000e+00 0.000000000000000000e+00 0.000000000000000000e+00 0.000000000000000000e+00 0.000000000000000000e+00 0.000000000000000000e+00 0.000000000000000000e+00 0.000000000000000000e+00 0.000000000000000000e+00 0.000000000000000000e+00 0.000000000000000000e+00
5.137112457305192947e-03 2.655460033565759659e-03 0.000000000000000000e+00 0.000000000000000000e+00 0.000000000000000000e+00 2.948156790807843208e-03 0.000000000000000000e+00 1.926037133671343327e-03 0.000000000000000000e+00 0.000000000000000000e+00 5.292206071317195892e-03
0.000000000000000000e+00 3.964254166930913925e-03 0.000000000000000000e+00 0.000000000000000000e+00 0.000000000000000000e+00 0.000000000000000000e+00 1.288524945266544819e-03 3.123567439615726471e-04 4.969104658812284470e-03 1.699880696833133698e-03 3.817973891273140907e-03
0.000000000000000000e+00 0.000000000000000000e+00 0.000000000000000000e+00 0.000000000000000000e+00 0.000000000000000000e+00 0.000000000000000000e+00 0.000000000000000000e+00 0.000000000000000000e+00 1.811213209293782711e-03 0.000000000000000000e+00 6.498822942376136780e-03
4.114311188459396362e-03 1.614830340258777142e-03 7.907921448349952698e-03 0.000000000000000000e+00 3.637565672397613525e-02 8.255233988165855408e-03 0.000000000000000000e+00 0.000000000000000000e+00 0.000000000000000000e+00 0.000000000000000000e+00 5.914488341659307480e-03
0.000000000000000000e+00 0.000000000000000000e+00 2.902550249928026460e-06 9.559490763422218151e-07 9.671712177805602551e-06 0.000000000000000000e+00 2.962609869427978992e-06 1.626031975732189494e-09 0.000000000000000000e+00 4.152838300797156990e-06 0.000000000000000000e+00
