0.000000000000000000e+00 0.000000000000000000e+00 2.592636505141854286e-03 0.000000000000000000e+00 0.000000000000000000e+00 0.000000000000000000e+00 2.422611694782972336e-03 0.000000000000000000e+00 5.419539520516991615e-04 0.000000000000000000e+00 0.000000000000000000e+00
6.714796647429466248e-03 0.000000000000000000e+00 4.229118116199970245e-03 0.000000000000000000e+00 0.000000000000000000e+00 0.000000000000000000e+00 1.403256552293896675e-03 3.399216104298830032e-03 0.000000000000000000e+00 0.000000000000000000e+00 0.000000000000000000e+00
0.000000000000000000e+00 1.064755208790302277e-02 1.911562867462635040e-03 2.353350864723324776e-03 1.596199814230203629e-03 1.442522183060646057e-02 6.829903577454388142e-04 0.000000000000000000e+00 0.000000000000000000e+00 0.000000000000000000e+00 0.000000000000000000e+00
9.296155534684658051e-03 0.000000000000000000e+00 0.000000000000000000e+00 0.000000000000000000e+00 5.306823179125785828e-03 0.000000000000000000e+00 0.000000000000000000e+00 8.511653169989585876e-03 3.110628575086593628e-03 4.342505242675542831e-03 0.000000000000000000e+00
2.530268975533545017e-04 1.295623806072399020e-04 1.816827134462073445e-04 2.741251046245452017e-05 0.000000000000000000e+00 6.482116441475227475e-05 0.000000000000000000e+00 3.939208181691356003e-05 9.818447142606601119e-05 2.079552941722795367e-04 7.241625571623444557e-04
0.000000000000000000e+00 0.000000000000000000e+00 0.000000000000000000e+00 0.000000000000000000e+00 0.000000000000000000e+00 0.000000000000000000e+00 0.000000000000000000e+00 0.000000000000000000e+00 0.000000000000000000e+00 0.000000000000000000e+00 0.000000000000000000e+00
5.970051512122154236e-03 2.760011935606598854e-03 0.000000000000000000e+00 0.000000000000000000e+00 0.000000000000000000e+00 0.000000000000000000e+00 2.848832402378320694e-03 0.000000000000000000e+00 3.527289722114801407e-03 0.000000000000000000e+00 8.176347240805625916e-03
0.000000000000000000e+00 0.000000000000000000e+00 0.000000000000000000e+00 0.000000000000000000e+00 1.819168392103165388e-04 0.000000000000000000e+00 0.000000000000000000e+00 2.821835689246654510e-03 6.318613886833190918e-03 0.000000000000000000e+00 0.000000000000000000e+00
0.000000000000000000e+00 6.162169855087995529e-03 5.998056381940841675e-03 0.000000000000000000e+00 0.000000000000000000e+00 0.000000000000000000e+00 0.000000000000000000e+00 0.000000000000000000e+00 0.000000000000000000e+00 1.600205898284912109e-03 0.000000000000000000e+00
0.000000000000000000e+00 4.021686967462301254e-03 6.970376241952180862e-03 0.000000000000000000e+00 3.122178278863430023e-02 0.000000000000000000e+00 3.885992802679538727e-03 3.503416897729039192e-03 3.937352914363145828e-03 3.857179079204797745e-03 1.578932628035545349e-02
0.000000000000000000e+00 0.000000000000000000e+00 7.688031473662704229e-06 2.952575187009642832e-06 1.127117502619512379e-05 0.000000000000000000e+00 6.037337243469664827e-07 4.160620846960227937e-06 0.000000000000000000e+00 5.736698312830412760e-06 0.000000000000000000e+00
