0.000000000000000000e+00 0.000000000000000000e+00 0.000000000000000000e+00 0.000000000000000000e+00 0.000000000000000000e+00 0.000000000000000000e+00 5.807081470265984535e-05 4.900905769318342209e-04 1.935733598656952381e-03 0.000000000000000000e+00 0.000000000000000000e+00
1.327226031571626663e-02 0.000000000000000000e+00 8.269128389656543732e-03 2.971142297610640526e-03 0.000000000000000000e+00 0.000000000000000000e+00 2.428880659863352776e-03 3.284443169832229614e-03 0.000000000000000000e+00 0.000000000000000000e+00 3.033813321962952614e-03
0.000000000000000000e+00 6.951979827135801315e-03 1.113741891458630562e-03 0.000000000000000000e+00 0.000000000000000000e+00 1.381268911063671112e-02 8.991138078272342682e-03 0.000000000000000000e+00 2.581343753263354301e-03 5.862757563591003418e-03 1.269196276552975178e-03
1.401377841830253601e-02 0.000000000000000000e+00 0.000000000000000000e+00 6.942010018974542618e-03 0.000000000000000000e+00 0.000000000000000000e+00 0.000000000000000000e+00 5.611626431345939636e-03 0.000000000000000000e+00 7.488433737307786942e-03 0.000000000000000000e+00
1.516290212748572230e-04 2.697447489481419325e-04 3.289360902272164822e-04 1.943233655765652657e-04 0.000000000000000000e+00 3.127918753307312727e-04 1.190209004562348127e-04 1.594316563569009304e-04 1.878785697044804692e-04 2.219156449427828193e-04 8.006764692254364491e-04
0.000000000000000000e+00 0.000000000000000000e+00 0.000000000000000000e+00 0.000000000000000000e+00 0.000000000000000000e+00 3.041163086891174316e-03 0.000000000000000000e+00 0.000000000000000000e+00 0.000000000000000000e+00 0.000000000000000000e+00 0.000000000000000000e+00
1.124425791203975677e-02 0.000000000000000000e+00 0.000000000000000000e+00 0.000000000000000000e+00 0.000000000000000000e+00 3.185839159414172173e-03 3.140779212117195129e-03 2.911021234467625618e-03 1.012444379739463329e-03 4.194837994873523712e-03 0.000000000000000000e+00
0.000000000000000000e+00 4.673565737903118134e-03 1.957881962880492210e-03 0.000000000000000000e+00 0.000000000000000000e+00 0.000000000000000000e+00 0.000000000000000000e+00 1.392747159115970135e-03 6.893462501466274261e-03 0.000000000000000000e+00 0.000000000000000000e+00
0.000000000000000000e+00 1.693819882348179817e-03 3.424196969717741013e-03 3.152013814542442560e-04 0.000000000000000000e+00 0.000000000000000000e+00 0.000000000000000000e+00 0.000000000000000000e+00 0.000000000000000000e+00 4.627301357686519623e-03 3.195550991222262383e-03
5.079357419162988663e-03 0.000000000000000000e+00 1.091125886887311935e-02 0.000000000000000000e+00 4.244370386004447937e-02 0.000000000000000000e+00 0.000000000000000000e+00 0.000000000000000000e+00 6.962898653000593185e-03 0.000000000000000000e+00 1.070667803287506104e-02
0.000000000000000000e+00 0.000000000000000000e+00 8.591050573159009218e-06 1.969151298908400349e-06 1.227475695486646146e-05 0.000000000000000000e+00 3.301954620837932453e-06 4.721924142359057441e-06 2.669136449640063802e-07 7.683953299419954419e-06 0.000000000000000000e+00
