0.000000000000000000e+00 4.642200088500976562e+01 2.582857812500000000e+04 0.000000000000000000e+00 0.000000000000000000e+00 0.000000000000000000e+00 3.663710937500000000e+03 4.251261328125000000e+04 9.878864135742187500e+02 3.298757019042968750e+02 0.000000000000000000e+00
9.912724218750000000e+04 5.309936046600341797e+00 2.951332031250000000e+04 3.068654479980468750e+02 1.247198009490966797e+01 5.610619921875000000e+04 8.155722656250000000e+04 7.766881347656250000e+03 2.371818603515625000e+03 4.925853515625000000e+04 1.369229296875000000e+04
2.046568877995014191e-02 4.071972656250000000e+04 2.284989013671875000e+03 2.729962768554687500e+02 2.223679882812500000e+04 4.444082519531250000e+03 1.612944335937500000e+02 2.899266815185546875e+01 4.493705468750000000e+04 1.838588281250000000e+04 1.846714131534099579e-02
1.234833984375000000e+04 2.218308559065462759e-08 0.000000000000000000e+00 1.777240429687500000e+04 1.876956176757812500e+02 2.678180236816406250e+02 3.584827880859375000e+02 3.300048437500000000e+04 2.121123075485229492e-01 1.731705284118652344e+01 3.684972878545522690e-03
5.259464263916015625e+00 1.876568794250488281e+01 1.051859334111213684e-01 2.165491342544555664e+00 0.000000000000000000e+00 4.706633836030960083e-02 5.905795469880104065e-02 8.183921873569488525e-02 5.068266391754150391e-02 9.571866035461425781e+00 3.416870117187500000e+01
0.000000000000000000e+00 0.000000000000000000e+00 0.000000000000000000e+00 0.000000000000000000e+00 0.000000000000000000e+00 1.192383933812379837e-05 0.000000000000000000e+00 0.000000000000000000e+00 0.000000000000000000e+00 0.000000000000000000e+00 1.498706296843010932e-07
3.768143125000000000e+05 8.143396875000000000e+04 4.908499121665954590e-02 2.590038750000000000e+05 5.075607812500000000e+04 1.278699218750000000e+05 1.538148117065429688e+01 7.317068359375000000e+03 1.157982025146484375e+02 9.298891406250000000e+04 3.542171875000000000e+05
7.798474311828613281e+00 2.806449023437500000e+04 2.171899108886718750e+02 1.842013740539550781e+01 3.227218359375000000e+04 1.784946594238281250e+02 1.867163085937500000e+01 1.463491992187500000e+04 1.140479589843750000e+04 9.946708679199218750e+01 1.630929183959960938e+01
0.000000000000000000e+00 1.223511523437500000e+04 5.870364379882812500e+02 2.950338671875000000e+04 2.392255859375000000e+04 8.765474609375000000e+03 4.370020312500000000e+04 3.683028411865234375e+01 6.803300170898437500e+02 2.263945800781250000e+03 1.761071777343750000e+03
0.000000000000000000e+00 0.000000000000000000e+00 0.000000000000000000e+00 0.000000000000000000e+00 5.011791992187500000e+01 0.000000000000000000e+00 0.000000000000000000e+00 0.000000000000000000e+00 0.000000000000000000e+00 0.000000000000000000e+00 0.000000000000000000e+00
0.000000000000000000e+00 0.000000000000000000e+00 3.357635438442230225e-01 3.649875521659851074e-03 6.337858438491821289e-01 0.000000000000000000e+00 8.680278062820434570e-02 9.374345839023590088e-02 3.132049692794680595e-03 5.488209798932075500e-02 0.000000000000000000e+00
