0.000000000000000000e+00 1.956529766321182251e-01 0.000000000000000000e+00 0.000000000000000000e+00 0.000000000000000000e+00 0.000000000000000000e+00 2.412257157266139984e-02 8.285004645586013794e-02 0.000000000000000000e+00 0.000000000000000000e+00 0.000000000000000000e+00
3.929213285446166992e-01 0.000000000000000000e+00 1.604114770889282227e-01 1.471914649009704590e-01 2.789739053696393967e-03 6.280793342739343643e-03 4.469658434391021729e-02 9.981465339660644531e-02 2.731195092201232910e-01 9.383746981620788574e-02 2.107440978288650513e-01
7.257055491209030151e-02 1.869388483464717865e-02 2.457727678120136261e-03 1.955869793891906738e-02 1.809377223253250122e-01 8.887761831283569336e-02 1.540063172578811646e-01 1.063353288918733597e-02 4.844686016440391541e-03 7.004733383655548096e-02 5.019006133079528809e-02
5.474791675806045532e-02 7.080194354057312012e-02 0.000000000000000000e+00 0.000000000000000000e+00 4.688312765210866928e-03 5.173803772777318954e-03 0.000000000000000000e+00 8.363153785467147827e-02 6.705364584922790527e-02 2.391636185348033905e-02 0.000000000000000000e+00
1.897887996165081859e-04 5.095805972814559937e-04 5.785750690847635269e-04 5.374791217036545277e-04 0.000000000000000000e+00 4.310155636630952358e-04 5.745852831751108170e-04 3.762229462154209614e-04 4.028407856822013855e-04 9.135238942690193653e-04 1.573402085341513157e-03
0.000000000000000000e+00 0.000000000000000000e+00 0.000000000000000000e+00 0.000000000000000000e+00 0.000000000000000000e+00 0.000000000000000000e+00 0.000000000000000000e+00 0.000000000000000000e+00 0.000000000000000000e+00 0.000000000000000000e+00 6.774797220714390278e-04
9.249053895473480225e-02 2.069170027971267700e-02 0.000000000000000000e+00 1.086955741047859192e-01 0.000000000000000000e+00 2.542285621166229248e-02 4.026639740914106369e-03 2.228236198425292969e-02 2.111360058188438416e-02 3.121977299451828003e-02 1.547158975154161453e-02
0.000000000000000000e+00 4.169458150863647461e-02 3.705120086669921875e-01 0.000000000000000000e+00 4.499416798353195190e-03 0.000000000000000000e+00 0.000000000000000000e+00 8.021543920040130615e-02 7.829441875219345093e-02 1.001186072826385498e-01 7.064148783683776855e-02
0.000000000000000000e+00 5.806471221148967743e-03 1.936616450548171997e-01 9.106327779591083527e-03 2.958658384159207344e-03 7.826635986566543579e-02 1.320400983095169067e-01 7.570186257362365723e-02 1.081106383935548365e-04 5.474394559860229492e-02 3.715175762772560120e-02
2.283869870007038116e-02 5.649252329021692276e-03 1.852297224104404449e-02 0.000000000000000000e+00 1.880319863557815552e-01 9.683792595751583576e-04 0.000000000000000000e+00 0.000000000000000000e+00 8.239440619945526123e-03 0.000000000000000000e+00 3.440447151660919189e-02
0.000000000000000000e+00 9.775163789527141489e-07 9.726663847686722875e-06 4.249232915753964335e-06 1.352113031316548586e-05 0.000000000000000000e+00 3.875083166349213570e-06 4.505605375015875325e-06 2.309953543999654357e-07 6.383387699315790087e-06 0.000000000000000000e+00
