0.000000000000000000e+00 0.000000000000000000e+00 0.000000000000000000e+00 0.000000000000000000e+00 0.000000000000000000e+00 0.000000000000000000e+00 0.000000000000000000e+00 1.148514263331890106e-02 0.000000000000000000e+00 0.000000000000000000e+00 0.000000000000000000e+00
1.094279903918504715e-02 0.000000000000000000e+00 2.829159202519804239e-04 0.000000000000000000e+00 0.000000000000000000e+00 0.000000000000000000e+00 0.000000000000000000e+00 0.000000000000000000e+00 7.478383369743824005e-03 0.000000000000000000e+00 0.000000000000000000e+00
1.876317255664616823e-04 0.000000000000000000e+00 0.000000000000000000e+00 4.248362034559249878e-03 7.057155016809701920e-04 0.000000000000000000e+00 9.189667762257158756e-04 0.000000000000000000e+00 0.000000000000000000e+00 9.159849025309085846e-03 0.000000000000000000e+00
8.494030684232711792e-03 0.000000000000000000e+00 0.000000000000000000e+00 6.998412311077117920e-03 0.000000000000000000e+00 3.637486370280385017e-03 7.320036645978689194e-03 1.438574958592653275e-02 4.997029434889554977e-03 0.000000000000000000e+00 1.094070635735988617e-02
1.041792202158831060e-04 1.187032976304180920e-04 7.064102828735485673e-05 3.208153066225349903e-05 0.000000000000000000e+00 0.000000000000000000e+00 4.060602805111557245e-05 1.345345754089066759e-05 0.000000000000000000e+00 1.189618560601957142e-04 3.056320711039006710e-04
0.000000000000000000e+00 0.000000000000000000e+00 0.000000000000000000e+00 0.000000000000000000e+00 0.000000000000000000e+00 0.000000000000000000e+00 0.000000000000000000e+00 0.000000000000000000e+00 0.000000000000000000e+00 0.000000000000000000e+00 0.000000000000000000e+00
6.680588703602552414e-03 3.411619691178202629e-03 0.000000000000000000e+00 0.000000000000000000e+00 0.000000000000000000e+00 0.000000000000000000e+00 0.000000000000000000e+00 0.000000000000000000e+00 7.468761759810149670e-04 5.773556418716907501e-03 1.560234092175960541e-02
0.000000000000000000e+00 2.759528579190373421e-03 3.436161903664469719e-03 2.681685378775000572e-03 0.000000000000000000e+00 0.000000000000000000e+00 2.024745044764131308e-04 0.000000000000000000e+00 4.125895444303750992e-03 0.000000000000000000e+00 7.861094549298286438e-03
6.694212555885314941e-03 1.257193833589553833e-02 2.027684077620506287e-02 1.463231444358825684e-02 0.000000000000000000e+00 8.862376213073730469e-03 1.123302895575761795e-02 1.109531708061695099e-02 8.971234783530235291e-03 6.312118377536535263e-03 1.469137705862522125e-02
1.001679897308349609e-02 0.000000000000000000e+00 1.151394285261631012e-02 0.000000000000000000e+00 3.899088501930236816e-02 0.000000000000000000e+00 0.000000000000000000e+00 0.000000000000000000e+00 0.000000000000000000e+00 0.000000000000000000e+00 1.399157289415597916e-02
0.000000000000000000e+00 0.000000000000000000e+00 2.277437261000159197e-06 5.692349418495723512e-07 4.273968443158082664e-06 0.000000000000000000e+00 1.698473283795465250e-06 1.220877493324223906e-06 0.000000000000000000e+00 1.352520484942942858e-06 0.000000000000000000e+00
