0.000000000000000000e+00 0.000000000000000000e+00 0.000000000000000000e+00 0.000000000000000000e+00 0.000000000000000000e+00 0.000000000000000000e+00 0.000000000000000000e+00 0.000000000000000000e+00 0.000000000000000000e+00 0.000000000000000000e+00 0.000000000000000000e+00
1.493863016366958618e-02 0.000000000000000000e+00 0.000000000000000000e+00 5.387678742408752441e-03 0.000000000000000000e+00 0.000000000000000000e+00 0.000000000000000000e+00 0.000000000000000000e+00 0.000000000000000000e+00 0.000000000000000000e+00 0.000000000000000000e+00
2.349167130887508392e-03 0.000000000000000000e+00 6.425585132092237473e-03 0.000000000000000000e+00 7.247320376336574554e-03 0.000000000000000000e+00 0.000000000000000000e+00 0.000000000000000000e+00 1.223630504682660103e-03 3.872082568705081940e-03 2.265276620164513588e-03
7.924632169306278229e-03 2.474299864843487740e-03 0.000000000000000000e+00 0.000000000000000000e+00 1.092524640262126923e-02 0.000000000000000000e+00 1.052666828036308289e-02 1.225334871560335159e-02 9.729554585646837950e-05 0.000000000000000000e+00 0.000000000000000000e+00
4.918858758173882961e-05 2.233402301499154419e-05 1.562108227517455816e-04 9.602760837879031897e-05 0.000000000000000000e+00 1.095363331842236221e-04 6.154063885333016515e-05 3.572251443983986974e-05 1.204489672090858221e-04 2.392281603533774614e-04 3.266771091148257256e-04
0.000000000000000000e+00 0.000000000000000000e+00 0.000000000000000000e+00 0.000000000000000000e+00 0.000000000000000000e+00 6.534621934406459332e-04 0.000000000000000000e+00 0.000000000000000000e+00 0.000000000000000000e+00 0.000000000000000000e+00 8.673617379884035472e-19
3.482898697257041931e-03 1.046295557171106339e-02 0.000000000000000000e+00 2.436092356219887733e-03 0.000000000000000000e+00 1.619446207769215107e-03 1.011482067406177521e-02 7.569249253720045090e-03 0.000000000000000000e+00 1.134359554271213710e-04 6.722404155880212784e-03
0.000000000000000000e+00 5.340594332665205002e-03 0.000000000000000000e+00 5.014107096940279007e-03 0.000000000000000000e+00 2.110052155330777168e-04 1.124597503803670406e-03 7.003722130320966244e-04 6.451974622905254364e-03 1.845437946030870080e-04 2.684151753783226013e-03
0.000000000000000000e+00 6.409802008420228958e-03 5.030509550124406815e-03 1.265366189181804657e-02 0.000000000000000000e+00 1.134067773818969727e-03 0.000000000000000000e+00 0.000000000000000000e+00 0.000000000000000000e+00 0.000000000000000000e+00 7.991024293005466461e-03
7.973385974764823914e-03 0.000000000000000000e+00 1.311894226819276810e-02 0.000000000000000000e+00 3.270855545997619629e-02 0.000000000000000000e+00 1.839524484239518642e-03 0.000000000000000000e+00 0.000000000000000000e+00 0.000000000000000000e+00 1.165905222296714783e-02
0.000000000000000000e+00 1.109951085709326435e-06 4.148480911680962890e-06 2.802064273055293597e-06 6.233950443856883794e-06 0.000000000000000000e+00 2.436757313262205571e-06 1.011365124981011832e-08 5.312362532094994094e-07 4.902721229882445186e-06 0.000000000000000000e+00
