0.000000000000000000e+00 0.000000000000000000e+00 0.000000000000000000e+00 0.000000000000000000e+00 0.000000000000000000e+00 0.000000000000000000e+00 0.000000000000000000e+00 6.907720584422349930e-03 8.033380843698978424e-03 0.000000000000000000e+00 0.000000000000000000e+00
8.296635001897811890e-03 0.000000000000000000e+00 1.231058151461184025e-03 0.000000000000000000e+00 0.000000000000000000e+00 0.000000000000000000e+00 0.000000000000000000e+00 6.365787237882614136e-03 0.000000000000000000e+00 0.000000000000000000e+00 4.262891132384538651e-03
1.221798826009035110e-03 8.115385659039020538e-03 0.000000000000000000e+00 0.000000000000000000e+00 5.979836452752351761e-03 8.569014258682727814e-03 7.302589248865842819e-03 0.000000000000000000e+00 1.583431730978190899e-03 9.140693582594394684e-03 0.000000000000000000e+00
2.881184918805956841e-03 0.000000000000000000e+00 0.000000000000000000e+00 2.003138186410069466e-03 2.469278872013092041e-03 0.000000000000000000e+00 0.000000000000000000e+00 6.208885926753282547e-03 3.873243462294340134e-03 5.222808104008436203e-03 0.000000000000000000e+00
1.768362926668487489e-05 1.249451015610247850e-04 1.458889746572822332e-04 4.327658098191022873e-05 0.000000000000000000e+00 1.258131524082273245e-04 0.000000000000000000e+00 1.017408521875040606e-05 3.541856131050735712e-05 1.289331266889348626e-04 5.381306982599198818e-04
0.000000000000000000e+00 0.000000000000000000e+00 0.000000000000000000e+00 0.000000000000000000e+00 0.000000000000000000e+00 0.000000000000000000e+00 0.000000000000000000e+00 0.000000000000000000e+00 0.000000000000000000e+00 0.000000000000000000e+00 0.000000000000000000e+00
1.180749014019966125e-02 0.000000000000000000e+00 0.000000000000000000e+00 1.525508123449981213e-04 0.000000000000000000e+00 0.000000000000000000e+00 0.000000000000000000e+00 1.434122794307768345e-03 0.000000000000000000e+00 3.978772554546594620e-03 2.633153228089213371e-03
0.000000000000000000e+00 0.000000000000000000e+00 1.205716654658317566e-02 0.000000000000000000e+00 9.473339305259287357e-04 0.000000000000000000e+00 0.000000000000000000e+00 2.667331602424383163e-03 7.993967155925929546e-04 0.000000000000000000e+00 0.000000000000000000e+00
0.000000000000000000e+00 0.000000000000000000e+00 2.329369308426976204e-03 0.000000000000000000e+00 1.872406341135501862e-03 0.000000000000000000e+00 1.873025204986333847e-03 0.000000000000000000e+00 1.129940734244883060e-03 5.358282942324876785e-03 9.141902439296245575e-03
5.534925032407045364e-03 8.612337987869977951e-04 5.829502828419208527e-03 8.573947707191109657e-04 4.071912541985511780e-02 4.359798040241003036e-03 0.000000000000000000e+00 4.436315968632698059e-03 1.102018449455499649e-02 0.000000000000000000e+00 1.551445759832859039e-02
0.000000000000000000e+00 5.983358697392304748e-09 1.650965145927330013e-06 1.479675315607664743e-08 2.336916622880380601e-06 0.000000000000000000e+00 1.612861751709715463e-06 1.706474563434312586e-06 0.000000000000000000e+00 1.213734890370687936e-06 0.000000000000000000e+00
