0.000000000000000000e+00 3.224657848477363586e-02 5.991246104240417480e-01 0.000000000000000000e+00 0.000000000000000000e+00 0.000000000000000000e+00 2.511571645736694336e-01 3.294946551322937012e-01 1.575045734643936157e-01 0.000000000000000000e+00 0.000000000000000000e+00
1.643919050693511963e-01 0.000000000000000000e+00 1.007073998451232910e+00 9.437188273295760155e-04 9.392406940460205078e-01 1.308254718780517578e+00 1.148308992385864258e+00 9.460123777389526367e-01 4.491251893341541290e-03 0.000000000000000000e+00 1.431219100952148438e+00
1.576074585318565369e-02 4.024409651756286621e-01 0.000000000000000000e+00 5.207387208938598633e-01 9.164518117904663086e-02 3.457074463367462158e-01 3.778943791985511780e-02 4.612343758344650269e-02 0.000000000000000000e+00 4.824781119823455811e-01 7.157019525766372681e-02
1.503292024135589600e-01 0.000000000000000000e+00 2.273704111576080322e-01 1.929984986782073975e-01 8.274650573730468750e-02 2.950176000595092773e-01 3.196925669908523560e-02 1.170522123575210571e-01 1.424939781427383423e-01 1.699058711528778076e-02 4.251700302120298147e-04
1.193330623209476471e-03 2.058014739304780960e-03 8.153997478075325489e-04 1.505133928731083870e-03 0.000000000000000000e+00 5.551162175834178925e-04 2.092253882437944412e-03 1.298110699281096458e-03 1.856489689089357853e-03 2.280974294990301132e-03 4.897271282970905304e-03
0.000000000000000000e+00 0.000000000000000000e+00 0.000000000000000000e+00 0.000000000000000000e+00 0.000000000000000000e+00 0.000000000000000000e+00 0.000000000000000000e+00 0.000000000000000000e+00 0.000000000000000000e+00 0.000000000000000000e+00 2.081668171172168513e-17
1.580478507094085217e-03 7.537712808698415756e-04 0.000000000000000000e+00 4.265058040618896484e-01 0.000000000000000000e+00 4.224389325827360153e-03 1.571042090654373169e-02 0.000000000000000000e+00 4.449492394924163818e-01 2.443310022354125977e-01 1.445327699184417725e-01
0.000000000000000000e+00 1.676454305648803711e+00 1.639146208763122559e+00 1.129118536482565105e-04 1.829190969467163086e+00 7.715636491775512695e-01 0.000000000000000000e+00 1.092224836349487305e+00 2.680100128054618835e-02 2.015533149242401123e-01 1.914623379707336426e-01
1.215062066912651062e-01 1.936115920543670654e-01 2.169998288154602051e-01 1.601538062095642090e-01 0.000000000000000000e+00 1.838117390871047974e-01 1.435743421316146851e-01 2.069935351610183716e-01 6.832953542470932007e-02 3.640484064817428589e-02 1.849908530712127686e-01
2.028102055191993713e-02 2.543018199503421783e-03 5.226531066000461578e-03 0.000000000000000000e+00 7.550824880599975586e-01 0.000000000000000000e+00 0.000000000000000000e+00 1.903789234347641468e-03 4.449374042451381683e-03 0.000000000000000000e+00 2.339908108115196228e-02
0.000000000000000000e+00 2.757991978796781041e-06 3.290468885097652674e-05 1.196333414554828778e-05 3.692098471219651401e-05 0.000000000000000000e+00 1.697268089628778398e-05 1.822262311179656535e-05 1.573385191022680374e-07 2.770260471152141690e-05 4.352402527274534805e-08
