0.000000000000000000e+00 4.794614315032958984e-01 1.293545074462890625e+02 0.000000000000000000e+00 0.000000000000000000e+00 0.000000000000000000e+00 2.165705871582031250e+02 1.643929958343505859e+00 2.701834716796875000e+02 0.000000000000000000e+00 0.000000000000000000e+00
4.462732076644897461e-01 3.038291538359771948e-07 4.094963378906250000e+02 9.054617919921875000e+02 6.495626177638769150e-03 7.053566894531250000e+02 4.452058715820312500e+02 9.283576202392578125e+01 3.872410058975219727e-01 2.181009855121374130e-03 1.934352539062500000e+03
7.328572869300842285e-02 7.438339233398437500e+01 2.458608856201171875e+02 6.945851325988769531e+00 1.927291974425315857e-02 3.738837242126464844e+00 2.913962602615356445e+00 1.884040534496307373e-01 5.638248920440673828e-01 3.643410034179687500e+02 4.982526227831840515e-02
1.636717605590820312e+01 6.992848648224025965e-05 0.000000000000000000e+00 2.244359552860260010e-01 8.650654554367065430e-01 7.281578826904296875e+01 2.800098876953125000e+02 1.687421569824218750e+02 2.867633438110351562e+01 7.975229620933532715e-02 7.384148193523287773e-05
4.198933392763137817e-02 4.514445066452026367e-01 2.544296383857727051e-01 2.627242207527160645e-01 0.000000000000000000e+00 1.828542053699493408e-01 1.939525902271270752e-01 1.771328151226043701e-01 2.856436371803283691e-01 3.551964163780212402e-01 9.329842925071716309e-01
0.000000000000000000e+00 0.000000000000000000e+00 2.732793986797332764e-01 0.000000000000000000e+00 0.000000000000000000e+00 1.817684745788574219e+01 0.000000000000000000e+00 0.000000000000000000e+00 0.000000000000000000e+00 4.619599878787994385e-01 1.399224243164062500e+02
1.134151840209960938e+01 2.666156387329101562e+01 0.000000000000000000e+00 3.881558227539062500e+01 1.186692097689956427e-04 2.285970497131347656e+01 1.985779851675033569e-01 1.068884611129760742e+00 1.263042297363281250e+02 1.429961776733398438e+01 1.730454683303833008e+00
0.000000000000000000e+00 2.592499256134033203e+00 3.170707130432128906e+01 2.795857563614845276e-02 4.568627014160156250e+02 2.775842285156250000e+02 5.253669340163469315e-03 3.070495605468750000e+02 1.114188537597656250e+02 1.754026184082031250e+02 3.540933837890625000e+02
1.015708923339843750e+00 7.338637542724609375e+01 2.900076293945312500e+02 3.692548751831054688e+01 1.422558538615703583e-02 1.734378204345703125e+02 2.355587005615234375e+00 2.116488189697265625e+02 2.026168518066406250e+02 1.063720226287841797e+00 1.477586975097656250e+02
1.266026794910430908e-01 2.105006715282797813e-03 4.741745293140411377e-01 0.000000000000000000e+00 1.486180419921875000e+02 4.575741291046142578e-02 0.000000000000000000e+00 0.000000000000000000e+00 5.205900222063064575e-02 0.000000000000000000e+00 2.239234924316406250e+00
0.000000000000000000e+00 3.446523260208778083e-05 5.401447415351867676e-03 1.778377190930768847e-04 1.296736206859350204e-02 0.000000000000000000e+00 3.779146354645490646e-03 7.065453100949525833e-03 2.100450001307763159e-05 1.602731179445981979e-03 3.352771163918077946e-04
