0.000000000000000000e+00 0.000000000000000000e+00 5.935664521530270576e-04 0.000000000000000000e+00 0.000000000000000000e+00 0.000000000000000000e+00 1.033243024721741676e-03 2.338793594390153885e-03 1.494102529250085354e-03 0.000000000000000000e+00 0.000000000000000000e+00
3.061659401282668114e-03 0.000000000000000000e+00 5.733640864491462708e-04 0.000000000000000000e+00 0.000000000000000000e+00 0.000000000000000000e+00 0.000000000000000000e+00 0.000000000000000000e+00 0.000000000000000000e+00 0.000000000000000000e+00 0.000000000000000000e+00
4.638361569959670305e-04 1.927397097460925579e-03 2.647480687301140279e-05 2.257013693451881409e-04 0.000000000000000000e+00 8.348786504939198494e-04 2.762969117611646652e-03 0.000000000000000000e+00 0.000000000000000000e+00 2.461063209921121597e-03 0.000000000000000000e+00
4.538196139037609100e-03 0.000000000000000000e+00 0.000000000000000000e+00 0.000000000000000000e+00 0.000000000000000000e+00 0.000000000000000000e+00 1.710661308607086539e-04 9.664740064181387424e-04 1.804682658985257149e-03 3.883049648720771074e-04 0.000000000000000000e+00
1.456089084967970848e-04 2.576447441242635250e-04 1.778836594894528389e-04 2.477473462931811810e-04 0.000000000000000000e+00 1.607818267075344920e-04 2.243623312097042799e-04 1.777641737135127187e-04 1.627949823159724474e-04 2.779935603030025959e-04 4.574830818455666304e-04
0.000000000000000000e+00 3.062163712456822395e-03 0.000000000000000000e+00 0.000000000000000000e+00 0.000000000000000000e+00 1.125136204063892365e-02 7.587228901684284210e-04 9.640749194659292698e-04 0.000000000000000000e+00 8.972655050456523895e-04 1.778894290328025818e-02
1.043765878421254456e-04 0.000000000000000000e+00 0.000000000000000000e+00 8.194360416382551193e-04 0.000000000000000000e+00 3.263823688030242920e-03 0.000000000000000000e+00 1.765219261869788170e-03 3.652098588645458221e-03 1.289367442950606346e-03 1.563067897222936153e-03
0.000000000000000000e+00 1.304435892961919308e-03 1.005713711492717266e-04 0.000000000000000000e+00 1.670995960012078285e-03 1.179576720460318029e-04 0.000000000000000000e+00 0.000000000000000000e+00 7.151528261601924896e-04 0.000000000000000000e+00 0.000000000000000000e+00
0.000000000000000000e+00 4.035724792629480362e-03 2.315298886969685555e-03 0.000000000000000000e+00 0.000000000000000000e+00 1.607671496458351612e-03 8.136844262480735779e-04 0.000000000000000000e+00 0.000000000000000000e+00 1.132390243583358824e-04 1.824449980631470680e-03
2.245232462882995605e-03 8.419197984039783478e-04 4.919912666082382202e-03 0.000000000000000000e+00 1.424522418528795242e-02 6.719970260746777058e-04 1.053616171702742577e-03 0.000000000000000000e+00 2.163665369153022766e-03 0.000000000000000000e+00 3.051276784390211105e-03
0.000000000000000000e+00 0.000000000000000000e+00 8.052617772591474932e-07 0.000000000000000000e+00 5.636130481434520334e-06 0.000000000000000000e+00 5.787780423816002440e-07 3.546408038346271496e-07 0.000000000000000000e+00 0.000000000000000000e+00 0.000000000000000000e+00
