0.000000000000000000e+00 4.693565750122070312e+01 1.121058425903320312e+02 0.000000000000000000e+00 0.000000000000000000e+00 0.000000000000000000e+00 6.084022460937500000e+03 6.747667236328125000e+02 2.405465393066406250e+02 3.983317260742187500e+02 0.000000000000000000e+00
8.627693359375000000e+03 0.000000000000000000e+00 5.546109375000000000e+03 2.297178497314453125e+02 5.153256225585937500e+01 3.411024902343750000e+03 1.287454833984375000e+03 6.490105468750000000e+03 7.590697288513183594e+00 1.310067749023437500e+02 2.239793457031250000e+03
2.440621185302734375e+01 9.461743164062500000e+02 3.386575262993574142e-03 2.957673339843750000e+02 2.507041931152343750e+01 3.520950439453125000e+03 1.754105682373046875e+02 1.736876220703125000e+03 1.780233886718750000e+03 1.595714843750000000e+03 8.359076690673828125e+01
2.118268554687500000e+03 1.797729682922363281e+01 1.748051145114004612e-03 4.080503540039062500e+02 7.481374511718750000e+03 2.368186035156250000e+02 1.714749755859375000e+02 1.550231689453125000e+03 1.371968650817871094e+01 4.940670013427734375e+00 6.396585083007812500e+02
1.219055684487102553e-05 1.425590157508850098e+00 2.531564831733703613e-01 1.971662044525146484e-01 1.451567328558667214e-07 1.369922642879828345e-06 9.731923043727874756e-02 1.767443418502807617e-01 3.970282673835754395e-01 1.022350072860717773e+00 1.552947139739990234e+01
0.000000000000000000e+00 0.000000000000000000e+00 0.000000000000000000e+00 0.000000000000000000e+00 0.000000000000000000e+00 4.106410779058933258e-05 0.000000000000000000e+00 0.000000000000000000e+00 0.000000000000000000e+00 0.000000000000000000e+00 5.827193490404170007e-06
1.023773046875000000e+04 1.283073730468750000e+03 7.852363523852545768e-07 9.155232421875000000e+03 0.000000000000000000e+00 1.224813652038574219e+01 6.670661926269531250e+01 1.600686311721801758e+00 3.470537567138671875e+01 1.266746215820312500e+02 7.523074218750000000e+03
3.814725399017333984e+00 1.329826812744140625e+02 2.169833374023437500e+02 2.285206604003906250e+01 4.006371826171875000e+03 1.407705993652343750e+02 5.454513183593750000e+03 2.563301757812500000e+03 1.267237548828125000e+03 2.070652343750000000e+03 1.687650680541992188e+01
0.000000000000000000e+00 1.292291015625000000e+03 9.136639404296875000e+02 6.123464965820312500e+02 0.000000000000000000e+00 4.900595703125000000e+02 1.307413452148437500e+03 1.767444946289062500e+03 3.784726715087890625e+01 0.000000000000000000e+00 3.319618988037109375e+01
0.000000000000000000e+00 0.000000000000000000e+00 0.000000000000000000e+00 0.000000000000000000e+00 1.784694290161132812e+01 0.000000000000000000e+00 0.000000000000000000e+00 0.000000000000000000e+00 0.000000000000000000e+00 0.000000000000000000e+00 2.461554686306044459e-05
0.000000000000000000e+00 1.656821230426430702e-03 1.373970955610275269e-01 2.376298420131206512e-03 2.786010205745697021e-01 0.000000000000000000e+00 3.997046034783124924e-03 2.980354242026805878e-02 1.411168341292068362e-04 1.802161335945129395e-02 2.098297234624624252e-03
