0.000000000000000000e+00 0.000000000000000000e+00 6.938538979738950729e-03 0.000000000000000000e+00 0.000000000000000000e+00 0.000000000000000000e+00 2.495305845513939857e-03 6.382706342265009880e-04 2.930451417341828346e-03 0.000000000000000000e+00 0.000000000000000000e+00
3.692395286634564400e-03 0.000000000000000000e+00 3.928312566131353378e-03 2.698190510272979736e-03 0.000000000000000000e+00 0.000000000000000000e+00 3.703842172399163246e-03 1.570613472722470760e-03 0.000000000000000000e+00 0.000000000000000000e+00 0.000000000000000000e+00
0.000000000000000000e+00 1.571098924614489079e-03 8.640119922347366810e-04 2.180436626076698303e-03 6.509185303002595901e-03 3.119124332442879677e-03 3.582003992050886154e-03 0.000000000000000000e+00 0.000000000000000000e+00 1.659555826336145401e-03 0.000000000000000000e+00
6.796564906835556030e-03 1.526320702396333218e-04 5.651502870023250580e-03 0.000000000000000000e+00 2.518505789339542389e-03 0.000000000000000000e+00 5.534491967409849167e-03 7.020900491625070572e-03 2.177366754040122032e-03 2.005532616749405861e-03 0.000000000000000000e+00
3.310735701234079897e-05 1.355122949462383986e-04 1.029086488415487111e-04 9.191275603370741010e-05 0.000000000000000000e+00 2.243019116576761007e-04 0.000000000000000000e+00 1.433634588465793058e-05 1.358011504635214806e-04 2.632691175676882267e-04 5.985262687318027020e-04
0.000000000000000000e+00 0.000000000000000000e+00 1.772194751538336277e-03 4.188698716461658478e-03 0.000000000000000000e+00 1.830304786562919617e-02 2.379915240453556180e-04 0.000000000000000000e+00 1.194676515297032893e-04 1.407409319654107094e-03 2.187544107437133789e-02
4.055933561176061630e-03 1.620834460482001305e-03 0.000000000000000000e+00 0.000000000000000000e+00 0.000000000000000000e+00 1.294808578677475452e-03 0.000000000000000000e+00 2.559026936069130898e-03 0.000000000000000000e+00 9.818500839173793793e-04 6.186810787767171860e-04
0.000000000000000000e+00 1.768101239576935768e-03 0.000000000000000000e+00 0.000000000000000000e+00 9.683892130851745605e-04 0.000000000000000000e+00 2.463162876665592194e-03 0.000000000000000000e+00 2.000300446525216103e-03 0.000000000000000000e+00 1.331224688328802586e-03
0.000000000000000000e+00 0.000000000000000000e+00 5.192079115658998489e-04 2.338134916499257088e-03 0.000000000000000000e+00 0.000000000000000000e+00 5.900277756154537201e-03 2.175882458686828613e-03 0.000000000000000000e+00 0.000000000000000000e+00 8.525486337020993233e-04
5.039932206273078918e-03 1.913628308102488518e-03 3.310443134978413582e-03 0.000000000000000000e+00 1.457514893263578415e-02 0.000000000000000000e+00 3.204532433301210403e-03 3.495635697618126869e-03 8.453588932752609253e-03 3.597998525947332382e-03 1.243699714541435242e-02
0.000000000000000000e+00 1.391529281136172358e-06 6.033669251337414607e-06 1.941245045600226149e-06 6.738167485309531912e-06 0.000000000000000000e+00 2.403024836894473992e-07 4.928162979922490194e-06 0.000000000000000000e+00 2.972834181491634808e-06 0.000000000000000000e+00
