0.000000000000000000e+00 2.428456842899322510e-01 1.596158203125000000e+03 0.000000000000000000e+00 0.000000000000000000e+00 0.000000000000000000e+00 7.486507324218750000e+03 5.808233398437500000e+03 2.278060455322265625e+02 7.964886026456952095e-05 0.000000000000000000e+00
5.067719726562500000e+03 1.953306007385253906e+01 3.211191711425781250e+02 3.260638183593750000e+03 1.397943750000000000e+04 1.239460546875000000e+04 5.403575195312500000e+03 1.258087524414062500e+03 1.585033398437500000e+04 1.471816015625000000e+04 4.474975585937500000e+03
3.031987304687500000e+02 1.503868359375000000e+04 1.492739501953125000e+03 3.044745117187500000e+03 9.760338592529296875e+01 4.668717773437500000e+03 2.645625488281250000e+03 5.059867675781250000e+03 1.373529968261718750e+02 6.776838867187500000e+03 5.472528839111328125e+01
3.316000000000000000e+03 3.193354980468750000e+03 0.000000000000000000e+00 2.231759490966796875e+02 1.606139373779296875e+02 9.499832031250000000e+03 2.659488525390625000e+03 1.655043457031250000e+03 7.745375976562500000e+03 1.736885070800781250e+02 2.455402587890625000e+03
1.703720664978027344e+01 1.687995147705078125e+01 1.239139842987060547e+01 5.423931121826171875e+00 1.499451809650054201e-05 1.051834106445312500e+01 4.085686206817626953e+00 1.074275016784667969e+01 4.040791988372802734e+00 1.667563247680664062e+01 3.357918167114257812e+01
0.000000000000000000e+00 0.000000000000000000e+00 0.000000000000000000e+00 0.000000000000000000e+00 0.000000000000000000e+00 1.127927675843238831e-01 0.000000000000000000e+00 0.000000000000000000e+00 0.000000000000000000e+00 0.000000000000000000e+00 3.679971996461972594e-05
1.053476318359375000e+03 2.285968322753906250e+02 1.929112158904899843e-08 4.464976074218750000e+03 1.228053817749023438e+02 3.435339355468750000e+01 2.527849121093750000e+03 1.868988281250000000e+03 2.067835156250000000e+04 1.891357116699218750e+02 8.385990234375000000e+03
1.610220819711685181e-01 8.043725585937500000e+03 1.271245312500000000e+04 1.987892985343933105e-01 1.435344482421875000e+03 1.569649291992187500e+03 3.194584250450134277e-01 7.198532226562500000e+03 3.235269287109375000e+03 1.453001708984375000e+02 7.723563164472579956e-02
0.000000000000000000e+00 1.086645812988281250e+02 6.657420898437500000e+03 1.340804443359375000e+02 6.875535583496093750e+01 1.053162402343750000e+04 5.636267578125000000e+03 3.722743988037109375e+01 3.244090270996093750e+01 3.115070190429687500e+02 6.829158203125000000e+03
0.000000000000000000e+00 0.000000000000000000e+00 0.000000000000000000e+00 0.000000000000000000e+00 2.109730720520019531e+01 0.000000000000000000e+00 0.000000000000000000e+00 0.000000000000000000e+00 0.000000000000000000e+00 0.000000000000000000e+00 0.000000000000000000e+00
0.000000000000000000e+00 1.167158968746662140e-02 9.363549947738647461e-02 1.169480197131633759e-02 2.863778769969940186e-01 0.000000000000000000e+00 2.430908940732479095e-02 4.288132116198539734e-02 1.668765954673290253e-02 8.768231421709060669e-02 0.000000000000000000e+00
