0.000000000000000000e+00 8.662679465487599373e-04 2.507609315216541290e-03 0.000000000000000000e+00 0.000000000000000000e+00 0.000000000000000000e+00 1.871235319413244724e-03 2.398802665993571281e-03 3.090213052928447723e-03 0.000000000000000000e+00 0.000000000000000000e+00
1.127884839661419392e-03 0.000000000000000000e+00 1.583146513439714909e-05 1.337189460173249245e-04 5.088386242277920246e-04 0.000000000000000000e+00 9.934541303664445877e-04 1.919333357363939285e-03 0.000000000000000000e+00 0.000000000000000000e+00 0.000000000000000000e+00
3.472768876235932112e-04 2.966364612802863121e-03 6.064361892640590668e-03 8.187465136870741844e-04 0.000000000000000000e+00 3.831444773823022842e-03 2.113949449267238379e-04 0.000000000000000000e+00 0.000000000000000000e+00 2.972765825688838959e-03 0.000000000000000000e+00
3.860382363200187683e-03 0.000000000000000000e+00 3.719307715073227882e-04 5.529836053028702736e-04 0.000000000000000000e+00 0.000000000000000000e+00 0.000000000000000000e+00 0.000000000000000000e+00 2.709606662392616272e-03 0.000000000000000000e+00 0.000000000000000000e+00
2.663856321305502206e-05 9.224210225511342287e-05 9.717808279674500227e-05 7.104746327968314290e-05 0.000000000000000000e+00 8.688375237397849560e-05 9.229353599948808551e-05 1.019882620312273502e-04 7.104284304659813643e-05 1.544113474665209651e-04 3.159271727781742811e-04
0.000000000000000000e+00 1.364047988317906857e-03 5.485629080794751644e-04 0.000000000000000000e+00 0.000000000000000000e+00 1.279227808117866516e-02 0.000000000000000000e+00 4.950365400873124599e-04 0.000000000000000000e+00 2.336034784093499184e-03 1.870862953364849091e-02
1.685910858213901520e-03 0.000000000000000000e+00 0.000000000000000000e+00 0.000000000000000000e+00 0.000000000000000000e+00 2.817583736032247543e-03 1.698756706900894642e-03 3.958525136113166809e-03 4.106548614799976349e-03 7.789353840053081512e-04 0.000000000000000000e+00
0.000000000000000000e+00 9.574834257364273071e-04 2.216693246737122536e-04 0.000000000000000000e+00 3.102977992966771126e-03 0.000000000000000000e+00 0.000000000000000000e+00 0.000000000000000000e+00 2.258049324154853821e-03 0.000000000000000000e+00 0.000000000000000000e+00
4.942425875924527645e-04 2.637897385284304619e-03 0.000000000000000000e+00 0.000000000000000000e+00 0.000000000000000000e+00 0.000000000000000000e+00 9.542732732370495796e-04 7.442242931574583054e-04 0.000000000000000000e+00 0.000000000000000000e+00 1.033907756209373474e-03
3.437867155298590660e-03 3.073096740990877151e-04 1.934902160428464413e-03 0.000000000000000000e+00 1.230801362544298172e-02 2.273737220093607903e-03 0.000000000000000000e+00 0.000000000000000000e+00 3.055543638765811920e-03 3.876927949022501707e-04 3.549417713657021523e-03
0.000000000000000000e+00 0.000000000000000000e+00 1.909575303216115572e-06 3.780293127420009114e-07 5.002095349482260644e-06 0.000000000000000000e+00 0.000000000000000000e+00 2.103468432324007154e-06 0.000000000000000000e+00 2.871467586373910308e-06 0.000000000000000000e+00
