0.000000000000000000e+00 0.000000000000000000e+00 6.663803360424935818e-04 0.000000000000000000e+00 0.000000000000000000e+00 0.000000000000000000e+00 0.000000000000000000e+00 6.835187785327434540e-03 4.266391973942518234e-03 0.000000000000000000e+00 0.000000000000000000e+00
4.716676659882068634e-03 0.000000000000000000e+00 0.000000000000000000e+00 0.000000000000000000e+00 0.000000000000000000e+00 0.000000000000000000e+00 0.000000000000000000e+00 0.000000000000000000e+00 4.280302673578262329e-03 0.000000000000000000e+00 2.330471063032746315e-03
3.551226574927568436e-03 4.126184154301881790e-03 1.295435940846800804e-03 0.000000000000000000e+00 0.000000000000000000e+00 1.544080150779336691e-04 2.684597624465823174e-03 2.425586804747581482e-03 0.000000000000000000e+00 6.028231233358383179e-03 1.045807264745235443e-03
8.446332067251205444e-03 0.000000000000000000e+00 0.000000000000000000e+00 3.291363362222909927e-03 0.000000000000000000e+00 9.248994290828704834e-03 5.615532281808555126e-04 0.000000000000000000e+00 1.235805335454642773e-03 0.000000000000000000e+00 0.000000000000000000e+00
2.618413127493113279e-04 4.116458294447511435e-04 4.118910292163491249e-04 4.241353599354624748e-04 0.000000000000000000e+00 2.691810077521950006e-04 4.241572460159659386e-04 1.768157235346734524e-04 2.655142452567815781e-04 4.340485611464828253e-04 7.950813742354512215e-04
0.000000000000000000e+00 0.000000000000000000e+00 0.000000000000000000e+00 0.000000000000000000e+00 0.000000000000000000e+00 0.000000000000000000e+00 0.000000000000000000e+00 0.000000000000000000e+00 0.000000000000000000e+00 0.000000000000000000e+00 0.000000000000000000e+00
3.678414213936775923e-04 0.000000000000000000e+00 0.000000000000000000e+00 1.787288696505129337e-03 0.000000000000000000e+00 4.863462410867214203e-03 0.000000000000000000e+00 2.179959556087851524e-03 8.847384713590145111e-03 7.962743402458727360e-04 7.677989080548286438e-03
0.000000000000000000e+00 8.586944080889225006e-03 9.957835078239440918e-03 0.000000000000000000e+00 2.934604883193969727e-03 1.366261043585836887e-03 0.000000000000000000e+00 4.795879591256380081e-03 0.000000000000000000e+00 0.000000000000000000e+00 0.000000000000000000e+00
0.000000000000000000e+00 3.156434395350515842e-04 2.620007842779159546e-03 0.000000000000000000e+00 0.000000000000000000e+00 1.388590969145298004e-02 3.258231794461607933e-03 0.000000000000000000e+00 0.000000000000000000e+00 0.000000000000000000e+00 5.592617206275463104e-03
2.525660442188382149e-03 2.106615575030446053e-03 6.653380580246448517e-03 0.000000000000000000e+00 3.438162431120872498e-02 2.764695673249661922e-04 0.000000000000000000e+00 0.000000000000000000e+00 2.857801271602511406e-03 0.000000000000000000e+00 1.039783190935850143e-02
0.000000000000000000e+00 0.000000000000000000e+00 1.784007395144726615e-06 0.000000000000000000e+00 7.802736035955604166e-06 0.000000000000000000e+00 0.000000000000000000e+00 1.255509687325684354e-06 0.000000000000000000e+00 1.743117081787204370e-06 1.640504365241213236e-06
