0.000000000000000000e+00 0.000000000000000000e+00 0.000000000000000000e+00 0.000000000000000000e+00 0.000000000000000000e+00 0.000000000000000000e+00 3.566405037418007851e-03 3.672135062515735626e-03 2.019796287640929222e-03 3.377192188054323196e-04 0.000000000000000000e+00
1.098638866096735001e-02 0.000000000000000000e+00 9.388119913637638092e-03 1.966946438187733293e-04 1.112297293730080128e-03 0.000000000000000000e+00 2.805081196129322052e-03 1.663396134972572327e-03 6.198945338837802410e-04 0.000000000000000000e+00 2.422885736450552940e-03
0.000000000000000000e+00 1.351034361869096756e-02 1.674792147241532803e-03 2.370336558669805527e-03 0.000000000000000000e+00 1.036046538501977921e-02 9.910596534609794617e-03 0.000000000000000000e+00 7.667183410376310349e-03 1.457490678876638412e-02 0.000000000000000000e+00
1.957366010174155235e-03 0.000000000000000000e+00 0.000000000000000000e+00 0.000000000000000000e+00 4.954958567395806313e-04 6.451935973018407822e-03 3.118731081485748291e-03 9.398814290761947632e-03 1.012853626161813736e-02 1.998242223635315895e-03 0.000000000000000000e+00
0.000000000000000000e+00 7.327364437514916062e-05 1.941212394740432501e-04 1.465702225686982274e-04 0.000000000000000000e+00 1.293460991291794926e-05 4.688306944444775581e-05 2.332764233869966120e-05 0.000000000000000000e+00 1.767035864759236574e-04 5.950590129941701889e-04
0.000000000000000000e+00 0.000000000000000000e+00 0.000000000000000000e+00 0.000000000000000000e+00 0.000000000000000000e+00 2.285238355398178101e-03 0.000000000000000000e+00 0.000000000000000000e+00 0.000000000000000000e+00 0.000000000000000000e+00 0.000000000000000000e+00
4.939631558954715729e-03 3.049305640161037445e-03 0.000000000000000000e+00 3.922733943909406662e-03 0.000000000000000000e+00 6.604320835322141647e-03 7.817728910595178604e-04 1.038321945816278458e-02 5.480725318193435669e-03 1.615663059055805206e-03 9.707005694508552551e-03
0.000000000000000000e+00 0.000000000000000000e+00 0.000000000000000000e+00 0.000000000000000000e+00 3.477908670902252197e-03 0.000000000000000000e+00 0.000000000000000000e+00 0.000000000000000000e+00 1.079548429697751999e-02 0.000000000000000000e+00 4.273669910617172718e-04
0.000000000000000000e+00 0.000000000000000000e+00 1.418536179699003696e-03 0.000000000000000000e+00 2.845663577318191528e-03 0.000000000000000000e+00 6.653970107436180115e-03 0.000000000000000000e+00 8.271717466413974762e-03 0.000000000000000000e+00 1.458909537177532911e-04
6.777643691748380661e-03 0.000000000000000000e+00 6.733368616551160812e-03 0.000000000000000000e+00 4.987099394202232361e-02 0.000000000000000000e+00 0.000000000000000000e+00 0.000000000000000000e+00 1.815562881529331207e-02 0.000000000000000000e+00 1.896275952458381653e-02
0.000000000000000000e+00 0.000000000000000000e+00 4.600864031090168282e-06 1.793161459318071138e-06 7.470015134458662942e-06 0.000000000000000000e+00 1.008004232971870806e-06 1.842454821598948911e-06 1.571228267494007014e-07 2.511839056751341559e-06 0.000000000000000000e+00
