0.000000000000000000e+00 6.729720115661621094e+00 3.383773437500000000e+03 0.000000000000000000e+00 0.000000000000000000e+00 0.000000000000000000e+00 5.898396972656250000e+03 3.281340820312500000e+03 2.445933105468750000e+03 1.317992706298828125e+02 0.000000000000000000e+00
1.397555065155029297e+01 0.000000000000000000e+00 7.997354888916015625e+01 3.993913281250000000e+04 1.949423046875000000e+04 2.921395492553710938e+01 5.335446289062500000e+03 2.841530799865722656e+00 1.437678515625000000e+04 4.427037239074707031e+00 1.677558593750000000e+04
2.107178878784179688e+01 7.267288970947265625e+01 7.757288360595703125e+01 2.991550292968750000e+03 8.776216796875000000e+03 3.937552001953125000e+03 1.046571679687500000e+04 1.402698993682861328e+00 3.319411087036132812e+01 6.450971191406250000e+03 6.434421539306640625e+01
1.047265820312500000e+04 2.540166992187500000e+03 1.351132272731092598e-08 2.950437545776367188e+01 2.321142578125000000e+02 1.391955261230468750e+02 6.827811523437500000e+03 8.525222656250000000e+03 2.628439521789550781e+01 1.305318117141723633e+00 8.600071716308593750e+01
6.959445476531982422e+00 3.821904420852661133e+00 4.024140357971191406e+00 1.220527529716491699e+00 1.969643790289410390e-06 3.504129648208618164e-01 2.211874485015869141e+00 4.754765510559082031e+00 2.421969413757324219e+00 6.735401153564453125e+00 1.776502227783203125e+01
0.000000000000000000e+00 0.000000000000000000e+00 0.000000000000000000e+00 0.000000000000000000e+00 0.000000000000000000e+00 0.000000000000000000e+00 0.000000000000000000e+00 0.000000000000000000e+00 0.000000000000000000e+00 0.000000000000000000e+00 0.000000000000000000e+00
1.484691947698593140e-01 4.392479687500000000e+04 6.147136446088552475e-04 3.332155859375000000e+04 3.571582031250000000e+03 7.857096862792968750e+01 4.427870559692382812e+01 3.399814453125000000e+04 4.865524218750000000e+04 2.582850000000000000e+04 1.211432189941406250e+02
1.317698806524276733e-01 2.320609588623046875e+02 9.903361511230468750e+01 3.077960014343261719e-02 5.941165527343750000e+03 7.095448303222656250e+01 1.887494087219238281e+01 1.107568164062500000e+04 5.479447021484375000e+02 1.416230773925781250e+02 1.047878417968750000e+02
2.565682649612426758e+00 3.527248535156250000e+02 2.098208593750000000e+04 2.424381408691406250e+02 4.656750106811523438e+01 3.280237060546875000e+03 2.115640869140625000e+02 8.450868225097656250e+01 2.996205749511718750e+02 1.710519671440124512e+00 1.554792022705078125e+02
0.000000000000000000e+00 0.000000000000000000e+00 5.553845767281018198e-05 0.000000000000000000e+00 1.618521881103515625e+01 0.000000000000000000e+00 0.000000000000000000e+00 0.000000000000000000e+00 0.000000000000000000e+00 0.000000000000000000e+00 1.951116428244858980e-05
0.000000000000000000e+00 8.327445248141884804e-04 6.031100451946258545e-02 1.542426471132785082e-04 2.083517313003540039e-01 0.000000000000000000e+00 2.396307513117790222e-02 3.438495099544525146e-02 9.270395821658894420e-05 5.017045885324478149e-02 2.765077169897267595e-06
