0.000000000000000000e+00 3.225987078621983528e-03 0.000000000000000000e+00 0.000000000000000000e+00 0.000000000000000000e+00 0.000000000000000000e+00 2.812283812090754509e-03 3.596230642870068550e-03 3.906171070411801338e-03 0.000000000000000000e+00 0.000000000000000000e+00
7.103208918124437332e-04 0.000000000000000000e+00 1.916699227876961231e-03 4.019343759864568710e-03 6.885147886350750923e-04 0.000000000000000000e+00 3.317819675430655479e-03 0.000000000000000000e+00 0.000000000000000000e+00 0.000000000000000000e+00 0.000000000000000000e+00
0.000000000000000000e+00 4.370075184851884842e-03 4.338750150054693222e-03 1.246028230525553226e-03 0.000000000000000000e+00 7.330483291298151016e-03 1.227950677275657654e-03 0.000000000000000000e+00 9.318886441178619862e-04 4.160729236900806427e-03 0.000000000000000000e+00
6.622300017625093460e-03 0.000000000000000000e+00 0.000000000000000000e+00 0.000000000000000000e+00 4.215864930301904678e-03 0.000000000000000000e+00 2.590324031189084053e-03 4.347085021436214447e-03 2.442190190777182579e-03 1.788804191164672375e-03 0.000000000000000000e+00
0.000000000000000000e+00 1.484087842982262373e-04 1.558882672725303564e-06 7.141388778109103441e-05 0.000000000000000000e+00 0.000000000000000000e+00 4.433151116245426238e-05 0.000000000000000000e+00 0.000000000000000000e+00 1.198961399495601654e-04 3.586701059248298407e-04
0.000000000000000000e+00 1.662948750890791416e-03 5.859639961272478104e-03 1.096711726859211922e-03 0.000000000000000000e+00 1.800454780459403992e-02 0.000000000000000000e+00 2.880308777093887329e-03 3.308442886918783188e-03 7.550482172518968582e-03 2.927101589739322662e-02
3.917897120118141174e-03 1.780349994078278542e-03 0.000000000000000000e+00 1.211644033901393414e-03 7.511306321248412132e-04 2.050335984677076340e-03 2.090244321152567863e-03 2.898912178352475166e-03 5.237373523414134979e-03 6.656931247562170029e-03 8.991113863885402679e-04
0.000000000000000000e+00 0.000000000000000000e+00 0.000000000000000000e+00 0.000000000000000000e+00 1.837672432884573936e-03 0.000000000000000000e+00 0.000000000000000000e+00 0.000000000000000000e+00 5.439250264316797256e-03 0.000000000000000000e+00 7.100617978721857071e-03
0.000000000000000000e+00 5.834666546434164047e-03 0.000000000000000000e+00 3.803906030952930450e-03 0.000000000000000000e+00 0.000000000000000000e+00 0.000000000000000000e+00 1.538081094622612000e-03 2.547799376770853996e-03 0.000000000000000000e+00 0.000000000000000000e+00
4.964658059179782867e-03 9.888645727187395096e-04 8.903003297746181488e-03 0.000000000000000000e+00 2.073778957128524780e-02 5.654573906213045120e-04 1.526983687654137611e-04 0.000000000000000000e+00 5.232664290815591812e-03 0.000000000000000000e+00 6.463514640927314758e-03
0.000000000000000000e+00 0.000000000000000000e+00 5.182077529752859846e-06 0.000000000000000000e+00 5.199280622036894783e-06 0.000000000000000000e+00 2.342209882044699043e-06 3.511079285090090707e-06 0.000000000000000000e+00 6.265785259529366158e-07 0.000000000000000000e+00
