0.000000000000000000e+00 0.000000000000000000e+00 0.000000000000000000e+00 0.000000000000000000e+00 0.000000000000000000e+00 0.000000000000000000e+00 3.848786232993006706e-03 8.438511751592159271e-03 0.000000000000000000e+00 0.000000000000000000e+00 0.000000000000000000e+00
1.040955539792776108e-02 0.000000000000000000e+00 2.942520659416913986e-03 0.000000000000000000e+00 0.000000000000000000e+00 0.000000000000000000e+00 0.000000000000000000e+00 0.000000000000000000e+00 0.000000000000000000e+00 2.289573661983013153e-03 0.000000000000000000e+00
0.000000000000000000e+00 1.468403381295502186e-03 0.000000000000000000e+00 0.000000000000000000e+00 0.000000000000000000e+00 1.833569817245006561e-02 1.569431088864803314e-02 0.000000000000000000e+00 0.000000000000000000e+00 7.715967483818531036e-03 0.000000000000000000e+00
7.886103354394435883e-03 0.000000000000000000e+00 0.000000000000000000e+00 0.000000000000000000e+00 1.296776719391345978e-02 7.350805681198835373e-04 1.399612985551357269e-02 1.118021178990602493e-02 6.789590232074260712e-03 0.000000000000000000e+00 0.000000000000000000e+00
2.774522872641682625e-04 4.761722811963409185e-04 2.707425737753510475e-04 3.101012262050062418e-04 0.000000000000000000e+00 2.805020485538989305e-04 4.371192771941423416e-04 6.331923214020207524e-05 2.640103339217603207e-04 5.892761400900781155e-04 9.747949079610407352e-04
0.000000000000000000e+00 0.000000000000000000e+00 0.000000000000000000e+00 0.000000000000000000e+00 0.000000000000000000e+00 0.000000000000000000e+00 0.000000000000000000e+00 0.000000000000000000e+00 0.000000000000000000e+00 0.000000000000000000e+00 1.050300709903240204e-02
0.000000000000000000e+00 0.000000000000000000e+00 0.000000000000000000e+00 1.079388149082660675e-02 0.000000000000000000e+00 7.360538933426141739e-03 1.426248636562377214e-04 8.012271486222743988e-03 6.696986965835094452e-03 5.258397664874792099e-03 1.532192900776863098e-02
0.000000000000000000e+00 9.393867105245590210e-03 4.050079267472028732e-03 0.000000000000000000e+00 5.952211795374751091e-04 1.730126445181667805e-03 0.000000000000000000e+00 1.791495713405311108e-03 0.000000000000000000e+00 0.000000000000000000e+00 4.684675513999536633e-05
3.894648281857371330e-03 7.270900066941976547e-03 6.147208623588085175e-03 3.322769480291754007e-04 0.000000000000000000e+00 1.470605935901403427e-02 5.586708430200815201e-03 0.000000000000000000e+00 2.029493916779756546e-03 0.000000000000000000e+00 7.384429685771465302e-03
4.582121502608060837e-03 3.344064811244606972e-03 2.015794999897480011e-02 0.000000000000000000e+00 5.579758062958717346e-02 0.000000000000000000e+00 0.000000000000000000e+00 0.000000000000000000e+00 7.740670349448919296e-03 0.000000000000000000e+00 2.687638066709041595e-02
0.000000000000000000e+00 0.000000000000000000e+00 3.161275117236073129e-06 3.450917802183539607e-06 8.270924809039570391e-06 0.000000000000000000e+00 1.279243178942124359e-06 3.698229704696132103e-07 0.000000000000000000e+00 0.000000000000000000e+00 1.111571009460021742e-06
