0.000000000000000000e+00 0.000000000000000000e+00 8.748659165576100349e-04 0.000000000000000000e+00 0.000000000000000000e+00 0.000000000000000000e+00 2.117101103067398071e-03 4.339145030826330185e-03 4.708154883701354265e-04 0.000000000000000000e+00 0.000000000000000000e+00
1.541986013762652874e-03 0.000000000000000000e+00 0.000000000000000000e+00 4.202313139103353024e-04 0.000000000000000000e+00 0.000000000000000000e+00 1.430203556083142757e-03 6.651859148405492306e-04 0.000000000000000000e+00 0.000000000000000000e+00 6.687214481644332409e-04
0.000000000000000000e+00 1.169621478766202927e-02 1.002725563012063503e-03 1.929785474203526974e-03 0.000000000000000000e+00 7.888401858508586884e-03 3.118229564279317856e-03 0.000000000000000000e+00 9.951881133019924164e-03 3.037480171769857407e-03 0.000000000000000000e+00
7.592833135277032852e-03 0.000000000000000000e+00 1.936771674081683159e-03 2.557031577453017235e-03 0.000000000000000000e+00 0.000000000000000000e+00 0.000000000000000000e+00 6.237392663024365902e-04 9.223108179867267609e-03 8.674421347677707672e-03 0.000000000000000000e+00
0.000000000000000000e+00 0.000000000000000000e+00 8.920098480302840471e-05 9.680326184025034308e-05 0.000000000000000000e+00 2.326946014363784343e-05 1.363551109534455463e-05 4.499740680330432951e-05 0.000000000000000000e+00 2.054273209068924189e-04 4.981572274118661880e-04
0.000000000000000000e+00 0.000000000000000000e+00 0.000000000000000000e+00 0.000000000000000000e+00 0.000000000000000000e+00 0.000000000000000000e+00 0.000000000000000000e+00 0.000000000000000000e+00 0.000000000000000000e+00 0.000000000000000000e+00 0.000000000000000000e+00
5.220594815909862518e-03 1.076318789273500443e-03 0.000000000000000000e+00 1.121146953664720058e-03 0.000000000000000000e+00 3.437237348407506943e-03 0.000000000000000000e+00 1.117931772023439407e-02 4.495889879763126373e-03 0.000000000000000000e+00 4.375792574137449265e-03
0.000000000000000000e+00 0.000000000000000000e+00 0.000000000000000000e+00 0.000000000000000000e+00 5.068258848041296005e-03 0.000000000000000000e+00 0.000000000000000000e+00 0.000000000000000000e+00 1.351919840089976788e-03 0.000000000000000000e+00 0.000000000000000000e+00
3.902598749846220016e-03 0.000000000000000000e+00 0.000000000000000000e+00 0.000000000000000000e+00 0.000000000000000000e+00 0.000000000000000000e+00 6.849541328847408295e-03 0.000000000000000000e+00 0.000000000000000000e+00 0.000000000000000000e+00 4.173953086137771606e-03
7.424172013998031616e-03 7.575649651698768139e-04 2.688822802156209946e-03 0.000000000000000000e+00 2.791048586368560791e-02 2.527494914829730988e-03 0.000000000000000000e+00 0.000000000000000000e+00 1.093265879899263382e-02 2.476974623277783394e-03 1.222120691090822220e-02
0.000000000000000000e+00 3.317345317555009387e-06 5.453639914776431397e-06 6.135193189038545825e-07 8.152034752129111439e-06 0.000000000000000000e+00 1.281270698427761090e-07 3.603679715524776839e-06 0.000000000000000000e+00 7.322429382838890888e-07 0.000000000000000000e+00
