0.000000000000000000e+00 3.705784445628523827e-03 8.051068522036075592e-03 0.000000000000000000e+00 0.000000000000000000e+00 0.000000000000000000e+00 3.641155548393726349e-03 1.042994088493287563e-03 1.215476170182228088e-02 0.000000000000000000e+00 0.000000000000000000e+00
4.921636544167995453e-03 0.000000000000000000e+00 7.356246467679738998e-03 5.375395528972148895e-03 0.000000000000000000e+00 0.000000000000000000e+00 9.387630037963390350e-03 0.000000000000000000e+00 0.000000000000000000e+00 0.000000000000000000e+00 8.007011376321315765e-03
5.351292202249169350e-04 1.306468434631824493e-02 0.000000000000000000e+00 2.188538201153278351e-03 4.877201747149229050e-03 1.099785603582859039e-02 6.253900472074747086e-03 0.000000000000000000e+00 6.522121839225292206e-03 4.933911375701427460e-03 1.035690587013959885e-02
9.709270671010017395e-03 2.039782004430890083e-03 0.000000000000000000e+00 0.000000000000000000e+00 1.254368852823972702e-02 1.930309459567070007e-03 9.548579109832644463e-04 1.551830116659402847e-02 6.708818022161722183e-03 4.536936525255441666e-03 0.000000000000000000e+00
5.778055055998265743e-04 4.673102812375873327e-04 6.860766443423926830e-04 5.697035230696201324e-04 0.000000000000000000e+00 4.080044454894959927e-04 4.316261911299079657e-04 3.123118076473474503e-04 4.766166966874152422e-04 6.549326935783028603e-04 1.167307607829570770e-03
0.000000000000000000e+00 0.000000000000000000e+00 0.000000000000000000e+00 0.000000000000000000e+00 0.000000000000000000e+00 1.757785648806020617e-04 0.000000000000000000e+00 0.000000000000000000e+00 0.000000000000000000e+00 0.000000000000000000e+00 0.000000000000000000e+00
2.003114670515060425e-03 0.000000000000000000e+00 0.000000000000000000e+00 0.000000000000000000e+00 0.000000000000000000e+00 0.000000000000000000e+00 1.871408522129058838e-02 2.683096798136830330e-03 5.576157011091709137e-03 4.111140500754117966e-03 2.864285837858915329e-03
0.000000000000000000e+00 0.000000000000000000e+00 7.798624574206769466e-05 0.000000000000000000e+00 0.000000000000000000e+00 0.000000000000000000e+00 0.000000000000000000e+00 4.755067639052867889e-03 0.000000000000000000e+00 0.000000000000000000e+00 0.000000000000000000e+00
0.000000000000000000e+00 0.000000000000000000e+00 0.000000000000000000e+00 8.112516254186630249e-03 0.000000000000000000e+00 1.864711288362741470e-03 0.000000000000000000e+00 0.000000000000000000e+00 0.000000000000000000e+00 0.000000000000000000e+00 1.114082708954811096e-02
4.256841726601123810e-03 8.840609341859817505e-03 1.350059919059276581e-02 0.000000000000000000e+00 4.636760801076889038e-02 0.000000000000000000e+00 8.811046369373798370e-03 0.000000000000000000e+00 1.196118164807558060e-02 0.000000000000000000e+00 5.033975932747125626e-03
0.000000000000000000e+00 0.000000000000000000e+00 1.038379741657990962e-05 3.899397597706411034e-06 1.446661008230876178e-05 0.000000000000000000e+00 1.706570856185862795e-06 4.789514605363365263e-06 0.000000000000000000e+00 7.571192327304743230e-06 0.000000000000000000e+00
