0.000000000000000000e+00 1.101926900446414948e-02 8.104707114398479462e-03 0.000000000000000000e+00 0.000000000000000000e+00 0.000000000000000000e+00 1.468504313379526138e-02 1.313870549201965332e-01 0.000000000000000000e+00 0.000000000000000000e+00 0.000000000000000000e+00
3.076236844062805176e-01 0.000000000000000000e+00 7.714203558862209320e-03 1.136857178062200546e-02 9.153334796428680420e-02 8.598186075687408447e-02 3.002010099589824677e-02 4.074400290846824646e-02 1.824236096581444144e-04 1.829117536544799805e-01 1.699447780847549438e-01
3.645614953711628914e-03 7.146346569061279297e-02 1.661007292568683624e-02 5.902317818254232407e-03 0.000000000000000000e+00 1.249663718044757843e-02 2.832466550171375275e-02 0.000000000000000000e+00 0.000000000000000000e+00 9.716450423002243042e-02 3.253495320677757263e-03
1.059251930564641953e-02 2.540304064750671387e-01 0.000000000000000000e+00 0.000000000000000000e+00 0.000000000000000000e+00 4.830205067992210388e-02 2.850192412734031677e-02 1.969302445650100708e-01 1.148321405053138733e-01 2.738325297832489014e-02 0.000000000000000000e+00
4.595113568939268589e-05 1.031853491440415382e-03 3.368228499311953783e-04 1.009456347674131393e-03 0.000000000000000000e+00 5.269991233944892883e-04 5.638207658194005489e-04 7.550020818598568439e-04 8.757294854149222374e-04 1.595380017533898354e-03 2.400354249402880669e-03
0.000000000000000000e+00 0.000000000000000000e+00 0.000000000000000000e+00 0.000000000000000000e+00 0.000000000000000000e+00 0.000000000000000000e+00 0.000000000000000000e+00 0.000000000000000000e+00 0.000000000000000000e+00 0.000000000000000000e+00 0.000000000000000000e+00
3.655200451612472534e-02 1.285007223486900330e-03 0.000000000000000000e+00 1.096654236316680908e-01 2.590592717751860619e-03 2.947915717959403992e-02 3.692451398819684982e-03 3.338111937046051025e-02 5.145898833870887756e-02 1.090664044022560120e-01 1.364781800657510757e-02
0.000000000000000000e+00 1.939733773469924927e-01 1.402579843997955322e-01 0.000000000000000000e+00 4.303242638707160950e-02 8.005375415086746216e-02 4.825512412935495377e-03 1.951992884278297424e-02 9.925933554768562317e-03 1.117526888847351074e-01 0.000000000000000000e+00
5.126919969916343689e-02 9.675725363194942474e-03 4.613941907882690430e-02 1.886319965124130249e-01 0.000000000000000000e+00 4.214192032814025879e-01 1.863523572683334351e-01 4.753709770739078522e-03 3.547167778015136719e-02 2.771355509757995605e-01 5.118674039840698242e-01
5.295392125844955444e-03 6.404174026101827621e-03 1.338663324713706970e-02 0.000000000000000000e+00 2.166251689195632935e-01 1.160341873764991760e-02 0.000000000000000000e+00 0.000000000000000000e+00 7.750299759209156036e-03 0.000000000000000000e+00 2.443259954452514648e-02
0.000000000000000000e+00 1.551209720673796255e-06 5.449240779853425920e-05 1.784557207429315895e-05 6.365660374285653234e-05 0.000000000000000000e+00 2.516411041142418981e-05 4.563853872241452336e-05 0.000000000000000000e+00 4.250132769811898470e-05 0.000000000000000000e+00
