0.000000000000000000e+00 0.000000000000000000e+00 4.992320318706333637e-04 0.000000000000000000e+00 0.000000000000000000e+00 0.000000000000000000e+00 5.121053196489810944e-03 3.638528287410736084e-03 5.162637680768966675e-03 0.000000000000000000e+00 0.000000000000000000e+00
1.180735509842634201e-02 0.000000000000000000e+00 9.691792540252208710e-03 3.399155335500836372e-03 2.060306258499622345e-03 0.000000000000000000e+00 4.156489390879869461e-03 0.000000000000000000e+00 0.000000000000000000e+00 1.654359220992773771e-04 0.000000000000000000e+00
0.000000000000000000e+00 4.767707083374261856e-03 0.000000000000000000e+00 2.161913551390171051e-03 0.000000000000000000e+00 7.343851029872894287e-03 5.219832994043827057e-03 0.000000000000000000e+00 5.023960955440998077e-03 0.000000000000000000e+00 0.000000000000000000e+00
7.623669225722551346e-03 0.000000000000000000e+00 0.000000000000000000e+00 6.429016590118408203e-03 6.906464695930480957e-03 9.335706010460853577e-03 7.612892659381031990e-04 1.301011536270380020e-02 1.976234605535864830e-03 0.000000000000000000e+00 0.000000000000000000e+00
5.152385347173549235e-05 1.344490010524168611e-04 2.035141369560733438e-04 1.755285338731482625e-04 0.000000000000000000e+00 1.180433828267268836e-04 1.343626645393669605e-04 1.548752479720860720e-04 6.888859934406355023e-05 1.397511223331093788e-04 5.240492173470556736e-04
0.000000000000000000e+00 0.000000000000000000e+00 0.000000000000000000e+00 0.000000000000000000e+00 0.000000000000000000e+00 0.000000000000000000e+00 0.000000000000000000e+00 0.000000000000000000e+00 0.000000000000000000e+00 0.000000000000000000e+00 0.000000000000000000e+00
1.919535454362630844e-03 6.366096902638673782e-03 0.000000000000000000e+00 0.000000000000000000e+00 0.000000000000000000e+00 3.803496481850743294e-03 6.025530397891998291e-03 3.731685690581798553e-03 5.456822458654642105e-03 6.392077077180147171e-03 8.342581801116466522e-03
0.000000000000000000e+00 0.000000000000000000e+00 0.000000000000000000e+00 2.605909015983343124e-03 0.000000000000000000e+00 0.000000000000000000e+00 0.000000000000000000e+00 0.000000000000000000e+00 1.422969065606594086e-02 0.000000000000000000e+00 0.000000000000000000e+00
0.000000000000000000e+00 2.500707283616065979e-03 7.843571947887539864e-04 0.000000000000000000e+00 3.495080396533012390e-03 0.000000000000000000e+00 3.747643670067191124e-03 0.000000000000000000e+00 3.563826670870184898e-03 3.269412089139223099e-03 3.894937224686145782e-03
5.580925848335027695e-03 1.580474316142499447e-03 1.012839376926422119e-02 0.000000000000000000e+00 3.175689280033111572e-02 0.000000000000000000e+00 0.000000000000000000e+00 0.000000000000000000e+00 6.282695569097995758e-03 0.000000000000000000e+00 6.696330849081277847e-03
0.000000000000000000e+00 0.000000000000000000e+00 2.643609832375659607e-06 0.000000000000000000e+00 1.003241322905523703e-05 0.000000000000000000e+00 0.000000000000000000e+00 1.158555505753611214e-06 0.000000000000000000e+00 3.698339696711627766e-06 0.000000000000000000e+00
