0.000000000000000000e+00 0.000000000000000000e+00 1.153248944319784641e-03 0.000000000000000000e+00 0.000000000000000000e+00 0.000000000000000000e+00 2.353998832404613495e-03 2.932052593678236008e-03 1.220874371938407421e-03 0.000000000000000000e+00 0.000000000000000000e+00
1.778476289473474026e-03 0.000000000000000000e+00 1.431377837434411049e-03 1.402741065248847008e-03 0.000000000000000000e+00 0.000000000000000000e+00 2.031131880357861519e-03 0.000000000000000000e+00 0.000000000000000000e+00 0.000000000000000000e+00 7.942520314827561378e-04
0.000000000000000000e+00 1.934353786054998636e-04 3.312457702122628689e-04 1.162822823971509933e-03 0.000000000000000000e+00 1.062168623320758343e-03 0.000000000000000000e+00 0.000000000000000000e+00 1.046288176439702511e-03 2.047844696789979935e-03 0.000000000000000000e+00
4.294842015951871872e-03 5.372954183258116245e-04 0.000000000000000000e+00 1.739344297675415874e-04 0.000000000000000000e+00 0.000000000000000000e+00 0.000000000000000000e+00 7.379923772532492876e-05 2.630599075928330421e-03 1.925113145262002945e-03 0.000000000000000000e+00
7.244760490721091628e-05 1.233029033755883574e-04 1.539527438580989838e-04 1.935862237587571144e-04 0.000000000000000000e+00 1.281815202673897147e-04 1.689919299678876996e-04 6.273850885918363929e-05 1.341652969131246209e-04 1.996971550397574902e-04 5.925499717704951763e-04
0.000000000000000000e+00 0.000000000000000000e+00 2.636336488649249077e-03 0.000000000000000000e+00 0.000000000000000000e+00 1.117659360170364380e-02 5.195605917833745480e-04 0.000000000000000000e+00 0.000000000000000000e+00 2.209318568930029869e-03 1.599732041358947754e-02
7.543406100012362003e-04 1.279240241274237633e-03 0.000000000000000000e+00 2.940996084362268448e-03 5.471451440826058388e-04 2.220328897237777710e-03 8.344023954123258591e-04 2.656657947227358818e-03 2.325317123904824257e-03 7.242397405207157135e-04 0.000000000000000000e+00
0.000000000000000000e+00 2.193655236624181271e-04 0.000000000000000000e+00 0.000000000000000000e+00 1.768190064467489719e-03 0.000000000000000000e+00 0.000000000000000000e+00 0.000000000000000000e+00 6.436351104639470577e-04 0.000000000000000000e+00 0.000000000000000000e+00
0.000000000000000000e+00 1.120396773330867290e-03 0.000000000000000000e+00 1.334563130512833595e-04 0.000000000000000000e+00 0.000000000000000000e+00 3.324781544506549835e-03 0.000000000000000000e+00 6.059792358428239822e-04 1.335787237621843815e-03 4.690062487497925758e-04
1.322680967859923840e-03 9.038061252795159817e-04 2.199860522523522377e-03 0.000000000000000000e+00 9.414087980985641479e-03 0.000000000000000000e+00 0.000000000000000000e+00 0.000000000000000000e+00 6.262653507292270660e-03 0.000000000000000000e+00 4.775884095579385757e-03
0.000000000000000000e+00 0.000000000000000000e+00 1.130006603489164263e-05 1.273456859962607268e-06 1.534104194433894008e-05 0.000000000000000000e+00 1.816837539081461728e-06 8.971030183602124453e-06 0.000000000000000000e+00 6.377636509569128975e-06 0.000000000000000000e+00
