0.000000000000000000e+00 0.000000000000000000e+00 1.129517797380685806e-02 0.000000000000000000e+00 0.000000000000000000e+00 0.000000000000000000e+00 3.764443317777477205e-05 3.078279551118612289e-04 6.892737001180648804e-03 0.000000000000000000e+00 0.000000000000000000e+00
1.777431182563304901e-02 0.000000000000000000e+00 1.429382897913455963e-02 1.737915165722370148e-02 0.000000000000000000e+00 0.000000000000000000e+00 1.299562025815248489e-02 0.000000000000000000e+00 0.000000000000000000e+00 0.000000000000000000e+00 1.509495195932686329e-03
0.000000000000000000e+00 0.000000000000000000e+00 0.000000000000000000e+00 8.064377121627330780e-03 0.000000000000000000e+00 1.010398007929325104e-02 3.055801789741963148e-04 0.000000000000000000e+00 7.075733155943453312e-04 4.196599591523408890e-03 1.112724561244249344e-02
2.311604842543601990e-02 0.000000000000000000e+00 0.000000000000000000e+00 0.000000000000000000e+00 7.223308086395263672e-03 0.000000000000000000e+00 1.438310369849205017e-03 2.324203029274940491e-02 7.120307534933090210e-03 9.276441414840519428e-04 0.000000000000000000e+00
0.000000000000000000e+00 1.008647086564451456e-04 9.954514098353683949e-05 1.546975909150205553e-05 0.000000000000000000e+00 7.526663102908059955e-05 0.000000000000000000e+00 0.000000000000000000e+00 1.215648371726274490e-04 3.175886522512882948e-04 8.168139611370861530e-04
0.000000000000000000e+00 0.000000000000000000e+00 0.000000000000000000e+00 0.000000000000000000e+00 0.000000000000000000e+00 0.000000000000000000e+00 0.000000000000000000e+00 0.000000000000000000e+00 0.000000000000000000e+00 0.000000000000000000e+00 0.000000000000000000e+00
0.000000000000000000e+00 1.560318190604448318e-02 0.000000000000000000e+00 0.000000000000000000e+00 0.000000000000000000e+00 2.909867325797677040e-03 4.243554547429084778e-03 0.000000000000000000e+00 1.256788708269596100e-02 1.056756824254989624e-02 0.000000000000000000e+00
0.000000000000000000e+00 0.000000000000000000e+00 0.000000000000000000e+00 0.000000000000000000e+00 0.000000000000000000e+00 0.000000000000000000e+00 0.000000000000000000e+00 5.080283619463443756e-03 3.291163127869367599e-03 0.000000000000000000e+00 0.000000000000000000e+00
0.000000000000000000e+00 7.124564144760370255e-03 8.772928267717361450e-03 0.000000000000000000e+00 0.000000000000000000e+00 0.000000000000000000e+00 2.682683290913701057e-03 6.635106168687343597e-03 0.000000000000000000e+00 0.000000000000000000e+00 0.000000000000000000e+00
5.988988094031810760e-03 1.721298508346080780e-02 2.060568146407604218e-02 0.000000000000000000e+00 3.966178372502326965e-02 9.168065153062343597e-04 0.000000000000000000e+00 2.229942008852958679e-03 9.461017325520515442e-03 0.000000000000000000e+00 1.669778302311897278e-02
0.000000000000000000e+00 0.000000000000000000e+00 7.041889602987794206e-06 2.239133891634992324e-06 1.056669407262234017e-05 0.000000000000000000e+00 2.953530611193855293e-06 3.047086465812753886e-06 0.000000000000000000e+00 5.645707005896838382e-06 0.000000000000000000e+00
