0.000000000000000000e+00 0.000000000000000000e+00 0.000000000000000000e+00 0.000000000000000000e+00 0.000000000000000000e+00 0.000000000000000000e+00 0.000000000000000000e+00 2.176823792979121208e-03 4.549245815724134445e-03 0.000000000000000000e+00 0.000000000000000000e+00
8.205972611904144287e-03 0.000000000000000000e+00 1.535317022353410721e-02 1.088305190205574036e-02 1.578988158144056797e-03 0.000000000000000000e+00 5.904753692448139191e-03 6.342222448438405991e-03 3.098790999501943588e-03 0.000000000000000000e+00 0.000000000000000000e+00
0.000000000000000000e+00 9.382734075188636780e-03 1.187854539602994919e-02 3.582145087420940399e-03 0.000000000000000000e+00 1.838035508990287781e-02 1.782145001925528049e-03 0.000000000000000000e+00 1.346592791378498077e-03 4.909162409603595734e-03 4.973005503416061401e-03
5.987775977700948715e-03 0.000000000000000000e+00 0.000000000000000000e+00 9.703475981950759888e-03 9.029636159539222717e-03 0.000000000000000000e+00 0.000000000000000000e+00 7.646024692803621292e-03 0.000000000000000000e+00 3.648654557764530182e-03 0.000000000000000000e+00
6.981390470173209906e-05 2.511478087399154902e-04 1.009682964649982750e-04 2.294195146532729268e-04 0.000000000000000000e+00 2.359123463975265622e-04 0.000000000000000000e+00 4.103131868760101497e-05 0.000000000000000000e+00 1.819365133997052908e-04 7.731813821010291576e-04
0.000000000000000000e+00 0.000000000000000000e+00 0.000000000000000000e+00 0.000000000000000000e+00 0.000000000000000000e+00 5.971152568235993385e-04 0.000000000000000000e+00 0.000000000000000000e+00 0.000000000000000000e+00 0.000000000000000000e+00 0.000000000000000000e+00
1.237051002681255341e-02 8.925279835239052773e-04 7.125279516912996769e-04 0.000000000000000000e+00 0.000000000000000000e+00 1.352200470864772797e-02 1.218871865421533585e-02 6.171059329062700272e-03 1.079992949962615967e-02 9.130416437983512878e-03 3.407388459891080856e-03
0.000000000000000000e+00 5.998168489895761013e-04 2.379206707701086998e-03 0.000000000000000000e+00 0.000000000000000000e+00 0.000000000000000000e+00 1.111643039621412754e-03 0.000000000000000000e+00 1.228256057947874069e-02 9.357901872135698795e-04 0.000000000000000000e+00
0.000000000000000000e+00 5.354749970138072968e-03 0.000000000000000000e+00 0.000000000000000000e+00 0.000000000000000000e+00 0.000000000000000000e+00 5.321664270013570786e-03 5.775826517492532730e-03 1.117684645578265190e-03 1.388577977195382118e-03 8.167485357262194157e-04
3.564453450962901115e-03 1.974981976673007011e-03 4.712981171905994415e-03 0.000000000000000000e+00 3.613179177045822144e-02 7.880977354943752289e-03 3.280689008533954620e-03 0.000000000000000000e+00 1.623377669602632523e-03 0.000000000000000000e+00 2.499314257875084877e-03
0.000000000000000000e+00 0.000000000000000000e+00 6.445593498938251287e-06 0.000000000000000000e+00 1.161263116955524310e-05 0.000000000000000000e+00 2.359803374929470010e-06 7.652717613382264972e-06 0.000000000000000000e+00 5.563168542721541598e-06 0.000000000000000000e+00
