0.000000000000000000e+00 0.000000000000000000e+00 0.000000000000000000e+00 0.000000000000000000e+00 0.000000000000000000e+00 0.000000000000000000e+00 0.000000000000000000e+00 1.140999048948287964e-02 0.000000000000000000e+00 0.000000000000000000e+00 0.000000000000000000e+00
1.807646453380584717e-02 0.000000000000000000e+00 5.525484215468168259e-03 2.696357667446136475e-03 4.815896507352590561e-03 0.000000000000000000e+00 0.000000000000000000e+00 0.000000000000000000e+00 5.224388558417558670e-03 0.000000000000000000e+00 2.158343326300382614e-03
0.000000000000000000e+00 4.566824063658714294e-03 0.000000000000000000e+00 0.000000000000000000e+00 0.000000000000000000e+00 2.745412057265639305e-03 0.000000000000000000e+00 7.233020151033997536e-04 0.000000000000000000e+00 1.494548004120588303e-02 0.000000000000000000e+00
9.273848496377468109e-03 0.000000000000000000e+00 0.000000000000000000e+00 3.387598088011145592e-03 7.162405177950859070e-03 0.000000000000000000e+00 0.000000000000000000e+00 1.536086574196815491e-02 0.000000000000000000e+00 0.000000000000000000e+00 0.000000000000000000e+00
0.000000000000000000e+00 3.507525834720581770e-04 3.484607150312513113e-04 1.664930459810420871e-04 0.000000000000000000e+00 2.110178611474111676e-04 1.731854717945680022e-04 0.000000000000000000e+00 0.000000000000000000e+00 3.611786523833870888e-04 1.007590093649923801e-03
0.000000000000000000e+00 0.000000000000000000e+00 0.000000000000000000e+00 0.000000000000000000e+00 0.000000000000000000e+00 4.618898034095764160e-03 0.000000000000000000e+00 0.000000000000000000e+00 0.000000000000000000e+00 0.000000000000000000e+00 0.000000000000000000e+00
7.568326778709888458e-03 1.380009343847632408e-03 0.000000000000000000e+00 0.000000000000000000e+00 0.000000000000000000e+00 0.000000000000000000e+00 8.719161152839660645e-03 6.384895183145999908e-03 3.535250667482614517e-03 1.476829033344984055e-02 1.250895764678716660e-02
0.000000000000000000e+00 4.667890723794698715e-03 0.000000000000000000e+00 9.524934575892984867e-04 0.000000000000000000e+00 4.287851334083825350e-05 0.000000000000000000e+00 0.000000000000000000e+00 0.000000000000000000e+00 5.208412767387926579e-04 6.493519991636276245e-03
0.000000000000000000e+00 1.074805017560720444e-02 8.647440699860453606e-04 5.926801823079586029e-03 0.000000000000000000e+00 4.574891179800033569e-03 1.316062919795513153e-02 0.000000000000000000e+00 3.572785295546054840e-03 8.620848879218101501e-03 5.800037644803524017e-03
6.459080148488283157e-03 0.000000000000000000e+00 2.120112627744674683e-02 0.000000000000000000e+00 4.931172728538513184e-02 0.000000000000000000e+00 0.000000000000000000e+00 0.000000000000000000e+00 9.065338410437107086e-03 0.000000000000000000e+00 1.520365383476018906e-02
0.000000000000000000e+00 0.000000000000000000e+00 6.754430160071933642e-06 3.884841959234108799e-08 1.878604052762966603e-05 0.000000000000000000e+00 4.226379132887814194e-06 6.416363248717971146e-06 3.151179498672718182e-06 2.807770442814216949e-06 0.000000000000000000e+00
