0.000000000000000000e+00 0.000000000000000000e+00 2.809762489050626755e-03 0.000000000000000000e+00 0.000000000000000000e+00 0.000000000000000000e+00 0.000000000000000000e+00 8.849856443703174591e-03 1.104577586374944076e-05 0.000000000000000000e+00 0.000000000000000000e+00
1.514148153364658356e-02 0.000000000000000000e+00 5.888119805604219437e-03 3.278431016951799393e-03 0.000000000000000000e+00 0.000000000000000000e+00 8.213972672820091248e-03 0.000000000000000000e+00 0.000000000000000000e+00 4.277895670384168625e-03 1.314438995905220509e-03
0.000000000000000000e+00 9.107886813580989838e-03 1.892268774099647999e-03 0.000000000000000000e+00 0.000000000000000000e+00 4.782692529261112213e-03 2.840571803972125053e-03 0.000000000000000000e+00 9.874453768134117126e-03 8.801951073110103607e-03 2.356113400310277939e-03
3.905193647369742393e-03 0.000000000000000000e+00 0.000000000000000000e+00 0.000000000000000000e+00 5.348520819097757339e-03 1.024462981149554253e-03 0.000000000000000000e+00 9.832535870373249054e-03 8.227331563830375671e-04 0.000000000000000000e+00 0.000000000000000000e+00
0.000000000000000000e+00 0.000000000000000000e+00 0.000000000000000000e+00 2.146120823454111814e-05 0.000000000000000000e+00 0.000000000000000000e+00 0.000000000000000000e+00 0.000000000000000000e+00 0.000000000000000000e+00 8.425323903793469071e-05 1.374869170831516385e-04
0.000000000000000000e+00 0.000000000000000000e+00 0.000000000000000000e+00 0.000000000000000000e+00 0.000000000000000000e+00 4.015676677227020264e-05 0.000000000000000000e+00 0.000000000000000000e+00 0.000000000000000000e+00 0.000000000000000000e+00 0.000000000000000000e+00
6.861756555736064911e-03 5.922837182879447937e-03 0.000000000000000000e+00 2.679064171388745308e-03 0.000000000000000000e+00 2.930863993242383003e-03 9.190801531076431274e-03 9.635439142584800720e-03 6.159395445138216019e-03 1.581203378736972809e-02 1.006792113184928894e-02
0.000000000000000000e+00 0.000000000000000000e+00 0.000000000000000000e+00 6.632793520111590624e-05 2.957667922601103783e-03 1.346133649349212646e-04 0.000000000000000000e+00 0.000000000000000000e+00 6.588871125131845474e-03 0.000000000000000000e+00 3.618699498474597931e-03
0.000000000000000000e+00 0.000000000000000000e+00 0.000000000000000000e+00 0.000000000000000000e+00 8.620635606348514557e-03 0.000000000000000000e+00 1.227597426623106003e-02 8.246883517131209373e-04 0.000000000000000000e+00 4.120477009564638138e-03 6.817669607698917389e-03
1.244220044463872910e-02 2.971388457808643579e-04 7.251140195876359940e-04 0.000000000000000000e+00 3.752645850181579590e-02 0.000000000000000000e+00 0.000000000000000000e+00 0.000000000000000000e+00 6.209986750036478043e-03 0.000000000000000000e+00 5.203565582633018494e-03
0.000000000000000000e+00 7.269155730682541616e-07 3.491174766168114729e-06 1.332530700892675668e-06 3.984079739893786609e-06 0.000000000000000000e+00 1.801956500457890797e-06 7.145461609070480336e-07 1.101704810935189016e-06 1.323678020526131149e-06 0.000000000000000000e+00
