0.000000000000000000e+00 1.766435569152235985e-03 0.000000000000000000e+00 0.000000000000000000e+00 0.000000000000000000e+00 0.000000000000000000e+00 0.000000000000000000e+00 3.341876668855547905e-03 0.000000000000000000e+00 0.000000000000000000e+00 0.000000000000000000e+00
1.413110457360744476e-02 0.000000000000000000e+00 9.837652556598186493e-03 1.003473531454801559e-02 0.000000000000000000e+00 0.000000000000000000e+00 2.740824362263083458e-03 0.000000000000000000e+00 0.000000000000000000e+00 0.000000000000000000e+00 0.000000000000000000e+00
4.458199720829725266e-03 5.152910947799682617e-03 4.246351600158959627e-04 0.000000000000000000e+00 6.501663941890001297e-03 1.724114455282688141e-02 5.057190544903278351e-03 0.000000000000000000e+00 9.053329005837440491e-03 0.000000000000000000e+00 6.757817231118679047e-03
1.134881377220153809e-02 0.000000000000000000e+00 0.000000000000000000e+00 0.000000000000000000e+00 5.317572038620710373e-03 0.000000000000000000e+00 0.000000000000000000e+00 4.488772246986627579e-03 0.000000000000000000e+00 4.652520176023244858e-03 0.000000000000000000e+00
1.540401535748969764e-05 1.769742666510865092e-04 8.763900405028834939e-05 5.829587826156057417e-05 0.000000000000000000e+00 9.466017945669591427e-05 8.507112215738743544e-05 9.515011333860456944e-05 1.922520459629595280e-04 1.508347922936081886e-04 7.170902681536972523e-04
0.000000000000000000e+00 0.000000000000000000e+00 0.000000000000000000e+00 0.000000000000000000e+00 0.000000000000000000e+00 2.117574214935302734e-03 0.000000000000000000e+00 0.000000000000000000e+00 0.000000000000000000e+00 0.000000000000000000e+00 0.000000000000000000e+00
4.546931479126214981e-03 1.622595707885921001e-03 0.000000000000000000e+00 5.957566201686859131e-03 0.000000000000000000e+00 0.000000000000000000e+00 9.706461802124977112e-03 1.682944712229073048e-03 5.801599472761154175e-03 4.697176162153482437e-03 0.000000000000000000e+00
0.000000000000000000e+00 3.654059255495667458e-03 0.000000000000000000e+00 1.814274350181221962e-03 0.000000000000000000e+00 0.000000000000000000e+00 0.000000000000000000e+00 2.204275457188487053e-03 3.724959446117281914e-03 0.000000000000000000e+00 1.593604101799428463e-03
0.000000000000000000e+00 9.878728305920958519e-04 0.000000000000000000e+00 0.000000000000000000e+00 0.000000000000000000e+00 4.606411948770983145e-06 2.162224380299448967e-03 0.000000000000000000e+00 0.000000000000000000e+00 3.611181862652301788e-03 6.671310402452945709e-03
3.446572925895452499e-03 1.821733545511960983e-03 1.487499941140413284e-02 0.000000000000000000e+00 3.621511161327362061e-02 0.000000000000000000e+00 0.000000000000000000e+00 3.127117408439517021e-03 2.613055286929011345e-03 0.000000000000000000e+00 1.184700988233089447e-02
0.000000000000000000e+00 0.000000000000000000e+00 1.258264273928944021e-05 2.770123728623730130e-06 1.176507703348761424e-05 0.000000000000000000e+00 2.814888375723967329e-06 4.485055342229316011e-06 4.290367542125750333e-06 6.475015652540605515e-06 0.000000000000000000e+00
