0.000000000000000000e+00 1.000102441406250000e+04 6.281987304687500000e+02 0.000000000000000000e+00 0.000000000000000000e+00 0.000000000000000000e+00 1.268064257812500000e+04 1.088590087890625000e+03 3.629943847656250000e+01 3.829766464233398438e+01 0.000000000000000000e+00
2.086177539062500000e+04 0.000000000000000000e+00 4.104436111450195312e+01 5.394112500000000000e+04 9.555670022964477539e-01 6.454883813858032227e-01 3.696301171875000000e+04 2.112625122070312500e+00 5.271978378295898438e+01 1.970396875000000000e+04 7.577251464843750000e+03
9.302382659912109375e+01 4.876612304687500000e+03 7.455078125000000000e+00 1.332950592041015625e+01 2.039099112153053284e-03 6.197034667968750000e+03 1.864108520507812500e+03 9.863778352737426758e-01 5.631869140625000000e+03 1.842237854003906250e+02 8.705615997314453125e-02
1.172244506835937500e+03 2.410878753662109375e+01 3.018219709396362305e+00 7.121390533447265625e+01 4.506829071044921875e+01 1.803585510253906250e+02 1.768853393554687500e+03 4.799433593750000000e+03 3.402391845703125000e+03 1.963578125000000000e+03 2.053907470703125000e+02
8.296355605125427246e-01 5.034518718719482422e+00 3.709013462066650391e+00 1.636727571487426758e+00 0.000000000000000000e+00 1.111654877662658691e+00 4.879015445709228516e+00 2.878182888031005859e+00 3.473265409469604492e+00 7.376402854919433594e+00 1.513093280792236328e+01
0.000000000000000000e+00 0.000000000000000000e+00 0.000000000000000000e+00 0.000000000000000000e+00 0.000000000000000000e+00 0.000000000000000000e+00 0.000000000000000000e+00 0.000000000000000000e+00 0.000000000000000000e+00 0.000000000000000000e+00 0.000000000000000000e+00
1.543462792968750000e+04 1.031034960937500000e+04 1.300474703311920166e-01 8.488508789062500000e+03 3.351764648437500000e+03 5.043623924255371094e+00 9.740928653627634048e-04 1.117861328125000000e+02 8.147670410156250000e+03 8.979150390625000000e+01 3.315088623046875000e+03
1.077122330665588379e+00 1.180301761627197266e+01 2.699119186401367188e+01 4.871202087402343750e+01 9.384166717529296875e+01 1.775246429443359375e+01 3.726139831542968750e+01 7.644165527343750000e+03 1.640915771484375000e+03 5.190908908843994141e+00 1.579010677337646484e+01
0.000000000000000000e+00 1.940392913818359375e+02 1.777171875000000000e+04 3.838532714843750000e+03 9.450671195983886719e+00 1.699054931640625000e+03 1.299381408691406250e+02 1.202453422546386719e+01 8.978417205810546875e+01 6.644454101562500000e+03 9.428334960937500000e+03
0.000000000000000000e+00 0.000000000000000000e+00 0.000000000000000000e+00 0.000000000000000000e+00 2.272498130798339844e+01 0.000000000000000000e+00 0.000000000000000000e+00 0.000000000000000000e+00 0.000000000000000000e+00 0.000000000000000000e+00 0.000000000000000000e+00
0.000000000000000000e+00 1.300787273794412613e-02 1.190600320696830750e-01 1.394294388592243195e-02 2.242867648601531982e-01 1.074134559075901052e-08 2.418548427522182465e-02 2.884309552609920502e-02 0.000000000000000000e+00 9.329751878976821899e-02 1.061804214259609580e-04
