4.475041389465332031e+00 1.516300868988037109e+01 1.926753234863281250e+01 5.545868873596191406e+00 2.358742989599704742e-03 8.698963792994618416e-04 1.892988586425781250e+01 1.765685653686523438e+01 1.612023353576660156e+01 1.323042106628417969e+01 8.242771625518798828e-01
4.526266601562500000e+03 0.000000000000000000e+00 4.332396850585937500e+02 8.260999755859375000e+02 2.319458923339843750e+02 2.254813476562500000e+03 1.975805419921875000e+03 6.951847656250000000e+03 1.732989349365234375e+02 2.456123542785644531e+01 2.000714111328125000e+03
4.510075569152832031e+00 1.040586523437500000e+04 6.142556152343750000e+03 2.364073333740234375e+02 6.019481445312500000e+03 1.150081152343750000e+04 8.244981445312500000e+03 1.434542894363403320e+00 1.389272689819335938e+00 3.958218359375000000e+04 6.134670257568359375e+01
7.285343261718750000e+03 1.588056335449218750e+02 0.000000000000000000e+00 2.456549835205078125e+02 4.732346679687500000e+03 4.671045780181884766e+00 6.547106445312500000e+03 3.221381347656250000e+03 1.144958398437500000e+04 5.397178955078125000e+02 1.894088381959591061e-05
1.647524833679199219e+01 3.174057769775390625e+01 2.648674392700195312e+01 2.784807586669921875e+01 0.000000000000000000e+00 2.089840698242187500e+01 1.579921150207519531e+01 1.442030143737792969e+01 2.165887260437011719e+01 3.843727111816406250e+01 6.684973907470703125e+01
0.000000000000000000e+00 0.000000000000000000e+00 0.000000000000000000e+00 0.000000000000000000e+00 0.000000000000000000e+00 7.287912303581833839e-04 0.000000000000000000e+00 0.000000000000000000e+00 0.000000000000000000e+00 0.000000000000000000e+00 2.315277862548828125e+01
2.134771728515625000e+03 2.885715637207031250e+02 0.000000000000000000e+00 7.945156250000000000e+03 0.000000000000000000e+00 1.075365112304687500e+03 4.057006347656250000e+03 7.234093475341796875e+01 5.917223632812500000e+03 1.045249877929687500e+03 3.246276123046875000e+03
0.000000000000000000e+00 7.558653808593750000e+03 1.211516796875000000e+04 3.318245315551757812e+01 1.029360156250000000e+04 1.156008398437500000e+04 9.879968750000000000e+03 4.952239608764648438e+01 3.288218994140625000e+02 7.077885866165161133e-01 2.991775390625000000e+03
1.040755987167358398e+00 3.749391174316406250e+02 1.057692489624023438e+02 7.868230468750000000e+03 4.336141500971280038e-06 1.283317675781250000e+04 1.690707812500000000e+04 1.867435351562500000e+04 1.833647949218750000e+03 2.780398864746093750e+02 8.208920898437500000e+03
1.874033689498901367e+00 0.000000000000000000e+00 1.405613708496093750e+02 0.000000000000000000e+00 1.242264843750000000e+04 0.000000000000000000e+00 6.728734016418457031e+00 0.000000000000000000e+00 1.231425933837890625e+02 3.080094099044799805e+00 2.395614990234375000e+03
0.000000000000000000e+00 9.112361073493957520e-02 3.336784243583679199e-01 7.445828616619110107e-02 4.784840047359466553e-01 0.000000000000000000e+00 3.247267752885818481e-02 3.239184021949768066e-01 2.607186883687973022e-02 2.541630268096923828e-01 1.468773191959371616e-08
