6.276803970336914062e+00 6.914240264892578125e+01 7.136550903320312500e+01 1.767507553100585938e+01 2.685996514628641307e-05 2.378313569352030754e-03 8.076415252685546875e+01 8.283609008789062500e+01 6.969248962402343750e+01 6.038137054443359375e+01 1.432236385345458984e+01
3.092271875000000000e+04 0.000000000000000000e+00 3.936065917968750000e+03 2.109487890625000000e+04 4.495521484375000000e+03 1.168074340820312500e+03 3.917758178710937500e+01 0.000000000000000000e+00 1.374607226562500000e+04 1.201260852813720703e+01 2.456828125000000000e+04
4.061904907226562500e+02 1.983075805664062500e+03 3.979477844238281250e+02 1.235686132812500000e+04 4.192058715820312500e+02 5.829846679687500000e+03 4.919038281250000000e+04 1.132710449218750000e+03 2.822337646484375000e+02 1.379843847656250000e+04 6.513065917968750000e+03
7.408135742187500000e+03 1.815260314941406250e+01 1.809972534179687500e+02 6.910039062500000000e+03 1.209044726562500000e+04 2.340731201171875000e+02 6.200093261718750000e+03 2.063177978515625000e+03 2.395179101562500000e+04 9.214222656250000000e+03 1.287879333496093750e+02
3.907664489746093750e+01 8.674084472656250000e+01 3.171699905395507812e+01 5.851517105102539062e+01 1.699889617157168686e-05 3.597278213500976562e+01 4.795896911621093750e+01 4.103173065185546875e+01 2.842114830017089844e+01 7.464584350585937500e+01 1.172582397460937500e+02
0.000000000000000000e+00 0.000000000000000000e+00 0.000000000000000000e+00 0.000000000000000000e+00 0.000000000000000000e+00 1.292970991926267743e-04 0.000000000000000000e+00 0.000000000000000000e+00 0.000000000000000000e+00 0.000000000000000000e+00 5.686611175537109375e+01
1.265499218750000000e+04 2.430814743041992188e+01 1.134347229003906250e+02 2.658692382812500000e+03 1.051192932128906250e+02 4.600454589843750000e+03 3.752831054687500000e+03 8.615806274414062500e+02 2.845242968750000000e+04 1.509958300781250000e+04 2.373379150390625000e+03
0.000000000000000000e+00 1.196424609375000000e+04 1.415646386718750000e+04 1.959102734375000000e+04 9.060198242187500000e+03 1.285367871093750000e+04 9.301134033203125000e+02 1.273853320312500000e+04 2.740559814453125000e+03 3.075991210937500000e+02 1.552125195312500000e+04
3.351608276367187500e+00 2.740528564453125000e+03 2.412570898437500000e+04 2.763872070312500000e+02 6.391896022250875831e-05 3.407110937500000000e+04 1.492509765625000000e+03 6.852706146240234375e+01 5.184268593438901007e-05 2.230955123901367188e+01 1.349828906250000000e+04
0.000000000000000000e+00 0.000000000000000000e+00 0.000000000000000000e+00 0.000000000000000000e+00 2.071585235595703125e+02 0.000000000000000000e+00 0.000000000000000000e+00 0.000000000000000000e+00 0.000000000000000000e+00 0.000000000000000000e+00 5.156288971193134785e-04
0.000000000000000000e+00 6.775427609682083130e-03 3.768332600593566895e-01 0.000000000000000000e+00 6.148424744606018066e-01 0.000000000000000000e+00 9.930769010679796338e-05 2.724531292915344238e-01 1.793687943063559942e-06 1.448847800493240356e-01 2.774811163544654846e-02
