0.000000000000000000e+00 0.000000000000000000e+00 5.994123406708240509e-03 0.000000000000000000e+00 0.000000000000000000e+00 0.000000000000000000e+00 5.267794243991374969e-03 1.104838959872722626e-02 0.000000000000000000e+00 0.000000000000000000e+00 0.000000000000000000e+00
0.000000000000000000e+00 0.000000000000000000e+00 3.050822531804442406e-03 4.305549897253513336e-03 8.815339766442775726e-03 0.000000000000000000e+00 1.147361006587743759e-02 0.000000000000000000e+00 0.000000000000000000e+00 0.000000000000000000e+00 2.200756454840302467e-03
0.000000000000000000e+00 3.187172347679734230e-03 0.000000000000000000e+00 2.390995854511857033e-03 0.000000000000000000e+00 0.000000000000000000e+00 0.000000000000000000e+00 3.649011254310607910e-03 0.000000000000000000e+00 9.660598821938037872e-03 0.000000000000000000e+00
4.654651042073965073e-03 4.417610354721546173e-03 0.000000000000000000e+00 0.000000000000000000e+00 4.400704521685838699e-03 0.000000000000000000e+00 0.000000000000000000e+00 1.068096607923507690e-02 8.399445563554763794e-03 0.000000000000000000e+00 0.000000000000000000e+00
0.000000000000000000e+00 5.928142854827456176e-05 9.317240619566291571e-05 7.116892084013670683e-05 0.000000000000000000e+00 7.469693809980526567e-05 8.312189311254769564e-05 0.000000000000000000e+00 1.485866523580625653e-04 2.289717813255265355e-04 3.962385526392608881e-04
0.000000000000000000e+00 0.000000000000000000e+00 0.000000000000000000e+00 0.000000000000000000e+00 0.000000000000000000e+00 9.914519032463431358e-04 0.000000000000000000e+00 0.000000000000000000e+00 0.000000000000000000e+00 0.000000000000000000e+00 8.673617379884035472e-19
0.000000000000000000e+00 4.497322253882884979e-03 4.015119746327400208e-03 4.563894122838973999e-03 0.000000000000000000e+00 1.277144532650709152e-03 3.323669545352458954e-03 0.000000000000000000e+00 3.907976672053337097e-03 1.716093160212039948e-02 2.522857859730720520e-03
0.000000000000000000e+00 0.000000000000000000e+00 0.000000000000000000e+00 0.000000000000000000e+00 9.181589703075587749e-04 0.000000000000000000e+00 0.000000000000000000e+00 0.000000000000000000e+00 0.000000000000000000e+00 0.000000000000000000e+00 0.000000000000000000e+00
0.000000000000000000e+00 0.000000000000000000e+00 0.000000000000000000e+00 7.095435168594121933e-03 0.000000000000000000e+00 0.000000000000000000e+00 8.333572186529636383e-03 8.353522978723049164e-03 9.764772257767617702e-04 0.000000000000000000e+00 1.225287705892696977e-04
8.867217227816581726e-03 3.036113223060965538e-03 2.826929558068513870e-04 0.000000000000000000e+00 2.643932588398456573e-02 0.000000000000000000e+00 0.000000000000000000e+00 0.000000000000000000e+00 1.275933068245649338e-02 0.000000000000000000e+00 1.035045739263296127e-02
0.000000000000000000e+00 1.556834718030586373e-06 1.460103362660447601e-06 1.376190311930258758e-06 3.453573526712716557e-06 0.000000000000000000e+00 1.910925448100897484e-06 2.421331373625434935e-06 0.000000000000000000e+00 2.898543698393041268e-06 0.000000000000000000e+00
