0.000000000000000000e+00 4.574137500000000000e+04 2.821385937500000000e+04 0.000000000000000000e+00 0.000000000000000000e+00 0.000000000000000000e+00 9.884300000000000000e+04 5.109585937500000000e+04 2.802629394531250000e+02 6.203541406250000000e+04 0.000000000000000000e+00
2.665323046875000000e+04 0.000000000000000000e+00 4.708661499023437500e+02 2.954061328125000000e+04 9.987174224853515625e+01 4.761038124561309814e-01 4.421989440917968750e+01 1.420660209655761719e+01 2.049988403320312500e+02 1.841649536132812500e+03 1.151160839843750000e+04
5.113263244628906250e+02 1.179455995559692383e+00 6.528760528564453125e+01 7.187070312500000000e+03 9.152437746524810791e-02 1.433250195312500000e+04 3.023480273437500000e+04 5.534067382812500000e+02 1.841792578125000000e+04 6.467974609375000000e+03 1.702698516845703125e+01
4.555228906250000000e+04 0.000000000000000000e+00 1.036153659224510193e-01 2.420155468750000000e+04 5.911005859375000000e+02 2.559118359375000000e+04 2.578752539062500000e+04 2.954306835937500000e+04 9.005228515625000000e+03 1.138752832031250000e+04 2.919734765625000000e+04
6.667617797851562500e+00 3.290904760360717773e+00 1.640371322631835938e+00 3.089161396026611328e+00 0.000000000000000000e+00 4.146116733551025391e+00 6.560189247131347656e+00 5.071053504943847656e-01 7.714246511459350586e-01 6.059479713439941406e+00 4.374687194824218750e+01
0.000000000000000000e+00 0.000000000000000000e+00 0.000000000000000000e+00 0.000000000000000000e+00 0.000000000000000000e+00 0.000000000000000000e+00 0.000000000000000000e+00 0.000000000000000000e+00 0.000000000000000000e+00 0.000000000000000000e+00 5.217180854000247336e-15
1.157694433593750000e+04 2.887912500000000000e+04 1.816320037841796875e+01 4.483635546875000000e+04 1.027988828718662262e-02 9.396824240684509277e-02 6.643255615234375000e+01 3.243456012569367886e-04 2.275701141357421875e+02 6.666948852539062500e+02 4.034595703125000000e+04
4.433235526084899902e-02 6.502874023437500000e+03 1.211406640625000000e+04 6.786605072021484375e+01 6.647264404296875000e+02 2.598074951171875000e+03 1.570311279296875000e+02 1.640393750000000000e+04 7.993409179687500000e+03 8.720298767089843750e+01 2.787868041992187500e+02
2.627362869679927826e-02 1.958848632812500000e+03 7.692865722656250000e+03 8.675811767578125000e+02 4.891646575927734375e+01 5.471658203125000000e+03 8.296598632812500000e+03 5.361304931640625000e+02 6.969424438476562500e+02 2.956461425781250000e+03 1.010051147460937500e+03
0.000000000000000000e+00 0.000000000000000000e+00 0.000000000000000000e+00 0.000000000000000000e+00 5.728923034667968750e+01 0.000000000000000000e+00 0.000000000000000000e+00 0.000000000000000000e+00 0.000000000000000000e+00 0.000000000000000000e+00 1.961503439815714955e-04
0.000000000000000000e+00 1.022295001894235611e-02 1.466355919837951660e-01 6.121167928085924359e-08 4.176042377948760986e-01 0.000000000000000000e+00 4.429051186889410019e-03 2.212656140327453613e-01 3.283081539962040551e-08 9.884508699178695679e-02 6.349234240587975364e-07
