0.000000000000000000e+00 4.602926635742187500e+01 2.165921386718750000e+03 0.000000000000000000e+00 0.000000000000000000e+00 0.000000000000000000e+00 8.569019165039062500e+02 6.003775634765625000e+02 2.613827514648437500e+01 1.227483674883842468e-01 0.000000000000000000e+00
1.186031250000000000e+03 0.000000000000000000e+00 8.350767578125000000e+03 1.267524218750000000e+04 8.790781250000000000e+03 5.019117187500000000e+03 1.740583740234375000e+03 9.592636108398437500e+00 1.047415771484375000e+03 8.198261718750000000e+03 7.405498535156250000e+03
1.358493089675903320e+00 4.513129806518554688e+01 2.097056770324707031e+01 2.505457878112792969e+00 2.296978187561035156e+01 9.781202392578125000e+02 8.815598144531250000e+02 2.582748107910156250e+02 1.071321582794189453e+01 5.373915863037109375e+01 2.783827209472656250e+02
9.653259277343750000e+02 2.665952742099761963e-01 2.455424070358276367e+00 8.758875732421875000e+02 1.922876739501953125e+01 1.223894287109375000e+03 2.619270019531250000e+03 1.746824951171875000e+03 1.657716979980468750e+02 1.541295146942138672e+01 1.762595772743225098e-02
1.540628910064697266e+00 6.385191440582275391e+00 2.922101497650146484e+00 6.449993133544921875e+00 0.000000000000000000e+00 7.094028472900390625e+00 8.425207138061523438e+00 1.868829727172851562e+00 3.671561479568481445e+00 7.617410659790039062e+00 1.434825134277343750e+01
0.000000000000000000e+00 0.000000000000000000e+00 0.000000000000000000e+00 0.000000000000000000e+00 0.000000000000000000e+00 1.352770923404023051e-04 0.000000000000000000e+00 0.000000000000000000e+00 0.000000000000000000e+00 0.000000000000000000e+00 2.205267218835516019e-16
2.401676559448242188e+01 2.764057312011718750e+02 4.916542457067407668e-05 7.039359130859375000e+02 3.303278237581253052e-02 3.851635437011718750e+02 1.221485748291015625e+02 7.549158477783203125e+01 4.488121032714843750e+02 7.050331420898437500e+02 1.985049438476562500e+02
1.200379882812500000e+03 2.850979980468750000e+03 3.310904785156250000e+03 4.778624343872070312e+01 2.623299407958984375e+01 5.754533691406250000e+02 3.199259765625000000e+03 2.210586669921875000e+03 9.986209716796875000e+02 8.781141281127929688e+00 2.928004150390625000e+03
9.764716029167175293e-03 1.022036743164062500e+01 1.741119384765625000e+00 1.020939834415912628e-02 1.364396972656250000e+03 5.386923828125000000e+03 6.188812500000000000e+03 1.817331298828125000e+03 1.104736328125000000e+00 1.514903306087944657e-05 4.659149414062500000e+03
4.537859261035919189e-01 1.858635414464515634e-07 4.346025288105010986e-01 0.000000000000000000e+00 2.243222236633300781e+00 0.000000000000000000e+00 8.672459982335567474e-03 0.000000000000000000e+00 3.871687501668930054e-02 0.000000000000000000e+00 7.946036458015441895e-01
0.000000000000000000e+00 1.250823959708213806e-02 1.381457448005676270e-01 1.041184924542903900e-02 1.474760323762893677e-01 0.000000000000000000e+00 9.053543210029602051e-02 9.824391454458236694e-02 0.000000000000000000e+00 6.909723579883575439e-02 2.062548446701839566e-06
