0.000000000000000000e+00 1.186034525744616985e-03 4.723416641354560852e-03 0.000000000000000000e+00 0.000000000000000000e+00 0.000000000000000000e+00 4.029482137411832809e-03 8.231469430029392242e-03 7.759161759167909622e-03 1.982064917683601379e-03 0.000000000000000000e+00
8.187620900571346283e-03 0.000000000000000000e+00 4.720178840216249228e-04 0.000000000000000000e+00 0.000000000000000000e+00 0.000000000000000000e+00 1.438144943676888943e-03 0.000000000000000000e+00 0.000000000000000000e+00 0.000000000000000000e+00 1.295387628488242626e-03
6.602938519790768623e-04 1.317748799920082092e-03 0.000000000000000000e+00 9.624860249459743500e-04 0.000000000000000000e+00 0.000000000000000000e+00 3.927570302039384842e-03 0.000000000000000000e+00 0.000000000000000000e+00 1.870932173915207386e-03 0.000000000000000000e+00
5.884871352463960648e-03 0.000000000000000000e+00 0.000000000000000000e+00 6.559305824339389801e-03 1.072280295193195343e-02 1.096074352972209454e-03 0.000000000000000000e+00 5.443733185529708862e-03 3.670700360089540482e-03 0.000000000000000000e+00 0.000000000000000000e+00
2.112167276209220290e-04 2.466711739543825388e-04 1.820649777073413134e-04 3.679067885968834162e-04 0.000000000000000000e+00 3.074301348533481359e-04 1.188784808618947864e-04 0.000000000000000000e+00 0.000000000000000000e+00 2.062148123513907194e-04 7.065440877340734005e-04
0.000000000000000000e+00 0.000000000000000000e+00 0.000000000000000000e+00 0.000000000000000000e+00 0.000000000000000000e+00 0.000000000000000000e+00 0.000000000000000000e+00 0.000000000000000000e+00 0.000000000000000000e+00 0.000000000000000000e+00 0.000000000000000000e+00
5.097739864140748978e-03 4.650837276130914688e-03 0.000000000000000000e+00 0.000000000000000000e+00 0.000000000000000000e+00 4.277411848306655884e-03 7.970764301717281342e-03 0.000000000000000000e+00 0.000000000000000000e+00 4.753530491143465042e-03 1.436089165508747101e-02
0.000000000000000000e+00 0.000000000000000000e+00 1.665020594373345375e-03 0.000000000000000000e+00 4.061150364577770233e-03 0.000000000000000000e+00 0.000000000000000000e+00 0.000000000000000000e+00 4.404993262141942978e-03 6.298920197878032923e-05 0.000000000000000000e+00
0.000000000000000000e+00 1.062208204530179501e-03 0.000000000000000000e+00 0.000000000000000000e+00 0.000000000000000000e+00 0.000000000000000000e+00 1.017549261450767517e-02 1.453489647246897221e-03 1.952738966792821884e-03 3.795196535065770149e-04 6.399739999324083328e-03
0.000000000000000000e+00 1.692049088887870312e-03 0.000000000000000000e+00 0.000000000000000000e+00 3.693699091672897339e-02 3.373187209945172071e-04 0.000000000000000000e+00 0.000000000000000000e+00 7.590088993310928345e-03 0.000000000000000000e+00 1.142104621976613998e-02
0.000000000000000000e+00 0.000000000000000000e+00 4.472002274269470945e-06 0.000000000000000000e+00 8.832615094434004277e-06 0.000000000000000000e+00 2.699133574424195103e-06 3.014466756212641485e-06 0.000000000000000000e+00 4.824667030334239826e-06 0.000000000000000000e+00
