0.000000000000000000e+00 1.081729191355407238e-03 1.505841384641826153e-03 0.000000000000000000e+00 0.000000000000000000e+00 0.000000000000000000e+00 0.000000000000000000e+00 6.574674043804407120e-04 3.591268323361873627e-03 0.000000000000000000e+00 0.000000000000000000e+00
8.029628661461174488e-04 0.000000000000000000e+00 4.699888231698423624e-04 2.741000847890973091e-03 3.736071987077593803e-03 0.000000000000000000e+00 5.550994072109460831e-03 0.000000000000000000e+00 0.000000000000000000e+00 0.000000000000000000e+00 4.296915140002965927e-03
3.771716495975852013e-03 1.019468251615762711e-02 4.841028712689876556e-03 0.000000000000000000e+00 0.000000000000000000e+00 2.090556733310222626e-02 7.800523657351732254e-03 0.000000000000000000e+00 5.219679325819015503e-03 7.658305112272500992e-03 0.000000000000000000e+00
4.858793690800666809e-04 0.000000000000000000e+00 0.000000000000000000e+00 1.901662908494472504e-03 1.149545516818761826e-02 0.000000000000000000e+00 0.000000000000000000e+00 8.155707269906997681e-03 6.872730591567233205e-05 4.486455582082271576e-03 0.000000000000000000e+00
2.186275814892724156e-04 3.525397623889148235e-04 2.550274075474590063e-04 3.871355729643255472e-04 0.000000000000000000e+00 3.202943480573594570e-04 1.237364776898175478e-04 6.308134470600634813e-05 1.468772243242710829e-04 4.304719332139939070e-04 9.961837204173207283e-04
0.000000000000000000e+00 0.000000000000000000e+00 0.000000000000000000e+00 0.000000000000000000e+00 0.000000000000000000e+00 3.869757056236267090e-04 0.000000000000000000e+00 0.000000000000000000e+00 0.000000000000000000e+00 0.000000000000000000e+00 0.000000000000000000e+00
5.115907173603773117e-03 0.000000000000000000e+00 4.604532849043607712e-03 0.000000000000000000e+00 0.000000000000000000e+00 3.100474132224917412e-03 1.874687336385250092e-02 1.528324675746262074e-03 3.704273374751210213e-03 1.350178569555282593e-02 1.178872678428888321e-02
0.000000000000000000e+00 0.000000000000000000e+00 0.000000000000000000e+00 0.000000000000000000e+00 0.000000000000000000e+00 0.000000000000000000e+00 0.000000000000000000e+00 0.000000000000000000e+00 3.571229055523872375e-03 0.000000000000000000e+00 4.266071133315563202e-03
0.000000000000000000e+00 1.911282306537032127e-03 0.000000000000000000e+00 5.678237881511449814e-03 0.000000000000000000e+00 0.000000000000000000e+00 8.354792953468859196e-04 1.679710694588720798e-03 2.510358113795518875e-03 0.000000000000000000e+00 7.124186493456363678e-03
4.670423921197652817e-03 0.000000000000000000e+00 1.400279626250267029e-02 0.000000000000000000e+00 4.203103110194206238e-02 3.172682831063866615e-03 3.938863519579172134e-03 0.000000000000000000e+00 1.164553500711917877e-02 0.000000000000000000e+00 1.473517902195453644e-02
0.000000000000000000e+00 0.000000000000000000e+00 1.377574790240032598e-05 4.452380380826070905e-06 1.968897595361340791e-05 0.000000000000000000e+00 3.873062723869225010e-06 9.258197678718715906e-06 0.000000000000000000e+00 8.127200999297201633e-06 0.000000000000000000e+00
