0.000000000000000000e+00 0.000000000000000000e+00 2.638265490531921387e-03 0.000000000000000000e+00 0.000000000000000000e+00 0.000000000000000000e+00 2.202271949499845505e-03 3.838620614260435104e-03 2.528012730181217194e-03 0.000000000000000000e+00 0.000000000000000000e+00
1.443746313452720642e-02 0.000000000000000000e+00 1.130060013383626938e-02 6.782992859371006489e-04 0.000000000000000000e+00 0.000000000000000000e+00 4.135559778660535812e-03 0.000000000000000000e+00 9.747492149472236633e-04 0.000000000000000000e+00 8.502732271153945476e-06
4.743332043290138245e-03 1.621733652427792549e-03 0.000000000000000000e+00 0.000000000000000000e+00 0.000000000000000000e+00 0.000000000000000000e+00 2.843903610482811928e-03 0.000000000000000000e+00 6.078306585550308228e-03 6.645126733928918839e-03 3.416078863665461540e-03
1.162492018193006516e-02 0.000000000000000000e+00 0.000000000000000000e+00 9.703692980110645294e-03 7.493768353015184402e-03 2.223461167886853218e-03 1.242315396666526794e-03 8.795629255473613739e-03 0.000000000000000000e+00 0.000000000000000000e+00 9.049407672137022018e-04
2.235918873338960111e-05 3.776325684157200158e-05 1.165021894848905504e-04 7.026761886663734913e-05 0.000000000000000000e+00 6.514741107821464539e-05 3.924299744539894164e-05 4.465875463210977614e-05 0.000000000000000000e+00 7.100233779055997729e-05 3.342396521475166082e-04
0.000000000000000000e+00 0.000000000000000000e+00 0.000000000000000000e+00 0.000000000000000000e+00 0.000000000000000000e+00 4.997396841645240784e-03 0.000000000000000000e+00 0.000000000000000000e+00 0.000000000000000000e+00 0.000000000000000000e+00 0.000000000000000000e+00
5.728613585233688354e-03 1.602686825208365917e-03 0.000000000000000000e+00 2.849735552445054054e-03 0.000000000000000000e+00 2.195854438468813896e-03 1.786744454875588417e-03 8.989263325929641724e-03 2.139632124453783035e-03 7.663922850042581558e-03 6.719755940139293671e-03
0.000000000000000000e+00 0.000000000000000000e+00 1.899652765132486820e-03 4.014132078737020493e-03 2.162051387131214142e-03 0.000000000000000000e+00 0.000000000000000000e+00 0.000000000000000000e+00 9.742495603859424591e-03 0.000000000000000000e+00 0.000000000000000000e+00
0.000000000000000000e+00 2.832044847309589386e-03 4.645916167646646500e-03 1.732706587063148618e-04 8.161718025803565979e-03 0.000000000000000000e+00 1.347348210401833057e-03 0.000000000000000000e+00 0.000000000000000000e+00 3.802400548011064529e-03 8.626895956695079803e-03
5.875329487025737762e-03 3.244952065870165825e-03 1.426169741898775101e-02 0.000000000000000000e+00 3.040061146020889282e-02 0.000000000000000000e+00 0.000000000000000000e+00 0.000000000000000000e+00 1.062356308102607727e-02 0.000000000000000000e+00 8.319020271301269531e-03
0.000000000000000000e+00 2.784601349503645906e-07 3.416759000174351968e-06 3.935053030090784887e-07 5.187705028220079839e-06 0.000000000000000000e+00 1.902037752188334707e-06 1.578385422362771351e-06 1.296108393944450654e-06 3.202435436833184212e-06 0.000000000000000000e+00
