0.000000000000000000e+00 4.841628074645996094e-01 8.087116241455078125e+00 0.000000000000000000e+00 0.000000000000000000e+00 0.000000000000000000e+00 2.961274719238281250e+02 7.239452148437500000e+03 2.727410156250000000e+03 8.909218597412109375e+01 0.000000000000000000e+00
1.480055859375000000e+04 0.000000000000000000e+00 1.836577734375000000e+04 1.937247265625000000e+04 2.989047656250000000e+04 5.122650390625000000e+03 7.029892968750000000e+04 1.078696289062500000e+02 2.340719726562500000e+03 1.387884960937500000e+04 4.163373046875000000e+04
1.721490669250488281e+01 4.744678710937500000e+03 2.682552337646484375e-01 3.797939682006835938e+01 1.008952636718750000e+02 1.064690234375000000e+04 8.176946289062500000e+03 4.521994140625000000e+03 6.693101074218750000e+03 1.694579315185546875e+02 0.000000000000000000e+00
6.918470703125000000e+03 1.698281288146972656e+01 1.754506835937500000e+02 2.670800781250000000e+03 1.614802539062500000e+04 2.300252929687500000e+03 7.024381103515625000e+02 1.429040625000000000e+04 1.083978195190429688e+02 5.361238281250000000e+03 1.599737091064453125e+02
3.197466373443603516e+00 4.641908645629882812e+00 2.945714235305786133e+00 7.639892101287841797e-01 0.000000000000000000e+00 4.196679294109344482e-01 3.315703272819519043e-01 1.360501289367675781e+00 9.728816747665405273e-01 6.731601715087890625e+00 1.782198524475097656e+01
0.000000000000000000e+00 0.000000000000000000e+00 0.000000000000000000e+00 0.000000000000000000e+00 0.000000000000000000e+00 0.000000000000000000e+00 0.000000000000000000e+00 0.000000000000000000e+00 0.000000000000000000e+00 0.000000000000000000e+00 0.000000000000000000e+00
1.742767944335937500e+02 3.395738525390625000e+03 0.000000000000000000e+00 1.142084960937500000e+04 6.736836155596392928e-08 2.536799804687500000e+03 1.363539550781250000e+04 6.006186962127685547e+00 3.262881517410278320e+00 2.667577734375000000e+04 6.152222656250000000e+03
0.000000000000000000e+00 7.145855102539062500e+02 8.285194396972656250e+00 2.017154693603515625e-01 3.076766204833984375e+01 7.765727539062500000e+02 0.000000000000000000e+00 9.285828125000000000e+03 3.600046875000000000e+03 4.699261665344238281e+00 4.570397548377513885e-03
1.117386341094970703e+00 1.026910171508789062e+02 1.354544219970703125e+02 3.602264160156250000e+03 3.534154510498046875e+01 9.239826202392578125e+01 9.290088867187500000e+03 5.715299606323242188e+00 5.953381347656250000e+01 1.418185546875000000e+04 5.566477203369140625e+01
0.000000000000000000e+00 0.000000000000000000e+00 0.000000000000000000e+00 0.000000000000000000e+00 1.838871765136718750e+01 0.000000000000000000e+00 0.000000000000000000e+00 0.000000000000000000e+00 0.000000000000000000e+00 0.000000000000000000e+00 7.091475417837500572e-04
0.000000000000000000e+00 1.094477064907550812e-02 1.356920748949050903e-01 3.425892145969555713e-06 2.040880769491195679e-01 0.000000000000000000e+00 5.133380454935831949e-06 4.398249089717864990e-02 0.000000000000000000e+00 1.311537111178040504e-03 9.925059566739946604e-05
