0.000000000000000000e+00 3.282415771484375000e+01 7.180554199218750000e+02 0.000000000000000000e+00 0.000000000000000000e+00 0.000000000000000000e+00 3.864794311523437500e+02 1.068172070312500000e+04 1.450145874023437500e+02 3.066325683593750000e+02 0.000000000000000000e+00
1.574502343750000000e+04 5.398074520712725644e-08 1.658373828125000000e+04 9.454703521728515625e+01 9.037592315673828125e+01 6.168206787109375000e+01 1.060659255981445312e+02 3.777945786714553833e-02 8.278895507812500000e+03 5.487165069580078125e+01 5.681671905517578125e+01
1.791004760742187500e+03 2.119037933349609375e+02 3.765945196151733398e+00 1.456243066406250000e+04 2.208064347505569458e-01 5.596399414062500000e+03 1.541787719726562500e+02 5.132620117187500000e+03 1.891623535156250000e+02 1.017319921875000000e+04 1.840833496093750000e+03
1.674491699218750000e+03 0.000000000000000000e+00 0.000000000000000000e+00 5.303156661987304688e+01 1.728191680908203125e+02 3.809633636474609375e+01 3.689168457031250000e+03 4.545567871093750000e+03 1.545196289062500000e+03 2.786719360351562500e+02 9.028485717773437500e+02
5.640780329704284668e-01 2.045080661773681641e+00 1.315755605697631836e+00 1.383857250213623047e+00 3.455344085523393005e-06 9.561337232589721680e-01 1.709664344787597656e+00 8.598578162491321564e-03 1.669995784759521484e+00 2.711941957473754883e+00 1.507847118377685547e+01
0.000000000000000000e+00 0.000000000000000000e+00 0.000000000000000000e+00 0.000000000000000000e+00 0.000000000000000000e+00 5.724589573219418526e-05 0.000000000000000000e+00 0.000000000000000000e+00 0.000000000000000000e+00 0.000000000000000000e+00 9.523051236470791991e-10
5.803644531250000000e+03 3.028961486816406250e+02 0.000000000000000000e+00 2.392184570312500000e+03 1.456670314073562622e-01 2.095288783311843872e-02 2.747320861816406250e+02 0.000000000000000000e+00 5.438472900390625000e+02 2.987401855468750000e+03 1.164269726562500000e+04
0.000000000000000000e+00 4.714102539062500000e+03 7.601714355468750000e+03 0.000000000000000000e+00 1.632817625999450684e+00 1.036083007812500000e+03 4.880187034606933594e+00 2.744911193847656250e+02 1.403293945312500000e+04 1.425730133056640625e+01 0.000000000000000000e+00
0.000000000000000000e+00 3.220333984375000000e+03 1.047915527343750000e+04 3.380100708007812500e+02 3.347947311401367188e+01 2.017460174560546875e+02 8.235169921875000000e+03 1.315808258056640625e+02 5.462776565551757812e+01 2.715146789550781250e+02 1.196650543212890625e+02
0.000000000000000000e+00 0.000000000000000000e+00 0.000000000000000000e+00 0.000000000000000000e+00 1.965545654296875000e+01 0.000000000000000000e+00 0.000000000000000000e+00 0.000000000000000000e+00 0.000000000000000000e+00 0.000000000000000000e+00 0.000000000000000000e+00
0.000000000000000000e+00 2.134481037501245737e-04 7.718285173177719116e-02 9.413836523890495300e-03 1.928214728832244873e-01 0.000000000000000000e+00 6.359297782182693481e-03 3.260400146245956421e-02 5.500826984643936157e-03 6.207468733191490173e-02 5.903201483192788146e-08
