0.000000000000000000e+00 5.523693237304687500e+02 9.858984375000000000e+02 0.000000000000000000e+00 0.000000000000000000e+00 0.000000000000000000e+00 1.717211425781250000e+03 5.660225868225097656e+00 3.738796234130859375e+01 3.905839233398437500e+02 0.000000000000000000e+00
1.550226196289062500e+03 0.000000000000000000e+00 1.971906423568725586e-01 4.102001786231994629e-01 3.733792807906866074e-03 5.546306073665618896e-02 3.143724799156188965e-02 1.209521070122718811e-01 1.840983581542968750e+02 1.698839111328125000e+02 3.625162541866302490e-01
2.191902923583984375e+01 1.417777657508850098e+00 6.325465679168701172e+00 6.477354526519775391e+00 2.918742656707763672e+00 1.088723831176757812e+02 2.197486877441406250e+01 3.713006496429443359e+00 2.947179833427071571e-03 9.640089035034179688e+00 3.986789941787719727e+00
2.350553894042968750e+02 4.611760005354881287e-02 1.631088256835937500e-01 1.260084457397460938e+02 5.435387420654296875e+01 9.316261291503906250e+01 2.961759090423583984e+00 1.514629669189453125e+02 3.963608980178833008e+00 2.066595554351806641e+00 1.062299423217773438e+02
1.004325270652770996e+00 1.777782678604125977e+00 1.043832540512084961e+00 1.691746473312377930e+00 4.077203266206197441e-05 1.292940020561218262e+00 1.746632814407348633e+00 4.236744642257690430e-01 1.329514503479003906e+00 1.536430239677429199e+00 5.293251991271972656e+00
0.000000000000000000e+00 1.835738122463226318e-01 5.455040931701660156e-01 2.514409720897674561e-01 0.000000000000000000e+00 4.997449111938476562e+01 4.278569831512868404e-04 0.000000000000000000e+00 0.000000000000000000e+00 5.477434992790222168e-01 1.163200912475585938e+02
6.324249267578125000e+00 5.367445373535156250e+01 8.271466493606567383e-01 6.703791809082031250e+01 0.000000000000000000e+00 2.380246639251708984e+00 2.237479686737060547e+00 2.652507722377777100e-01 9.093960762023925781e+00 4.399351119995117188e+01 7.945521545410156250e+01
8.699589670868590474e-06 4.866892089843750000e+02 4.499832763671875000e+02 1.928989775478839874e-02 1.160999298095703125e+00 8.410901576280593872e-02 2.509647049009799957e-02 5.135941772460937500e+02 1.057520828247070312e+02 1.381735229492187500e+02 1.052526593208312988e+00
0.000000000000000000e+00 5.071817398071289062e+01 3.086478915065526962e-03 5.160284042358398438e+00 2.125926688313484192e-02 1.305242614746093750e+02 1.012378215789794922e+00 3.785550827160477638e-03 4.092046618461608887e-01 1.164777949452400208e-02 5.916574859619140625e+01
9.318962693214416504e-03 2.703208701859693974e-05 1.367070436477661133e+00 0.000000000000000000e+00 1.235009078979492188e+02 0.000000000000000000e+00 0.000000000000000000e+00 0.000000000000000000e+00 8.309522271156311035e-02 0.000000000000000000e+00 9.202530384063720703e-01
0.000000000000000000e+00 1.197907794266939163e-02 1.493004560470581055e-01 4.222035035490989685e-02 1.562277972698211670e-01 0.000000000000000000e+00 1.324370950460433960e-01 7.083187252283096313e-02 1.744931563735008240e-02 1.066462844610214233e-01 2.162536419928073883e-02
