0.000000000000000000e+00 6.068046204745769501e-04 0.000000000000000000e+00 0.000000000000000000e+00 0.000000000000000000e+00 0.000000000000000000e+00 3.377357206773012877e-04 8.961019106209278107e-03 7.874090224504470825e-03 0.000000000000000000e+00 0.000000000000000000e+00
8.561277762055397034e-03 0.000000000000000000e+00 0.000000000000000000e+00 2.816683147102594376e-03 0.000000000000000000e+00 0.000000000000000000e+00 4.541853442788124084e-03 0.000000000000000000e+00 0.000000000000000000e+00 0.000000000000000000e+00 0.000000000000000000e+00
0.000000000000000000e+00 5.157744511961936951e-03 0.000000000000000000e+00 0.000000000000000000e+00 5.128265358507633209e-03 7.964523509144783020e-03 5.754213314503431320e-03 9.516634163446724415e-04 0.000000000000000000e+00 2.413764363154768944e-03 0.000000000000000000e+00
1.179188117384910583e-02 0.000000000000000000e+00 0.000000000000000000e+00 0.000000000000000000e+00 4.374642390757799149e-03 7.341544260270893574e-04 2.164194127544760704e-03 3.706210060045123100e-03 4.260547459125518799e-03 0.000000000000000000e+00 0.000000000000000000e+00
1.780495804268866777e-04 2.336589241167530417e-04 1.674049271969124675e-04 1.772200921550393105e-04 0.000000000000000000e+00 1.399647007929161191e-04 1.935523469001054764e-04 0.000000000000000000e+00 2.018032682826742530e-04 1.722389279166236520e-04 4.911958822049200535e-04
0.000000000000000000e+00 0.000000000000000000e+00 0.000000000000000000e+00 0.000000000000000000e+00 0.000000000000000000e+00 0.000000000000000000e+00 0.000000000000000000e+00 0.000000000000000000e+00 0.000000000000000000e+00 0.000000000000000000e+00 1.913363812491297722e-04
7.290732115507125854e-03 9.432018734514713287e-03 0.000000000000000000e+00 9.879377670586109161e-03 0.000000000000000000e+00 0.000000000000000000e+00 3.232482355087995529e-03 3.054090077057480812e-03 0.000000000000000000e+00 2.603686880320310593e-03 6.630517076700925827e-03
0.000000000000000000e+00 1.298084389418363571e-02 0.000000000000000000e+00 0.000000000000000000e+00 0.000000000000000000e+00 0.000000000000000000e+00 2.284044399857521057e-03 0.000000000000000000e+00 0.000000000000000000e+00 0.000000000000000000e+00 1.603814416739623994e-05
0.000000000000000000e+00 0.000000000000000000e+00 0.000000000000000000e+00 7.417262066155672073e-03 0.000000000000000000e+00 7.638563867658376694e-03 2.652133349329233170e-03 0.000000000000000000e+00 0.000000000000000000e+00 4.088425543159246445e-03 2.627374138683080673e-03
8.720053359866142273e-03 5.994587671011686325e-03 8.292839862406253815e-03 0.000000000000000000e+00 3.915954381227493286e-02 0.000000000000000000e+00 0.000000000000000000e+00 0.000000000000000000e+00 1.058283820748329163e-02 5.450531374663114548e-03 9.336477145552635193e-03
0.000000000000000000e+00 1.930910912051331252e-06 5.181235792406369001e-06 2.514020025046193041e-06 3.907883183273952454e-06 0.000000000000000000e+00 3.612555929066729732e-06 1.283634901483310387e-06 1.113983216782798991e-06 3.203693722753087059e-06 5.929770168222603388e-07
