0.000000000000000000e+00 0.000000000000000000e+00 0.000000000000000000e+00 0.000000000000000000e+00 0.000000000000000000e+00 0.000000000000000000e+00 0.000000000000000000e+00 8.822735399007797241e-03 4.822665359824895859e-03 0.000000000000000000e+00 0.000000000000000000e+00
1.003087591379880905e-02 0.000000000000000000e+00 0.000000000000000000e+00 5.111427046358585358e-03 0.000000000000000000e+00 0.000000000000000000e+00 0.000000000000000000e+00 0.000000000000000000e+00 0.000000000000000000e+00 0.000000000000000000e+00 6.796394882258027792e-05
0.000000000000000000e+00 0.000000000000000000e+00 0.000000000000000000e+00 4.530280421022325754e-04 0.000000000000000000e+00 0.000000000000000000e+00 4.768626764416694641e-03 0.000000000000000000e+00 4.351986106485128403e-03 7.459717802703380585e-03 1.127941068261861801e-03
5.295943468809127808e-03 0.000000000000000000e+00 0.000000000000000000e+00 8.883553557097911835e-03 3.860408440232276917e-03 1.746784779243171215e-03 3.139619948342442513e-03 1.140558999031782150e-02 0.000000000000000000e+00 0.000000000000000000e+00 0.000000000000000000e+00
5.024746133130975068e-05 6.854595267213881016e-05 3.529246168909594417e-05 1.907213481899816543e-05 0.000000000000000000e+00 2.878046871046535671e-05 0.000000000000000000e+00 0.000000000000000000e+00 0.000000000000000000e+00 6.699626737827202305e-06 1.689744094619527459e-04
0.000000000000000000e+00 0.000000000000000000e+00 0.000000000000000000e+00 0.000000000000000000e+00 0.000000000000000000e+00 6.082186009734869003e-04 0.000000000000000000e+00 0.000000000000000000e+00 0.000000000000000000e+00 0.000000000000000000e+00 0.000000000000000000e+00
2.763519529253244400e-03 7.017597556114196777e-03 0.000000000000000000e+00 3.748230636119842529e-03 0.000000000000000000e+00 0.000000000000000000e+00 3.612558590248227119e-03 8.586611365899443626e-04 0.000000000000000000e+00 9.557468816637992859e-03 5.558004137128591537e-03
0.000000000000000000e+00 1.211773254908621311e-03 1.338699599727988243e-03 6.767728482373058796e-04 0.000000000000000000e+00 0.000000000000000000e+00 0.000000000000000000e+00 2.719952724874019623e-03 2.971553709357976913e-03 1.633310341276228428e-03 0.000000000000000000e+00
0.000000000000000000e+00 7.555376738309860229e-03 5.845322739332914352e-04 8.469828404486179352e-03 1.835275907069444656e-03 0.000000000000000000e+00 8.387907408177852631e-03 0.000000000000000000e+00 0.000000000000000000e+00 3.906192490831017494e-03 6.621045060455799103e-03
8.853546343743801117e-03 2.118804492056369781e-03 9.047239087522029877e-03 0.000000000000000000e+00 3.302448615431785583e-02 0.000000000000000000e+00 3.541692858561873436e-03 0.000000000000000000e+00 4.251482430845499039e-03 0.000000000000000000e+00 6.639124359935522079e-03
0.000000000000000000e+00 0.000000000000000000e+00 1.645600264055246953e-06 0.000000000000000000e+00 2.353918489461648278e-06 0.000000000000000000e+00 8.327826890308642760e-07 0.000000000000000000e+00 0.000000000000000000e+00 4.669763882247934816e-07 0.000000000000000000e+00
