0.000000000000000000e+00 0.000000000000000000e+00 0.000000000000000000e+00 0.000000000000000000e+00 0.000000000000000000e+00 0.000000000000000000e+00 0.000000000000000000e+00 0.000000000000000000e+00 0.000000000000000000e+00 0.000000000000000000e+00 0.000000000000000000e+00
1.388289593160152435e-02 0.000000000000000000e+00 1.103385817259550095e-02 5.476742517203092575e-04 5.967788863927125931e-03 0.000000000000000000e+00 0.000000000000000000e+00 4.059676080942153931e-03 2.548637567088007927e-03 0.000000000000000000e+00 0.000000000000000000e+00
0.000000000000000000e+00 3.898514667525887489e-03 1.754651544615626335e-03 6.093652918934822083e-03 0.000000000000000000e+00 3.001777920871973038e-03 9.830027818679809570e-03 0.000000000000000000e+00 0.000000000000000000e+00 4.944437649101018906e-03 7.846080698072910309e-03
5.395174026489257812e-03 1.007409155135974288e-04 0.000000000000000000e+00 0.000000000000000000e+00 9.455855004489421844e-03 2.701939083635807037e-04 4.620711784809827805e-03 1.482117362320423126e-02 0.000000000000000000e+00 0.000000000000000000e+00 0.000000000000000000e+00
0.000000000000000000e+00 5.704352224711328745e-05 1.726076297927647829e-04 2.635192358866333961e-04 0.000000000000000000e+00 9.691845480119809508e-05 1.468716363888233900e-04 2.277630410389974713e-04 1.651402853894978762e-04 3.831778012681752443e-04 8.868430159054696560e-04
0.000000000000000000e+00 0.000000000000000000e+00 0.000000000000000000e+00 0.000000000000000000e+00 0.000000000000000000e+00 1.137712970376014709e-03 0.000000000000000000e+00 0.000000000000000000e+00 0.000000000000000000e+00 0.000000000000000000e+00 0.000000000000000000e+00
1.005558855831623077e-02 2.090398687869310379e-03 0.000000000000000000e+00 4.848122596740722656e-03 0.000000000000000000e+00 5.799934267997741699e-03 2.905181143432855606e-03 1.049139257520437241e-02 4.667089320719242096e-03 7.706840988248586655e-03 6.584512069821357727e-03
0.000000000000000000e+00 6.093186791986227036e-03 0.000000000000000000e+00 0.000000000000000000e+00 0.000000000000000000e+00 0.000000000000000000e+00 5.169272422790527344e-03 4.114692565053701401e-03 9.626764804124832153e-03 0.000000000000000000e+00 0.000000000000000000e+00
0.000000000000000000e+00 0.000000000000000000e+00 0.000000000000000000e+00 0.000000000000000000e+00 0.000000000000000000e+00 0.000000000000000000e+00 4.419068805873394012e-03 0.000000000000000000e+00 2.887520240619778633e-03 0.000000000000000000e+00 8.366387919522821903e-04
0.000000000000000000e+00 0.000000000000000000e+00 1.857186853885650635e-02 0.000000000000000000e+00 4.476328194141387939e-02 7.305531296879053116e-03 4.259051755070686340e-03 0.000000000000000000e+00 2.459764713421463966e-03 0.000000000000000000e+00 1.153934374451637268e-02
0.000000000000000000e+00 0.000000000000000000e+00 1.105746378016192466e-05 1.135443471866892651e-05 2.866009344870690256e-05 0.000000000000000000e+00 8.649775736557785422e-06 3.956532509619137272e-06 2.809616432841721689e-07 9.936277820088434964e-06 0.000000000000000000e+00
