0.000000000000000000e+00 0.000000000000000000e+00 2.120852877851575613e-04 0.000000000000000000e+00 0.000000000000000000e+00 0.000000000000000000e+00 0.000000000000000000e+00 3.420799737796187401e-03 0.000000000000000000e+00 0.000000000000000000e+00 0.000000000000000000e+00
2.189452992752194405e-03 0.000000000000000000e+00 7.164797862060368061e-04 0.000000000000000000e+00 8.233333937823772430e-04 0.000000000000000000e+00 0.000000000000000000e+00 0.000000000000000000e+00 0.000000000000000000e+00 0.000000000000000000e+00 0.000000000000000000e+00
0.000000000000000000e+00 0.000000000000000000e+00 4.577734798658639193e-04 8.803613018244504929e-04 6.159509066492319107e-04 1.521705184131860733e-03 2.458558185026049614e-03 0.000000000000000000e+00 0.000000000000000000e+00 1.825521350838243961e-03 0.000000000000000000e+00
3.630358260124921799e-03 0.000000000000000000e+00 0.000000000000000000e+00 5.104405572637915611e-04 2.117285737767815590e-03 0.000000000000000000e+00 0.000000000000000000e+00 1.007381011731922626e-03 2.387983025982975960e-03 1.483836211264133453e-03 0.000000000000000000e+00
4.159292075200937688e-05 1.078281929949298501e-04 4.772259126184508204e-05 9.811635391088202596e-05 0.000000000000000000e+00 1.800153404474258423e-04 1.540626835776492953e-04 2.126544131897389889e-05 1.407090167049318552e-04 2.089787012664601207e-04 4.042155924253165722e-04
0.000000000000000000e+00 6.456116097979247570e-04 2.658077981323003769e-03 5.202894099056720734e-04 0.000000000000000000e+00 9.141025133430957794e-03 6.716678035445511341e-04 0.000000000000000000e+00 0.000000000000000000e+00 2.846005139872431755e-03 1.320740114897489548e-02
2.619208302348852158e-03 0.000000000000000000e+00 0.000000000000000000e+00 4.627323651220649481e-04 0.000000000000000000e+00 2.656858181580901146e-03 0.000000000000000000e+00 1.418683095835149288e-03 3.950094396714121103e-04 3.566562663763761520e-03 1.815115101635456085e-03
0.000000000000000000e+00 3.166663809679448605e-04 0.000000000000000000e+00 4.994216942577622831e-05 7.603688864037394524e-04 0.000000000000000000e+00 8.623272296972572803e-04 0.000000000000000000e+00 1.415151287801563740e-03 0.000000000000000000e+00 2.753918233793228865e-04
1.824045204557478428e-03 4.241934511810541153e-04 0.000000000000000000e+00 8.846350101521238685e-05 0.000000000000000000e+00 6.502534379251301289e-04 3.935673274099826813e-03 0.000000000000000000e+00 0.000000000000000000e+00 5.657102447003126144e-04 8.141553844325244427e-04
3.483416512608528137e-03 9.643968078307807446e-04 2.374259987846016884e-03 0.000000000000000000e+00 1.033207774162292480e-02 0.000000000000000000e+00 0.000000000000000000e+00 0.000000000000000000e+00 1.585109159350395203e-03 0.000000000000000000e+00 2.597527345642447472e-03
0.000000000000000000e+00 2.327908532606670633e-06 7.379867383860982955e-06 3.054802846236270852e-06 5.893962224945425987e-06 0.000000000000000000e+00 4.697278654930414632e-06 6.267288426897721365e-06 0.000000000000000000e+00 4.237737812218256295e-06 0.000000000000000000e+00
