0.000000000000000000e+00 0.000000000000000000e+00 1.312630996108055115e-02 0.000000000000000000e+00 0.000000000000000000e+00 0.000000000000000000e+00 5.293451249599456787e-03 1.716705970466136932e-03 2.674992661923170090e-03 0.000000000000000000e+00 0.000000000000000000e+00
1.533752214163541794e-02 0.000000000000000000e+00 1.372654642909765244e-02 9.185655042529106140e-03 2.271752571687102318e-03 0.000000000000000000e+00 0.000000000000000000e+00 0.000000000000000000e+00 0.000000000000000000e+00 0.000000000000000000e+00 3.407202661037445068e-03
3.540402278304100037e-03 2.070003654807806015e-03 9.927747305482625961e-04 8.787699043750762939e-03 5.216900724917650223e-03 0.000000000000000000e+00 1.158402487635612488e-02 0.000000000000000000e+00 4.691509995609521866e-03 1.072280947118997574e-02 0.000000000000000000e+00
1.687599532306194305e-02 6.029393058270215988e-03 0.000000000000000000e+00 0.000000000000000000e+00 8.497787639498710632e-03 1.255476730875670910e-03 2.113614231348037720e-03 1.016700640320777893e-02 0.000000000000000000e+00 0.000000000000000000e+00 0.000000000000000000e+00
1.171788608189672232e-04 9.416145621798932552e-05 4.139883967582136393e-04 0.000000000000000000e+00 0.000000000000000000e+00 0.000000000000000000e+00 0.000000000000000000e+00 6.246636621654033661e-05 0.000000000000000000e+00 4.376067081466317177e-04 9.804419241845607758e-04
0.000000000000000000e+00 0.000000000000000000e+00 0.000000000000000000e+00 0.000000000000000000e+00 0.000000000000000000e+00 3.712885081768035889e-04 0.000000000000000000e+00 0.000000000000000000e+00 0.000000000000000000e+00 0.000000000000000000e+00 0.000000000000000000e+00
0.000000000000000000e+00 1.106576155871152878e-02 0.000000000000000000e+00 0.000000000000000000e+00 0.000000000000000000e+00 0.000000000000000000e+00 8.029561489820480347e-03 2.900647697970271111e-03 0.000000000000000000e+00 1.033304841257631779e-03 0.000000000000000000e+00
0.000000000000000000e+00 0.000000000000000000e+00 1.560916309244930744e-03 0.000000000000000000e+00 0.000000000000000000e+00 0.000000000000000000e+00 0.000000000000000000e+00 4.257642664015293121e-03 4.475485999137163162e-03 0.000000000000000000e+00 0.000000000000000000e+00
0.000000000000000000e+00 4.486747551709413528e-03 5.101137794554233551e-03 1.685962430201470852e-03 0.000000000000000000e+00 0.000000000000000000e+00 6.898043677210807800e-03 0.000000000000000000e+00 0.000000000000000000e+00 0.000000000000000000e+00 5.514205899089574814e-03
0.000000000000000000e+00 0.000000000000000000e+00 1.351496577262878418e-02 0.000000000000000000e+00 4.390529170632362366e-02 0.000000000000000000e+00 3.052860731258988380e-03 4.887422081083059311e-03 2.017330937087535858e-02 0.000000000000000000e+00 1.530321221798658371e-02
0.000000000000000000e+00 0.000000000000000000e+00 6.062065949663519859e-06 8.257542845058196690e-07 1.164996137958951294e-05 0.000000000000000000e+00 1.188902274407155346e-06 4.552127848000964150e-06 0.000000000000000000e+00 4.244556293997447938e-06 0.000000000000000000e+00
