0.000000000000000000e+00 2.483268268406391144e-03 3.769470844417810440e-03 0.000000000000000000e+00 0.000000000000000000e+00 0.000000000000000000e+00 2.589212730526924133e-03 2.814113628119230270e-03 4.274090752005577087e-03 0.000000000000000000e+00 0.000000000000000000e+00
7.691523991525173187e-03 0.000000000000000000e+00 3.097502281889319420e-03 3.511767834424972534e-03 0.000000000000000000e+00 0.000000000000000000e+00 2.836112107615917921e-04 2.096580428769811988e-04 0.000000000000000000e+00 0.000000000000000000e+00 0.000000000000000000e+00
0.000000000000000000e+00 4.650930874049663544e-03 4.670302849262952805e-03 3.850796492770314217e-03 0.000000000000000000e+00 7.457045838236808777e-03 6.376903038471937180e-03 0.000000000000000000e+00 0.000000000000000000e+00 5.259215831756591797e-04 0.000000000000000000e+00
8.467989042401313782e-03 0.000000000000000000e+00 0.000000000000000000e+00 0.000000000000000000e+00 4.614697769284248352e-03 8.942852728068828583e-04 7.924029603600502014e-03 8.034034632146358490e-03 3.651112318038940430e-03 0.000000000000000000e+00 0.000000000000000000e+00
1.267171610379591584e-04 2.262215712107717991e-04 1.173697819467633963e-04 1.117931969929486513e-04 0.000000000000000000e+00 2.488046302460134029e-04 2.313717996003106236e-04 1.042670410242862999e-04 1.919800561154261231e-04 2.852386969607323408e-04 5.467989831231534481e-04
0.000000000000000000e+00 0.000000000000000000e+00 2.417067997157573700e-03 2.984950260724872351e-04 0.000000000000000000e+00 3.172056376934051514e-02 0.000000000000000000e+00 0.000000000000000000e+00 0.000000000000000000e+00 5.800372920930385590e-03 4.177440330386161804e-02
4.174479283392429352e-03 7.471541408449411392e-03 0.000000000000000000e+00 0.000000000000000000e+00 0.000000000000000000e+00 2.950846217572689056e-03 7.052263244986534119e-03 0.000000000000000000e+00 5.602614488452672958e-03 6.103269290179014206e-03 5.457236897200345993e-03
0.000000000000000000e+00 0.000000000000000000e+00 1.875674352049827576e-03 1.894724904559552670e-03 0.000000000000000000e+00 1.083801034837961197e-03 0.000000000000000000e+00 0.000000000000000000e+00 3.151148092001676559e-03 0.000000000000000000e+00 0.000000000000000000e+00
0.000000000000000000e+00 2.394028939306735992e-03 1.558146439492702484e-03 0.000000000000000000e+00 0.000000000000000000e+00 7.449203636497259140e-03 2.526444382965564728e-03 0.000000000000000000e+00 0.000000000000000000e+00 0.000000000000000000e+00 1.374454004690051079e-03
5.935267545282840729e-03 3.516540862619876862e-03 1.048817671835422516e-02 0.000000000000000000e+00 3.172450140118598938e-02 0.000000000000000000e+00 0.000000000000000000e+00 0.000000000000000000e+00 5.908077117055654526e-03 0.000000000000000000e+00 1.151595450937747955e-02
0.000000000000000000e+00 0.000000000000000000e+00 6.050314823369262740e-06 7.510403747801319696e-07 1.003258512355387211e-05 0.000000000000000000e+00 9.624008043829235248e-07 1.976414068849408068e-06 0.000000000000000000e+00 3.713594196597114205e-06 0.000000000000000000e+00
