0.000000000000000000e+00 0.000000000000000000e+00 0.000000000000000000e+00 0.000000000000000000e+00 0.000000000000000000e+00 0.000000000000000000e+00 1.172139495611190796e-02 0.000000000000000000e+00 0.000000000000000000e+00 0.000000000000000000e+00 0.000000000000000000e+00
0.000000000000000000e+00 0.000000000000000000e+00 1.725543988868594170e-03 0.000000000000000000e+00 0.000000000000000000e+00 3.600586671382188797e-03 0.000000000000000000e+00 0.000000000000000000e+00 0.000000000000000000e+00 0.000000000000000000e+00 0.000000000000000000e+00
0.000000000000000000e+00 7.198336999863386154e-03 9.651274303905665874e-04 7.345199119299650192e-03 0.000000000000000000e+00 4.494193010032176971e-03 5.751067306846380234e-03 0.000000000000000000e+00 0.000000000000000000e+00 7.341204676777124405e-03 0.000000000000000000e+00
1.484114560298621655e-03 0.000000000000000000e+00 0.000000000000000000e+00 0.000000000000000000e+00 0.000000000000000000e+00 6.618960760533809662e-03 0.000000000000000000e+00 4.611469339579343796e-03 9.318527765572071075e-03 2.915335353463888168e-03 0.000000000000000000e+00
0.000000000000000000e+00 2.028929739026352763e-04 1.178217789856716990e-04 1.176879595732316375e-04 0.000000000000000000e+00 0.000000000000000000e+00 2.111376525135710835e-04 1.415160513715818524e-04 0.000000000000000000e+00 8.554217492928728461e-05 3.916156711056828499e-04
0.000000000000000000e+00 0.000000000000000000e+00 0.000000000000000000e+00 0.000000000000000000e+00 0.000000000000000000e+00 0.000000000000000000e+00 0.000000000000000000e+00 0.000000000000000000e+00 0.000000000000000000e+00 0.000000000000000000e+00 4.964014980942010880e-03
5.150429904460906982e-03 0.000000000000000000e+00 0.000000000000000000e+00 4.746668040752410889e-03 0.000000000000000000e+00 3.003229387104511261e-03 0.000000000000000000e+00 0.000000000000000000e+00 7.515579927712678909e-03 1.476714736782014370e-03 3.760059829801321030e-03
0.000000000000000000e+00 3.513212781399488449e-03 0.000000000000000000e+00 0.000000000000000000e+00 4.510148428380489349e-03 4.222622374072670937e-04 0.000000000000000000e+00 1.030191546306014061e-03 0.000000000000000000e+00 0.000000000000000000e+00 7.215153309516608715e-04
0.000000000000000000e+00 4.206221550703048706e-03 6.117213983088731766e-03 2.546494361013174057e-04 0.000000000000000000e+00 7.863846840336918831e-04 3.387493779882788658e-03 0.000000000000000000e+00 7.302016951143741608e-03 0.000000000000000000e+00 1.171648735180497169e-03
0.000000000000000000e+00 0.000000000000000000e+00 1.686567068099975586e-02 0.000000000000000000e+00 4.209749028086662292e-02 2.623540349304676056e-03 3.110149176791310310e-03 0.000000000000000000e+00 7.843024097383022308e-03 2.466966398060321808e-03 1.405492704361677170e-02
0.000000000000000000e+00 0.000000000000000000e+00 5.268749191600363702e-06 6.883281002956209704e-07 7.874805305618792772e-06 0.000000000000000000e+00 3.310758756924769841e-06 2.941130787803558633e-06 0.000000000000000000e+00 1.619752424630860332e-06 0.000000000000000000e+00
