0.000000000000000000e+00 7.239259866764768958e-05 5.981836467981338501e-03 0.000000000000000000e+00 0.000000000000000000e+00 0.000000000000000000e+00 0.000000000000000000e+00 2.604976529255509377e-03 0.000000000000000000e+00 0.000000000000000000e+00 0.000000000000000000e+00
5.336707923561334610e-03 0.000000000000000000e+00 6.770443636924028397e-03 3.317195223644375801e-04 0.000000000000000000e+00 0.000000000000000000e+00 1.095458585768938065e-02 0.000000000000000000e+00 0.000000000000000000e+00 0.000000000000000000e+00 0.000000000000000000e+00
4.599404055625200272e-03 0.000000000000000000e+00 0.000000000000000000e+00 0.000000000000000000e+00 3.625955199822783470e-03 1.934832776896655560e-03 6.257722154259681702e-03 0.000000000000000000e+00 6.271770689636468887e-04 2.058049663901329041e-03 8.996732532978057861e-03
1.310318522155284882e-02 0.000000000000000000e+00 3.275219583883881569e-03 0.000000000000000000e+00 1.017823442816734314e-02 0.000000000000000000e+00 1.372855808585882187e-02 5.396629683673381805e-03 6.171526620164513588e-04 0.000000000000000000e+00 0.000000000000000000e+00
1.360318419756367803e-04 1.812405971577391028e-04 3.117333981208503246e-04 3.543660859577357769e-04 0.000000000000000000e+00 2.891287149395793676e-04 2.893209748435765505e-04 1.639615511521697044e-04 2.762794902082532644e-04 3.735738573595881462e-04 6.130337133072316647e-04
0.000000000000000000e+00 0.000000000000000000e+00 0.000000000000000000e+00 0.000000000000000000e+00 0.000000000000000000e+00 0.000000000000000000e+00 0.000000000000000000e+00 0.000000000000000000e+00 0.000000000000000000e+00 0.000000000000000000e+00 0.000000000000000000e+00
1.060419483110308647e-03 6.050322204828262329e-03 1.616414403542876244e-03 5.295046605169773102e-03 0.000000000000000000e+00 1.555764209479093552e-02 3.736100392416119576e-03 8.990629576146602631e-03 5.202008411288261414e-03 1.176622882485389709e-02 1.589111052453517914e-03
0.000000000000000000e+00 0.000000000000000000e+00 0.000000000000000000e+00 2.171451691538095474e-03 5.116872023791074753e-03 1.196233322843909264e-03 4.239628557115793228e-03 0.000000000000000000e+00 9.273902513086795807e-03 0.000000000000000000e+00 0.000000000000000000e+00
8.910634205676615238e-04 5.495556164532899857e-03 0.000000000000000000e+00 0.000000000000000000e+00 0.000000000000000000e+00 0.000000000000000000e+00 4.276736639440059662e-03 4.629808478057384491e-03 0.000000000000000000e+00 0.000000000000000000e+00 2.710079308599233627e-03
9.349370375275611877e-03 1.100171543657779694e-02 3.569644642993807793e-03 0.000000000000000000e+00 3.880706429481506348e-02 0.000000000000000000e+00 0.000000000000000000e+00 3.060967894271016121e-03 1.176090724766254425e-02 0.000000000000000000e+00 1.376373879611492157e-02
0.000000000000000000e+00 0.000000000000000000e+00 5.378552486945409328e-06 2.729766265474609099e-06 6.686899723717942834e-06 0.000000000000000000e+00 2.511560751372599043e-06 3.653396106528816745e-06 0.000000000000000000e+00 3.993687641923315823e-06 0.000000000000000000e+00
