0.000000000000000000e+00 4.026135429739952087e-03 0.000000000000000000e+00 0.000000000000000000e+00 0.000000000000000000e+00 0.000000000000000000e+00 4.053441341966390610e-03 5.144373048096895218e-03 4.550595476757735014e-04 0.000000000000000000e+00 0.000000000000000000e+00
1.458859723061323166e-02 0.000000000000000000e+00 1.068278797902166843e-03 3.171308198943734169e-03 0.000000000000000000e+00 0.000000000000000000e+00 2.958672819659113884e-03 0.000000000000000000e+00 0.000000000000000000e+00 0.000000000000000000e+00 4.846606403589248657e-03
0.000000000000000000e+00 1.885603764094412327e-03 0.000000000000000000e+00 6.231711711734533310e-03 8.032998070120811462e-03 1.468441681936383247e-03 3.872603410854935646e-03 0.000000000000000000e+00 1.044355053454637527e-02 9.719167836010456085e-03 0.000000000000000000e+00
7.382452487945556641e-03 0.000000000000000000e+00 0.000000000000000000e+00 0.000000000000000000e+00 0.000000000000000000e+00 0.000000000000000000e+00 6.707643042318522930e-04 5.959937814623117447e-03 5.041817203164100647e-03 7.203275337815284729e-03 0.000000000000000000e+00
0.000000000000000000e+00 1.442701759515330195e-04 2.739168703556060791e-04 3.310820102342404425e-05 0.000000000000000000e+00 3.117811284027993679e-04 1.535001210868358612e-04 5.251188849797472358e-05 2.111938665620982647e-04 3.728617157321423292e-04 7.706198957748711109e-04
0.000000000000000000e+00 0.000000000000000000e+00 0.000000000000000000e+00 0.000000000000000000e+00 0.000000000000000000e+00 5.294248461723327637e-03 0.000000000000000000e+00 0.000000000000000000e+00 0.000000000000000000e+00 0.000000000000000000e+00 0.000000000000000000e+00
1.464998256415128708e-02 4.147601313889026642e-03 0.000000000000000000e+00 4.564060363918542862e-03 0.000000000000000000e+00 0.000000000000000000e+00 0.000000000000000000e+00 7.259382866322994232e-03 0.000000000000000000e+00 0.000000000000000000e+00 3.181304084137082100e-03
0.000000000000000000e+00 0.000000000000000000e+00 8.583917515352368355e-04 2.500799484550952911e-03 1.161651653092121705e-05 0.000000000000000000e+00 0.000000000000000000e+00 0.000000000000000000e+00 5.380951333791017532e-03 0.000000000000000000e+00 1.308738021180033684e-03
0.000000000000000000e+00 9.648787672631442547e-04 1.339114853180944920e-03 0.000000000000000000e+00 0.000000000000000000e+00 0.000000000000000000e+00 6.953339092433452606e-03 0.000000000000000000e+00 0.000000000000000000e+00 9.277557022869586945e-03 1.078424276784062386e-03
1.333868689835071564e-02 9.204706177115440369e-03 9.953102096915245056e-03 0.000000000000000000e+00 2.910097129642963409e-02 4.093860276043415070e-03 0.000000000000000000e+00 0.000000000000000000e+00 5.124608054757118225e-03 0.000000000000000000e+00 8.314253762364387512e-03
0.000000000000000000e+00 2.830588755386997946e-06 4.733847617899300531e-06 3.361787150879536057e-07 1.605563556950073689e-05 0.000000000000000000e+00 7.476173209397529718e-07 4.093964889761991799e-06 5.004544618714135140e-07 3.881098109559388831e-06 0.000000000000000000e+00
