0.000000000000000000e+00 1.411548932082951069e-03 4.677315708249807358e-03 0.000000000000000000e+00 0.000000000000000000e+00 0.000000000000000000e+00 7.102086674422025681e-03 2.573529025539755821e-03 2.075631055049598217e-04 0.000000000000000000e+00 0.000000000000000000e+00
0.000000000000000000e+00 0.000000000000000000e+00 2.857522573322057724e-03 0.000000000000000000e+00 5.966339260339736938e-03 5.270960900816135108e-05 3.732810728251934052e-03 3.804687410593032837e-03 0.000000000000000000e+00 0.000000000000000000e+00 8.402160019613802433e-04
0.000000000000000000e+00 1.406055223196744919e-02 0.000000000000000000e+00 1.283394522033631802e-03 0.000000000000000000e+00 7.708482909947633743e-03 0.000000000000000000e+00 0.000000000000000000e+00 0.000000000000000000e+00 1.808419474400579929e-03 0.000000000000000000e+00
1.088519580662250519e-02 1.245938474312424660e-03 0.000000000000000000e+00 0.000000000000000000e+00 8.300127461552619934e-03 7.354403845965862274e-03 1.749917573761194944e-04 1.180303283035755157e-02 1.157201593741774559e-03 2.048478461802005768e-03 0.000000000000000000e+00
3.200468927389010787e-05 1.138247898779809475e-04 1.144544949056580663e-04 8.136663382174447179e-05 0.000000000000000000e+00 0.000000000000000000e+00 6.549697718583047390e-05 5.981680078548379242e-05 0.000000000000000000e+00 2.330441348021849990e-04 4.962894599884748459e-04
0.000000000000000000e+00 0.000000000000000000e+00 0.000000000000000000e+00 0.000000000000000000e+00 0.000000000000000000e+00 0.000000000000000000e+00 0.000000000000000000e+00 0.000000000000000000e+00 0.000000000000000000e+00 0.000000000000000000e+00 0.000000000000000000e+00
0.000000000000000000e+00 0.000000000000000000e+00 0.000000000000000000e+00 0.000000000000000000e+00 2.228984230896458030e-04 0.000000000000000000e+00 1.808333094231784344e-03 5.645513534545898438e-03 1.405655033886432648e-02 1.129409112036228180e-02 4.551194142550230026e-03
0.000000000000000000e+00 0.000000000000000000e+00 0.000000000000000000e+00 0.000000000000000000e+00 2.385122934356331825e-03 0.000000000000000000e+00 0.000000000000000000e+00 0.000000000000000000e+00 1.705783652141690254e-03 0.000000000000000000e+00 0.000000000000000000e+00
0.000000000000000000e+00 4.065484681632369757e-04 3.529917914420366287e-03 1.857062568888068199e-03 0.000000000000000000e+00 5.381088703870773315e-03 0.000000000000000000e+00 3.085702657699584961e-03 1.867128885351121426e-03 0.000000000000000000e+00 6.819250527769327164e-03
2.045270288363099098e-03 2.072826260700821877e-03 1.007115840911865234e-02 0.000000000000000000e+00 3.242578357458114624e-02 0.000000000000000000e+00 0.000000000000000000e+00 0.000000000000000000e+00 7.479770574718713760e-03 0.000000000000000000e+00 1.240261248312890530e-03
0.000000000000000000e+00 1.230897396453656256e-06 3.865952749038115144e-06 1.222416585733299144e-06 5.260410489427158609e-06 0.000000000000000000e+00 1.947907321664388292e-06 3.234033101762179285e-06 0.000000000000000000e+00 8.045134336498449557e-08 0.000000000000000000e+00
