1.694970880635082722e-03 8.975766599178314209e-03 8.250888437032699585e-03 1.778402132913470268e-03 0.000000000000000000e+00 1.649888290558010340e-04 7.769180927425622940e-03 9.795447811484336853e-03 7.120066322386264801e-03 4.680763930082321167e-03 2.443840639898553491e-05
1.435496368408203125e+02 0.000000000000000000e+00 1.770469307899475098e+00 1.704425513744354248e-01 1.155914962291717529e-01 5.665231496095657349e-03 6.434191894531250000e+01 5.799510702490806580e-02 1.010889511108398438e+02 0.000000000000000000e+00 0.000000000000000000e+00
5.697322636842727661e-02 1.743709564208984375e+02 1.212107391357421875e+02 2.647233581542968750e+01 1.126560568809509277e+00 1.861234664916992188e+01 1.876530200242996216e-01 1.155182272195816040e-01 1.863843083381652832e+00 1.210654144287109375e+02 6.781648993492126465e-01
3.506100463867187500e+01 2.576893043518066406e+01 1.273891925811767578e-01 8.953686803579330444e-02 1.951070547103881836e+00 6.008706055581569672e-03 1.704531478881835938e+01 9.584456443786621094e+00 1.207957983016967773e+00 4.956270568072795868e-03 0.000000000000000000e+00
6.202796101570129395e-02 9.784410893917083740e-02 7.785369455814361572e-02 1.052260249853134155e-01 0.000000000000000000e+00 1.117404848337173462e-01 8.771818131208419800e-02 4.919685795903205872e-02 1.084089726209640503e-01 1.368014216423034668e-01 2.549614906311035156e-01
0.000000000000000000e+00 1.340598464012145996e+00 1.599572539329528809e+00 1.497596859931945801e+00 7.667950540781021118e-02 3.324132919311523438e+00 1.611032843589782715e+00 1.489313960075378418e+00 1.354610681533813477e+00 2.073905229568481445e+00 3.868124246597290039e+00
3.694692611694335938e+01 1.413905262947082520e+00 1.282176733016967773e+00 8.781916618347167969e+00 0.000000000000000000e+00 8.938411712646484375e+00 1.661415815353393555e+00 3.559027194976806641e+00 3.340263664722442627e-01 4.265399456024169922e+00 4.841869175434112549e-01
0.000000000000000000e+00 1.250157623291015625e+02 6.560224914550781250e+01 1.190106013382319361e-05 8.564246892929077148e-01 2.868486328125000000e+02 1.094583868980407715e-01 2.744185167102841660e-06 6.013077497482299805e-01 4.363494383596844273e-07 8.963990258052945137e-04
1.385446472167968750e+02 1.068512201309204102e+00 1.451025676727294922e+01 6.776240825653076172e+00 0.000000000000000000e+00 6.723339843750000000e+01 1.702736816406250000e+02 2.419743835926055908e-01 1.003855722956359386e-03 1.233046352863311768e-01 5.396724939346313477e-01
1.020725220441818237e-01 4.070435170433484018e-05 1.190829556435346603e-03 0.000000000000000000e+00 3.789841532707214355e-01 0.000000000000000000e+00 0.000000000000000000e+00 0.000000000000000000e+00 9.031960507854819298e-04 0.000000000000000000e+00 8.915314450860023499e-03
0.000000000000000000e+00 2.760652569122612476e-04 1.531615736894309521e-03 4.992056346964091063e-05 2.266654511913657188e-03 0.000000000000000000e+00 4.504130920395255089e-04 1.560607459396123886e-03 5.843214239575900137e-06 1.686139265075325966e-03 0.000000000000000000e+00
