1.297366142272949219e+00 6.026576042175292969e+00 6.243813514709472656e+00 6.028157472610473633e-01 1.342206145636737347e-03 4.592897593975067139e-01 6.294606208801269531e+00 6.863069057464599609e+00 5.791612625122070312e+00 5.327050209045410156e+00 3.354498744010925293e-01
1.093690917968750000e+03 8.394337100980919786e-07 1.605503540039062500e+03 1.012810230255126953e+01 5.851608142256736755e-02 1.469451904296875000e+01 7.658854675292968750e+01 1.629981852602213621e-05 4.117503166198730469e+00 2.632668495178222656e+00 4.447889709472656250e+01
7.083793170750141144e-04 6.899987792968750000e+01 7.718840789794921875e+01 1.710326080322265625e+02 8.394000244140625000e+01 2.058321777343750000e+03 2.017423095703125000e+03 3.986824885942041874e-04 1.551194610595703125e+02 3.210906372070312500e+02 9.757243096828460693e-02
3.008343750000000000e+03 2.463675022125244141e+00 1.022135314941406250e+02 1.159613494873046875e+02 1.226590805053710938e+02 2.216912460327148438e+01 1.507881927490234375e+02 8.615386962890625000e+01 1.466235656738281250e+02 3.924062805175781250e+02 6.776274108886718750e+01
8.846808433532714844e+00 7.335238456726074219e+00 8.280604362487792969e+00 7.054351329803466797e+00 0.000000000000000000e+00 7.318151473999023438e+00 5.617567062377929688e+00 2.108323335647583008e+00 7.125158309936523438e+00 9.773156166076660156e+00 2.787767410278320312e+01
0.000000000000000000e+00 0.000000000000000000e+00 0.000000000000000000e+00 0.000000000000000000e+00 0.000000000000000000e+00 5.344422912597656250e+01 0.000000000000000000e+00 0.000000000000000000e+00 0.000000000000000000e+00 0.000000000000000000e+00 1.155834655761718750e+02
3.471229934692382812e+01 3.514830322265625000e+03 0.000000000000000000e+00 6.866174926757812500e+02 1.134000513047794811e-06 1.452044189453125000e+03 3.711230087280273438e+01 1.080046463012695312e+02 1.246298065185546875e+02 3.501329101562500000e+03 1.815313842773437500e+03
8.490261840820312500e+02 1.106391677856445312e+02 6.349653930664062500e+02 2.378073120117187500e+02 7.362414550781250000e+03 5.624304294586181641e+00 7.577387695312500000e+03 5.051062011718750000e+03 1.233935742187500000e+04 1.326212158203125000e+03 3.937119873046875000e+03
4.170412445068359375e+01 1.188989746093750000e+03 2.547576171875000000e+03 5.363746337890625000e+02 1.676602294921875000e+03 1.464387054443359375e+02 3.138979492187500000e+03 2.369677734375000000e+03 5.943023071289062500e+02 2.300785644531250000e+03 9.268745422363281250e+01
9.765855073928833008e-01 1.959277868270874023e+00 3.549602985382080078e+00 3.990994446212425828e-05 1.541416549682617188e+01 0.000000000000000000e+00 3.431271761655807495e-05 0.000000000000000000e+00 3.696185111999511719e+00 0.000000000000000000e+00 2.159423828125000000e+00
0.000000000000000000e+00 4.427252570167183876e-04 1.100236400961875916e-01 1.295575033873319626e-02 1.929789483547210693e-01 0.000000000000000000e+00 1.330270245671272278e-02 1.110892593860626221e-01 3.084732405841350555e-02 7.430072128772735596e-02 0.000000000000000000e+00
