0.000000000000000000e+00 0.000000000000000000e+00 5.277404561638832092e-03 0.000000000000000000e+00 0.000000000000000000e+00 0.000000000000000000e+00 4.007715266197919846e-03 5.409022793173789978e-03 0.000000000000000000e+00 0.000000000000000000e+00 0.000000000000000000e+00
2.634094562381505966e-04 0.000000000000000000e+00 5.008788313716650009e-03 1.962290611118078232e-03 0.000000000000000000e+00 0.000000000000000000e+00 1.371640362776815891e-03 0.000000000000000000e+00 0.000000000000000000e+00 0.000000000000000000e+00 0.000000000000000000e+00
0.000000000000000000e+00 6.174555979669094086e-03 1.285660429857671261e-03 0.000000000000000000e+00 0.000000000000000000e+00 6.744666025042533875e-03 6.357869715429842472e-04 0.000000000000000000e+00 0.000000000000000000e+00 0.000000000000000000e+00 2.781823277473449707e-04
2.989141503348946571e-03 0.000000000000000000e+00 0.000000000000000000e+00 1.430486561730504036e-03 1.941163674928247929e-03 2.210984006524085999e-03 5.080992821604013443e-03 6.883670110255479813e-03 1.888998231152072549e-04 0.000000000000000000e+00 0.000000000000000000e+00
3.368335455888882279e-05 1.254612579941749573e-04 5.359916031011380255e-05 1.371493999613448977e-04 0.000000000000000000e+00 1.030447601806372404e-04 1.389291282976046205e-04 6.836026295786723495e-05 8.282164344564080238e-05 1.322640600847080350e-04 3.216901386622339487e-04
0.000000000000000000e+00 3.128861775621771812e-03 2.153939800336956978e-03 1.154980272985994816e-03 0.000000000000000000e+00 2.695386298000812531e-02 0.000000000000000000e+00 0.000000000000000000e+00 0.000000000000000000e+00 5.140093155205249786e-03 3.359703719615936279e-02
0.000000000000000000e+00 1.874991343356668949e-03 0.000000000000000000e+00 5.735357757657766342e-03 0.000000000000000000e+00 4.410372581332921982e-03 4.519852343946695328e-03 9.148583558271639049e-06 9.621046483516693115e-03 9.317814372479915619e-03 6.143141537904739380e-03
0.000000000000000000e+00 9.275716147385537624e-04 0.000000000000000000e+00 0.000000000000000000e+00 0.000000000000000000e+00 0.000000000000000000e+00 2.071288879960775375e-03 0.000000000000000000e+00 6.567125674337148666e-04 0.000000000000000000e+00 7.399672758765518665e-04
0.000000000000000000e+00 0.000000000000000000e+00 0.000000000000000000e+00 0.000000000000000000e+00 0.000000000000000000e+00 1.237143878825008869e-03 4.900523461401462555e-03 2.310322364792227745e-03 0.000000000000000000e+00 0.000000000000000000e+00 0.000000000000000000e+00
2.818134147673845291e-03 1.171381562016904354e-03 7.167618256062269211e-03 0.000000000000000000e+00 2.537954971194267273e-02 1.914776948979124427e-04 0.000000000000000000e+00 0.000000000000000000e+00 1.350689446553587914e-03 0.000000000000000000e+00 1.239966601133346558e-02
0.000000000000000000e+00 0.000000000000000000e+00 1.178870547846599948e-06 0.000000000000000000e+00 2.912269565058522858e-06 0.000000000000000000e+00 0.000000000000000000e+00 1.122612047765869647e-06 0.000000000000000000e+00 8.653873919683974236e-07 0.000000000000000000e+00
