0.000000000000000000e+00 0.000000000000000000e+00 3.020526841282844543e-03 0.000000000000000000e+00 0.000000000000000000e+00 0.000000000000000000e+00 1.278004515916109085e-02 4.052076488733291626e-03 5.814596079289913177e-03 0.000000000000000000e+00 0.000000000000000000e+00
3.388346172869205475e-03 0.000000000000000000e+00 1.393270958214998245e-02 2.493246458470821381e-03 0.000000000000000000e+00 5.682010669261217117e-03 0.000000000000000000e+00 0.000000000000000000e+00 0.000000000000000000e+00 0.000000000000000000e+00 0.000000000000000000e+00
0.000000000000000000e+00 8.998306468129158020e-03 8.752893656492233276e-03 6.775324232876300812e-03 0.000000000000000000e+00 3.724746406078338623e-03 3.344882279634475708e-03 0.000000000000000000e+00 0.000000000000000000e+00 7.455023471266031265e-03 0.000000000000000000e+00
9.516389109194278717e-03 0.000000000000000000e+00 1.898060581879690289e-04 0.000000000000000000e+00 1.214264542795717716e-03 1.220330223441123962e-02 9.418427012860774994e-03 5.807579495012760162e-03 6.755852140486240387e-03 3.161291126161813736e-03 0.000000000000000000e+00
1.752083699102513492e-05 2.067237073788419366e-04 3.127484524156898260e-05 1.032127693179063499e-04 0.000000000000000000e+00 4.409471512190066278e-05 1.687868934823200107e-04 1.009491606964729726e-04 2.925813350884709507e-05 1.510852307546883821e-04 3.269915468990802765e-04
0.000000000000000000e+00 0.000000000000000000e+00 0.000000000000000000e+00 0.000000000000000000e+00 0.000000000000000000e+00 0.000000000000000000e+00 0.000000000000000000e+00 0.000000000000000000e+00 0.000000000000000000e+00 0.000000000000000000e+00 6.137741729617118835e-03
0.000000000000000000e+00 4.397801531013101339e-04 0.000000000000000000e+00 2.410646062344312668e-03 0.000000000000000000e+00 4.984396975487470627e-03 7.849114015698432922e-03 4.357365425676107407e-03 3.559055738151073456e-03 0.000000000000000000e+00 3.327538724988698959e-03
0.000000000000000000e+00 0.000000000000000000e+00 0.000000000000000000e+00 0.000000000000000000e+00 0.000000000000000000e+00 0.000000000000000000e+00 0.000000000000000000e+00 0.000000000000000000e+00 5.016787443310022354e-03 0.000000000000000000e+00 0.000000000000000000e+00
0.000000000000000000e+00 7.129091769456863403e-03 5.721009802073240280e-03 9.521443396806716919e-03 0.000000000000000000e+00 4.715043120086193085e-03 2.450705505907535553e-03 0.000000000000000000e+00 8.129278197884559631e-03 0.000000000000000000e+00 4.034106619656085968e-03
9.258505888283252716e-04 0.000000000000000000e+00 1.075804885476827621e-02 7.279384299181401730e-04 3.343163430690765381e-02 0.000000000000000000e+00 3.797072451561689377e-03 0.000000000000000000e+00 1.041850075125694275e-02 0.000000000000000000e+00 1.221040356904268265e-02
0.000000000000000000e+00 0.000000000000000000e+00 1.669397875048161950e-06 8.725044722268648911e-07 2.619057340780273080e-06 0.000000000000000000e+00 4.138129838793247472e-07 4.058736919887451222e-07 0.000000000000000000e+00 4.208885115986049641e-07 0.000000000000000000e+00
