0.000000000000000000e+00 5.525023341178894043e-01 9.050741791725158691e-01 0.000000000000000000e+00 0.000000000000000000e+00 0.000000000000000000e+00 4.352437973022460938e+00 1.614605224609375000e+03 3.494147062301635742e-01 0.000000000000000000e+00 0.000000000000000000e+00
4.054458618164062500e+00 0.000000000000000000e+00 6.561323242187500000e+02 2.021169128417968750e+02 3.052464294433593750e+02 4.423136901855468750e+02 3.178094177246093750e+02 2.027363300323486328e+00 4.124447822570800781e+00 5.892143249511718750e+00 3.672415771484375000e+02
6.952357177734375000e+02 7.072687988281250000e+02 3.784026489257812500e+02 8.478357315063476562e+00 6.139344215393066406e+00 1.452990722656250000e+03 8.784830322265625000e+02 9.123476028442382812e+00 1.183071044921875000e+03 1.144071655273437500e+03 5.537031250000000000e+02
2.029215240478515625e+01 7.390315532684326172e+00 2.677089720964431763e-02 1.360774230957031250e+02 4.083635864257812500e+02 2.929452514648437500e+02 7.061219692230224609e+00 1.465951080322265625e+02 3.576535731554031372e-02 1.758983459472656250e+02 1.979198455810546875e+00
5.171384196728467941e-03 1.202392131090164185e-01 1.064517349004745483e-02 1.989799886941909790e-01 0.000000000000000000e+00 1.802692711353302002e-01 3.719241321086883545e-01 1.106476318091154099e-02 2.839804813265800476e-02 6.204129457473754883e-01 9.342098832130432129e-01
0.000000000000000000e+00 0.000000000000000000e+00 0.000000000000000000e+00 0.000000000000000000e+00 0.000000000000000000e+00 0.000000000000000000e+00 0.000000000000000000e+00 0.000000000000000000e+00 0.000000000000000000e+00 0.000000000000000000e+00 0.000000000000000000e+00
1.331390953063964844e+01 1.245506048202514648e+00 0.000000000000000000e+00 2.141572723388671875e+02 0.000000000000000000e+00 6.727056884765625000e+01 9.747550201416015625e+01 4.748780822753906250e+01 2.330238647460937500e+02 3.358899841308593750e+02 1.634660530090332031e+01
0.000000000000000000e+00 1.145309638977050781e+01 8.110634613037109375e+01 9.530287570669315755e-06 3.682295227050781250e+02 4.850659370422363281e+00 1.207180738449096680e+00 2.830963134765625000e+02 3.475029296875000000e+02 8.814804255962371826e-03 7.496628761291503906e-01
2.636370435357093811e-02 1.487196655273437500e+02 9.522817611694335938e+00 3.593603610992431641e+00 1.787794036865234375e+02 1.587672328948974609e+01 6.529586791992187500e+01 8.221020507812500000e+01 3.700261840820312500e+02 1.012610549926757812e+02 7.676326751708984375e+00
0.000000000000000000e+00 0.000000000000000000e+00 0.000000000000000000e+00 0.000000000000000000e+00 1.947552299499511719e+01 0.000000000000000000e+00 0.000000000000000000e+00 0.000000000000000000e+00 0.000000000000000000e+00 0.000000000000000000e+00 1.033180728554725647e-01
0.000000000000000000e+00 1.788393594324588776e-03 1.098593231290578842e-02 2.816033083945512772e-04 9.875615127384662628e-03 0.000000000000000000e+00 8.085994049906730652e-03 8.182489313185214996e-03 1.639247406274080276e-03 8.410792797803878784e-03 5.423362017609179020e-05
