0.000000000000000000e+00 1.760073751211166382e-02 2.631905794143676758e+00 0.000000000000000000e+00 0.000000000000000000e+00 0.000000000000000000e+00 5.812329798936843872e-02 2.711740016937255859e+00 1.586430072784423828e+00 6.380490958690643311e-04 0.000000000000000000e+00
6.554147005081176758e-01 0.000000000000000000e+00 6.867636442184448242e-01 1.732167005538940430e-01 1.142604276537895203e-02 5.688102450221776962e-03 9.699560701847076416e-03 2.492175437510013580e-02 3.797495365142822266e-02 3.925277851521968842e-03 6.215202063322067261e-02
2.618111610412597656e+00 1.445334792137145996e+00 5.575472023338079453e-03 4.862823486328125000e+00 2.491107463836669922e+00 1.723649978637695312e+01 7.982459068298339844e+00 5.438836524263024330e-04 1.741102814674377441e+00 2.558105066418647766e-02 7.225172594189643860e-04
2.774559974670410156e+00 1.476022531278431416e-03 7.980620488524436951e-03 3.071589954197406769e-02 1.306219398975372314e-02 4.116808623075485229e-02 4.113414138555526733e-02 4.248438775539398193e-02 1.469917774200439453e+00 1.648102514445781708e-02 1.202400494366884232e-02
1.920153386890888214e-03 4.415352363139390945e-03 5.685932468622922897e-03 2.699900651350617409e-03 0.000000000000000000e+00 4.484657663851976395e-03 4.755835048854351044e-03 2.867580624297261238e-04 2.895550802350044250e-03 6.416311953216791153e-03 1.355795841664075851e-02
0.000000000000000000e+00 3.824705258011817932e-02 8.912964165210723877e-02 1.488884538412094116e-02 0.000000000000000000e+00 5.706695914268493652e-01 2.405700943199917674e-04 0.000000000000000000e+00 0.000000000000000000e+00 0.000000000000000000e+00 1.014976143836975098e+00
3.472422808408737183e-02 9.991758465766906738e-01 8.977848337963223457e-04 2.321372181177139282e-02 0.000000000000000000e+00 5.599312111735343933e-02 2.842940762639045715e-02 3.324700146913528442e-02 4.566049948334693909e-02 1.461307287216186523e+00 5.466004461050033569e-02
0.000000000000000000e+00 9.711647033691406250e-02 5.057168006896972656e-02 6.438682973384857178e-02 2.241135016083717346e-02 7.597777247428894043e-02 0.000000000000000000e+00 3.354426845908164978e-02 1.158368349075317383e+00 1.409278623759746552e-02 6.104769185185432434e-02
5.560712888836860657e-03 1.488666981458663940e-01 3.806191682815551758e-02 7.167824506759643555e-01 3.573148933355696499e-05 3.726284801959991455e-01 1.526662349700927734e+00 4.249293804168701172e-01 3.282429575920104980e-01 4.705379009246826172e-01 3.187864422798156738e-01
1.519251149147748947e-03 1.501101505709812045e-04 7.097059860825538635e-03 4.985686246072873473e-05 1.662825420498847961e-02 0.000000000000000000e+00 4.079593927599489689e-04 0.000000000000000000e+00 3.696598112583160400e-03 0.000000000000000000e+00 4.147300496697425842e-03
0.000000000000000000e+00 9.924166988639626652e-06 9.958932059817016125e-05 2.288740506628528237e-05 1.019411429297178984e-04 0.000000000000000000e+00 7.259790436364710331e-05 5.936043817200697958e-05 1.958747816388495266e-05 8.174388494808226824e-05 2.486498544840287650e-07
