0.000000000000000000e+00 1.987726194784045219e-03 1.491629634983837605e-03 0.000000000000000000e+00 0.000000000000000000e+00 0.000000000000000000e+00 1.320485863834619522e-02 6.011256016790866852e-03 0.000000000000000000e+00 0.000000000000000000e+00 0.000000000000000000e+00
5.880400072783231735e-03 0.000000000000000000e+00 1.695137098431587219e-02 0.000000000000000000e+00 0.000000000000000000e+00 2.107985783368349075e-03 0.000000000000000000e+00 0.000000000000000000e+00 6.422672420740127563e-03 0.000000000000000000e+00 0.000000000000000000e+00
0.000000000000000000e+00 0.000000000000000000e+00 2.181844320148229599e-03 1.001352444291114807e-02 0.000000000000000000e+00 9.955763816833496094e-04 2.090419875457882881e-03 0.000000000000000000e+00 0.000000000000000000e+00 6.124962121248245239e-03 0.000000000000000000e+00
4.281749948859214783e-03 3.150936681777238846e-04 2.069567563012242317e-03 6.210044957697391510e-03 6.448513828217983246e-03 3.796242643147706985e-03 5.557605065405368805e-03 4.409245681017637253e-03 0.000000000000000000e+00 4.079035017639398575e-03 0.000000000000000000e+00
3.521099279168993235e-04 4.814740968868136406e-04 2.810325240716338158e-04 2.156790142180398107e-04 0.000000000000000000e+00 3.514414711389690638e-04 3.673822502605617046e-04 3.841940197162330151e-04 3.833072260022163391e-04 5.489823524840176105e-04 9.573158458806574345e-04
0.000000000000000000e+00 0.000000000000000000e+00 0.000000000000000000e+00 0.000000000000000000e+00 0.000000000000000000e+00 0.000000000000000000e+00 0.000000000000000000e+00 0.000000000000000000e+00 0.000000000000000000e+00 0.000000000000000000e+00 3.868978470563888550e-03
8.837631903588771820e-03 0.000000000000000000e+00 0.000000000000000000e+00 6.029879208654165268e-03 0.000000000000000000e+00 5.400050431489944458e-03 0.000000000000000000e+00 9.497039020061492920e-03 6.983307655900716782e-03 0.000000000000000000e+00 1.622129115276038647e-03
0.000000000000000000e+00 1.358141098171472549e-02 1.836980518419295549e-04 0.000000000000000000e+00 0.000000000000000000e+00 0.000000000000000000e+00 3.577753435820341110e-03 1.607034238986670971e-03 6.309836637228727341e-03 0.000000000000000000e+00 0.000000000000000000e+00
6.880765315145254135e-03 0.000000000000000000e+00 2.300178864970803261e-03 0.000000000000000000e+00 0.000000000000000000e+00 2.430486638331785798e-04 1.689902693033218384e-02 0.000000000000000000e+00 3.053626976907253265e-03 0.000000000000000000e+00 0.000000000000000000e+00
6.629275623708963394e-03 0.000000000000000000e+00 8.518275804817676544e-03 1.937756547704339027e-03 4.162642359733581543e-02 0.000000000000000000e+00 0.000000000000000000e+00 0.000000000000000000e+00 4.920226987451314926e-03 0.000000000000000000e+00 1.406324096024036407e-02
0.000000000000000000e+00 0.000000000000000000e+00 2.822215037667774595e-06 0.000000000000000000e+00 7.744621143501717597e-06 0.000000000000000000e+00 0.000000000000000000e+00 5.504521595867117867e-06 0.000000000000000000e+00 0.000000000000000000e+00 0.000000000000000000e+00
