0.000000000000000000e+00 0.000000000000000000e+00 0.000000000000000000e+00 0.000000000000000000e+00 0.000000000000000000e+00 0.000000000000000000e+00 0.000000000000000000e+00 0.000000000000000000e+00 0.000000000000000000e+00 0.000000000000000000e+00 0.000000000000000000e+00
4.439667798578739166e-03 0.000000000000000000e+00 3.549241693690419197e-03 5.638888571411371231e-03 4.084016662091016769e-03 0.000000000000000000e+00 2.253012731671333313e-03 0.000000000000000000e+00 0.000000000000000000e+00 0.000000000000000000e+00 4.660931415855884552e-03
0.000000000000000000e+00 1.169329159893095493e-03 6.349312607198953629e-03 0.000000000000000000e+00 0.000000000000000000e+00 7.364022894762456417e-04 3.688306780532002449e-03 0.000000000000000000e+00 0.000000000000000000e+00 2.846006071195006371e-03 0.000000000000000000e+00
1.102901529520750046e-03 0.000000000000000000e+00 0.000000000000000000e+00 0.000000000000000000e+00 3.391431877389550209e-03 2.100359648466110229e-03 2.563177375122904778e-03 1.213392242789268494e-02 5.491280462592840195e-04 0.000000000000000000e+00 0.000000000000000000e+00
0.000000000000000000e+00 0.000000000000000000e+00 1.356680877506732941e-05 0.000000000000000000e+00 0.000000000000000000e+00 0.000000000000000000e+00 0.000000000000000000e+00 0.000000000000000000e+00 0.000000000000000000e+00 2.517586835892871022e-05 1.529853179818019271e-04
0.000000000000000000e+00 0.000000000000000000e+00 0.000000000000000000e+00 0.000000000000000000e+00 0.000000000000000000e+00 1.708362251520156860e-04 0.000000000000000000e+00 0.000000000000000000e+00 0.000000000000000000e+00 0.000000000000000000e+00 0.000000000000000000e+00
1.362796872854232788e-03 9.277649223804473877e-04 0.000000000000000000e+00 0.000000000000000000e+00 0.000000000000000000e+00 0.000000000000000000e+00 5.247727967798709869e-03 0.000000000000000000e+00 5.754569545388221741e-03 5.568375345319509506e-03 4.098585806787014008e-03
0.000000000000000000e+00 0.000000000000000000e+00 2.089258516207337379e-03 0.000000000000000000e+00 0.000000000000000000e+00 0.000000000000000000e+00 0.000000000000000000e+00 0.000000000000000000e+00 3.930712118744850159e-03 2.702896017581224442e-03 3.425957169383764267e-03
0.000000000000000000e+00 1.056997221894562244e-03 3.078385489061474800e-03 2.502914139768108726e-05 0.000000000000000000e+00 4.170366562902927399e-03 0.000000000000000000e+00 5.356305628083646297e-04 2.151166554540395737e-04 0.000000000000000000e+00 1.041359454393386841e-02
4.880690015852451324e-03 0.000000000000000000e+00 5.710057914257049561e-03 0.000000000000000000e+00 2.548439428210258484e-02 0.000000000000000000e+00 2.026729751378297806e-03 0.000000000000000000e+00 0.000000000000000000e+00 0.000000000000000000e+00 8.682000450789928436e-03
0.000000000000000000e+00 2.584975504760222975e-07 1.401795316269272007e-06 0.000000000000000000e+00 2.071570406769751571e-06 0.000000000000000000e+00 8.296667601825902238e-07 9.287794000556459650e-07 0.000000000000000000e+00 1.453254299121908844e-06 0.000000000000000000e+00
