0.000000000000000000e+00 2.858844352886080742e-03 0.000000000000000000e+00 0.000000000000000000e+00 0.000000000000000000e+00 0.000000000000000000e+00 3.547337371855974197e-03 1.143181230872869492e-02 1.166909188032150269e-02 0.000000000000000000e+00 0.000000000000000000e+00
1.219693454913794994e-03 0.000000000000000000e+00 7.695537526160478592e-03 4.803037270903587341e-03 5.415000952780246735e-03 0.000000000000000000e+00 2.261542016640305519e-03 0.000000000000000000e+00 5.458938176161609590e-05 0.000000000000000000e+00 1.684967312030494213e-03
0.000000000000000000e+00 3.937864676117897034e-03 0.000000000000000000e+00 2.655193442478775978e-03 0.000000000000000000e+00 1.411258615553379059e-02 3.751699347048997879e-03 7.234751712530851364e-03 0.000000000000000000e+00 7.156852167099714279e-03 0.000000000000000000e+00
1.417205296456813812e-02 0.000000000000000000e+00 0.000000000000000000e+00 8.611776866018772125e-03 7.787759881466627121e-03 2.680706791579723358e-03 0.000000000000000000e+00 0.000000000000000000e+00 0.000000000000000000e+00 0.000000000000000000e+00 0.000000000000000000e+00
1.646363671170547605e-05 2.150823420379310846e-04 1.925190881593152881e-04 9.998749737860634923e-05 0.000000000000000000e+00 6.516229041153565049e-05 9.960719762602820992e-05 3.249041071740066400e-07 7.621667464263737202e-05 2.309703704668208957e-04 5.464858259074389935e-04
0.000000000000000000e+00 0.000000000000000000e+00 0.000000000000000000e+00 0.000000000000000000e+00 0.000000000000000000e+00 0.000000000000000000e+00 0.000000000000000000e+00 0.000000000000000000e+00 0.000000000000000000e+00 0.000000000000000000e+00 7.761453744024038315e-04
4.059222992509603500e-03 2.894551260396838188e-03 0.000000000000000000e+00 0.000000000000000000e+00 5.814726464450359344e-03 0.000000000000000000e+00 3.330492880195379257e-03 3.145860042423009872e-03 7.624433375895023346e-03 5.278303753584623337e-03 3.031008527614176273e-04
0.000000000000000000e+00 1.011688821017742157e-02 9.674645261839032173e-04 0.000000000000000000e+00 0.000000000000000000e+00 0.000000000000000000e+00 0.000000000000000000e+00 9.160956367850303650e-03 0.000000000000000000e+00 0.000000000000000000e+00 6.164546357467770576e-04
0.000000000000000000e+00 4.543837159872055054e-03 0.000000000000000000e+00 2.937635639682412148e-03 0.000000000000000000e+00 4.224010277539491653e-03 7.834215648472309113e-03 0.000000000000000000e+00 1.145485136657953262e-02 0.000000000000000000e+00 1.701438159216195345e-04
0.000000000000000000e+00 4.821327747777104378e-04 1.816331408917903900e-02 0.000000000000000000e+00 3.438187763094902039e-02 8.344875648617744446e-03 0.000000000000000000e+00 0.000000000000000000e+00 8.524486795067787170e-03 0.000000000000000000e+00 1.851003034971654415e-03
0.000000000000000000e+00 0.000000000000000000e+00 1.497689936513779685e-06 0.000000000000000000e+00 5.885116024728631601e-06 0.000000000000000000e+00 0.000000000000000000e+00 2.671715492397197522e-06 0.000000000000000000e+00 7.439091405103681609e-07 0.000000000000000000e+00
