0.000000000000000000e+00 4.091397216796875000e+03 3.655803222656250000e+02 0.000000000000000000e+00 0.000000000000000000e+00 0.000000000000000000e+00 2.089108398437500000e+03 9.382048828125000000e+03 2.152799987792968750e+01 4.067853698730468750e+02 0.000000000000000000e+00
1.499743652343750000e+04 0.000000000000000000e+00 1.485928125000000000e+04 1.668538818359375000e+02 1.868244111537933350e-01 1.235914764404296875e+02 4.573331542968750000e+03 6.859260559082031250e+01 8.133909606933593750e+01 1.029358215332031250e+02 1.303789746093750000e+04
3.337166976928710938e+01 1.892779235839843750e+02 1.234124145507812500e+02 7.688352584838867188e+00 1.080976676940917969e+01 9.002181640625000000e+03 1.549000195312500000e+04 1.525795440673828125e+02 5.073765625000000000e+03 5.904484375000000000e+03 5.997212982177734375e+01
1.336933441162109375e+02 7.310515594482421875e+01 2.290651702880859375e+02 3.763475952148437500e+02 2.646902770996093750e+02 3.119562988281250000e+02 2.581258544921875000e+02 1.082489062500000000e+04 3.904472900390625000e+03 7.574299621582031250e+01 3.797853393554687500e+02
9.206094741821289062e+00 1.147207069396972656e+01 9.246705055236816406e+00 6.680424690246582031e+00 5.572245299845235422e-06 3.527450323104858398e+00 2.989132404327392578e+00 3.706394433975219727e+00 2.908201217651367188e+00 1.183975982666015625e+01 3.301701354980468750e+01
0.000000000000000000e+00 0.000000000000000000e+00 0.000000000000000000e+00 0.000000000000000000e+00 0.000000000000000000e+00 3.099470632150769234e-05 0.000000000000000000e+00 0.000000000000000000e+00 0.000000000000000000e+00 0.000000000000000000e+00 1.633882334317604546e-06
1.038536035156250000e+04 7.300034179687500000e+03 2.092095184326171875e+01 2.150098242187500000e+04 2.580220460891723633e+00 1.907295608520507812e+01 1.382604980468750000e+02 9.369562576466705650e-06 9.960716247558593750e+01 1.348160546875000000e+04 1.907560119628906250e+02
4.527608871459960938e+00 6.128201293945312500e+02 1.186000213623046875e+02 1.176617187500000000e+03 4.370041809082031250e+02 3.007683715820312500e+02 1.109150791168212891e+01 2.132375488281250000e+03 7.025824218750000000e+03 5.143301188945770264e-02 6.060753464698791504e-01
5.041774749755859375e+01 1.469054687500000000e+03 5.739446289062500000e+03 4.620271682739257812e+01 3.792487621307373047e+00 2.908068847656250000e+03 9.799736328125000000e+03 1.858121490478515625e+02 1.627201461791992188e+01 7.754584312438964844e+00 1.236978149414062500e+03
0.000000000000000000e+00 0.000000000000000000e+00 0.000000000000000000e+00 0.000000000000000000e+00 2.055446434020996094e+01 0.000000000000000000e+00 0.000000000000000000e+00 0.000000000000000000e+00 0.000000000000000000e+00 0.000000000000000000e+00 0.000000000000000000e+00
0.000000000000000000e+00 0.000000000000000000e+00 1.082613542675971985e-01 9.227695940694502497e-09 2.433564662933349609e-01 0.000000000000000000e+00 5.103208124637603760e-03 3.995924443006515503e-02 0.000000000000000000e+00 2.026624232530593872e-02 1.661561896071361843e-06
