0.000000000000000000e+00 3.731060773134231567e-03 1.214582193642854691e-02 0.000000000000000000e+00 0.000000000000000000e+00 0.000000000000000000e+00 2.895926358178257942e-03 1.116117089986801147e-02 0.000000000000000000e+00 0.000000000000000000e+00 0.000000000000000000e+00
1.318708714097738266e-02 0.000000000000000000e+00 0.000000000000000000e+00 4.856334533542394638e-03 0.000000000000000000e+00 0.000000000000000000e+00 5.666195414960384369e-03 6.138000637292861938e-03 2.562534529715776443e-03 0.000000000000000000e+00 1.172450953163206577e-03
3.444263478741049767e-03 1.151517685502767563e-02 1.564385136589407921e-03 1.479629077948629856e-03 0.000000000000000000e+00 5.690255202353000641e-03 0.000000000000000000e+00 0.000000000000000000e+00 0.000000000000000000e+00 7.946245372295379639e-03 0.000000000000000000e+00
4.592868499457836151e-03 1.226457417942583561e-03 0.000000000000000000e+00 0.000000000000000000e+00 0.000000000000000000e+00 2.899560844525694847e-03 3.160187974572181702e-03 1.198911108076572418e-02 2.045023953542113304e-03 0.000000000000000000e+00 0.000000000000000000e+00
1.768165384419262409e-04 5.503135616891086102e-04 2.971563371829688549e-04 6.043699686415493488e-04 0.000000000000000000e+00 5.139784771017730236e-04 1.452669093851000071e-04 2.863718509615864605e-05 1.386586809530854225e-04 9.906486375257372856e-04 1.510582515038549900e-03
0.000000000000000000e+00 0.000000000000000000e+00 0.000000000000000000e+00 0.000000000000000000e+00 0.000000000000000000e+00 0.000000000000000000e+00 0.000000000000000000e+00 0.000000000000000000e+00 0.000000000000000000e+00 0.000000000000000000e+00 0.000000000000000000e+00
7.781873922795057297e-03 1.107588177546858788e-03 0.000000000000000000e+00 0.000000000000000000e+00 0.000000000000000000e+00 0.000000000000000000e+00 0.000000000000000000e+00 0.000000000000000000e+00 2.690514549612998962e-03 6.059444975107908249e-03 1.952425460331141949e-03
0.000000000000000000e+00 4.742365330457687378e-03 3.850972861982882023e-04 0.000000000000000000e+00 0.000000000000000000e+00 0.000000000000000000e+00 0.000000000000000000e+00 0.000000000000000000e+00 3.296431386843323708e-03 0.000000000000000000e+00 4.779183305799961090e-03
0.000000000000000000e+00 0.000000000000000000e+00 2.041551284492015839e-03 0.000000000000000000e+00 0.000000000000000000e+00 4.992730682715773582e-04 1.001513563096523285e-03 1.975794555619359016e-03 0.000000000000000000e+00 2.483600983396172523e-03 5.777485668659210205e-03
3.585250582545995712e-03 6.645235233008861542e-03 4.976464435458183289e-03 0.000000000000000000e+00 3.583600372076034546e-02 8.286781609058380127e-03 8.288278477266430855e-04 0.000000000000000000e+00 3.181726438924670219e-03 0.000000000000000000e+00 7.631098851561546326e-03
0.000000000000000000e+00 0.000000000000000000e+00 1.250095647264970466e-05 7.239135356940096244e-06 2.031709118455182761e-05 0.000000000000000000e+00 7.256612661876715720e-06 8.304457878693938255e-06 0.000000000000000000e+00 1.011024323815945536e-05 0.000000000000000000e+00
