0.000000000000000000e+00 2.593012177385389805e-04 9.801881760358810425e-02 0.000000000000000000e+00 0.000000000000000000e+00 0.000000000000000000e+00 4.822794198989868164e-01 6.736106006428599358e-04 2.071611881256103516e-01 0.000000000000000000e+00 0.000000000000000000e+00
1.728396490216255188e-02 0.000000000000000000e+00 1.844715676270425320e-03 1.870359331369400024e-01 0.000000000000000000e+00 4.088317230343818665e-02 1.655142158269882202e-01 4.693030193448066711e-02 0.000000000000000000e+00 0.000000000000000000e+00 1.745333075523376465e-01
0.000000000000000000e+00 1.844744533300399780e-01 0.000000000000000000e+00 1.636839937418699265e-03 1.151675241999328136e-04 4.626685976982116699e-01 1.623078482225537300e-03 0.000000000000000000e+00 5.646676570177078247e-02 3.676825668662786484e-03 1.241617021150887012e-03
2.243723906576633453e-02 0.000000000000000000e+00 0.000000000000000000e+00 0.000000000000000000e+00 1.184584223665297031e-03 0.000000000000000000e+00 2.812927123159170151e-04 6.452243030071258545e-02 1.566919265314936638e-03 0.000000000000000000e+00 6.689990311861038208e-02
4.577263607643544674e-04 1.499084988608956337e-03 6.222940864972770214e-04 9.118388989008963108e-04 0.000000000000000000e+00 1.059937640093266964e-03 1.079237903468310833e-03 8.990523638203740120e-04 1.216607983224093914e-03 1.436685095541179180e-03 2.681075362488627434e-03
0.000000000000000000e+00 0.000000000000000000e+00 3.548629116266965866e-03 0.000000000000000000e+00 0.000000000000000000e+00 5.622412636876106262e-02 4.709124623332172632e-04 1.190751325339078903e-03 0.000000000000000000e+00 5.032840650528669357e-03 1.169601529836654663e-01
5.400071665644645691e-02 1.129843816161155701e-01 0.000000000000000000e+00 8.075941354036331177e-02 4.274044185876846313e-03 3.700923174619674683e-03 8.647739305160939693e-04 2.803656738251447678e-03 7.479350268840789795e-02 1.887224055826663971e-02 6.610476993955671787e-04
0.000000000000000000e+00 2.252392238005995750e-03 2.531665191054344177e-02 2.299509942531585693e-03 1.955024600028991699e-01 1.042575761675834656e-01 7.553175836801528931e-02 2.427417486906051636e-01 3.226191699504852295e-01 0.000000000000000000e+00 1.064518019556999207e-01
2.514731604605913162e-03 4.781177639961242676e-02 1.891081780195236206e-01 0.000000000000000000e+00 3.449358791112899780e-02 1.303651779890060425e-01 2.863834379240870476e-03 0.000000000000000000e+00 0.000000000000000000e+00 0.000000000000000000e+00 6.393160670995712280e-02
3.054771805182099342e-03 1.663259696215391159e-03 5.333306267857551575e-03 0.000000000000000000e+00 8.416573703289031982e-02 0.000000000000000000e+00 0.000000000000000000e+00 0.000000000000000000e+00 0.000000000000000000e+00 0.000000000000000000e+00 6.544600427150726318e-02
0.000000000000000000e+00 0.000000000000000000e+00 3.181512875016778708e-05 2.911723640863783658e-05 6.741624383721500635e-05 0.000000000000000000e+00 1.624790093046613038e-05 2.321956526429858059e-05 0.000000000000000000e+00 2.260461224068421870e-05 0.000000000000000000e+00
