0.000000000000000000e+00 0.000000000000000000e+00 1.037298701703548431e-03 0.000000000000000000e+00 0.000000000000000000e+00 0.000000000000000000e+00 4.839104076381772757e-04 1.830666558817028999e-03 8.749025873839855194e-04 0.000000000000000000e+00 0.000000000000000000e+00
3.189142560586333275e-03 0.000000000000000000e+00 0.000000000000000000e+00 1.459054416045546532e-03 0.000000000000000000e+00 0.000000000000000000e+00 6.035890546627342701e-04 0.000000000000000000e+00 0.000000000000000000e+00 0.000000000000000000e+00 0.000000000000000000e+00
2.172467939089983702e-04 2.463862998411059380e-03 7.510632858611643314e-04 0.000000000000000000e+00 1.221375772729516029e-03 2.652961993589997292e-03 2.846923307515680790e-04 0.000000000000000000e+00 0.000000000000000000e+00 1.402000314556062222e-03 9.172699064947664738e-04
3.432156052440404892e-03 0.000000000000000000e+00 0.000000000000000000e+00 0.000000000000000000e+00 0.000000000000000000e+00 0.000000000000000000e+00 1.301636686548590660e-03 2.294575329869985580e-03 2.021577209234237671e-03 1.583927078172564507e-03 0.000000000000000000e+00
0.000000000000000000e+00 3.131196426693350077e-04 1.131117751356214285e-04 1.934943575179204345e-04 0.000000000000000000e+00 1.017117974697612226e-04 1.846588565967977047e-04 7.514918979723006487e-05 1.421643974026665092e-04 2.228438679594546556e-04 4.600182874128222466e-04
0.000000000000000000e+00 1.449427334591746330e-03 3.426396055147051811e-03 2.661868464201688766e-03 0.000000000000000000e+00 9.217708371579647064e-03 0.000000000000000000e+00 0.000000000000000000e+00 8.682694897288456559e-05 1.729438547044992447e-03 1.499552465975284576e-02
3.832464106380939484e-03 0.000000000000000000e+00 0.000000000000000000e+00 1.502014463767409325e-03 1.581883290782570839e-03 1.069449470378458500e-03 0.000000000000000000e+00 2.892389020416885614e-04 3.745544934645295143e-03 3.387729171663522720e-03 1.116623985581099987e-03
0.000000000000000000e+00 2.317381789907813072e-03 0.000000000000000000e+00 0.000000000000000000e+00 3.669232537504285574e-04 0.000000000000000000e+00 0.000000000000000000e+00 0.000000000000000000e+00 2.169397892430424690e-03 0.000000000000000000e+00 7.915536116342991590e-05
0.000000000000000000e+00 3.908854443579912186e-03 4.590780881699174643e-04 0.000000000000000000e+00 0.000000000000000000e+00 0.000000000000000000e+00 0.000000000000000000e+00 2.435621136100962758e-04 0.000000000000000000e+00 0.000000000000000000e+00 0.000000000000000000e+00
2.900707768276333809e-03 8.568267221562564373e-04 5.888065323233604431e-03 0.000000000000000000e+00 1.069731265306472778e-02 1.067171455360949039e-03 9.249245049431920052e-04 2.118445263477042317e-04 9.609186090528964996e-04 0.000000000000000000e+00 3.780706087127327919e-03
0.000000000000000000e+00 0.000000000000000000e+00 1.321504259976791218e-05 1.715957751002861187e-06 1.246510601049521938e-05 0.000000000000000000e+00 5.356118435884127393e-06 5.812337803945410997e-06 0.000000000000000000e+00 5.113487986818654463e-06 0.000000000000000000e+00
