0.000000000000000000e+00 7.873265625000000000e+03 2.648420703125000000e+04 0.000000000000000000e+00 0.000000000000000000e+00 0.000000000000000000e+00 3.476267968750000000e+04 1.757018359375000000e+04 3.238833999633789062e+01 1.910061340332031250e+02 0.000000000000000000e+00
5.846190625000000000e+04 2.571264468133449554e-02 1.289117736816406250e+02 4.393352343750000000e+04 5.879699218750000000e+03 4.054014682769775391e-01 3.533210937500000000e+04 3.575186431407928467e-02 1.228421630859375000e+02 5.896992187500000000e+04 3.964158203125000000e+04
1.397083282470703125e+01 1.285698632812500000e+04 2.329786680638790131e-02 2.265350000000000000e+04 3.126771972656250000e+03 5.858208007812500000e+03 8.527821875000000000e+04 9.110793945312500000e+03 1.225686621093750000e+04 8.401751708984375000e+01 5.734826087951660156e+00
2.687022656250000000e+04 1.582572363281250000e+04 1.198480859375000000e+04 2.244265747070312500e+02 3.114189697265625000e+03 1.818661346435546875e+02 8.846276367187500000e+03 1.197920312500000000e+04 1.282487695312500000e+04 7.814836914062500000e+03 9.476908111572265625e+01
1.788911581039428711e+00 1.158943939208984375e+01 9.899974822998046875e+00 5.147018432617187500e+00 1.586668190611817408e-06 6.356492996215820312e+00 7.246530055999755859e+00 1.202161693572998047e+01 9.029901504516601562e+00 1.719871902465820312e+01 2.862277603149414062e+01
0.000000000000000000e+00 0.000000000000000000e+00 0.000000000000000000e+00 0.000000000000000000e+00 0.000000000000000000e+00 1.196167431771755219e-06 0.000000000000000000e+00 0.000000000000000000e+00 0.000000000000000000e+00 0.000000000000000000e+00 1.413505978931084428e-10
3.820724218750000000e+04 6.288142968750000000e+04 2.211067127063870430e-03 3.655262109375000000e+04 3.812888753600418568e-04 3.580825390625000000e+04 9.259144663810729980e-01 1.326739341020584106e-01 2.108062011718750000e+03 3.594350390625000000e+04 8.485380554199218750e+01
0.000000000000000000e+00 3.029089843750000000e+04 6.192403793334960938e+01 1.378913281250000000e+04 2.437707519531250000e+01 2.750020898437500000e+04 8.829648590087890625e+01 1.741500244140625000e+02 2.363050781250000000e+04 5.951652145385742188e+01 4.556633300781250000e+03
1.207622753906250000e+04 4.415457031250000000e+03 1.588811767578125000e+03 9.220541015625000000e+03 1.831885147094726562e+01 1.028442764282226562e+02 1.683121679687500000e+04 1.006394577026367188e+01 1.639002532958984375e+02 4.264170898437500000e+03 1.188061230468750000e+04
0.000000000000000000e+00 0.000000000000000000e+00 0.000000000000000000e+00 0.000000000000000000e+00 2.143037605285644531e+01 0.000000000000000000e+00 0.000000000000000000e+00 0.000000000000000000e+00 0.000000000000000000e+00 0.000000000000000000e+00 0.000000000000000000e+00
0.000000000000000000e+00 6.588005274534225464e-02 1.169673949480056763e-01 3.642814606428146362e-02 2.446767687797546387e-01 0.000000000000000000e+00 4.764672848978079855e-05 9.971580654382705688e-02 0.000000000000000000e+00 5.583629384636878967e-02 1.396200985936957295e-07
