0.000000000000000000e+00 0.000000000000000000e+00 2.773760585114359856e-03 0.000000000000000000e+00 0.000000000000000000e+00 0.000000000000000000e+00 7.463587913662195206e-03 0.000000000000000000e+00 5.972259677946567535e-03 0.000000000000000000e+00 0.000000000000000000e+00
1.386735960841178894e-02 0.000000000000000000e+00 9.428384713828563690e-03 1.637983880937099457e-02 0.000000000000000000e+00 0.000000000000000000e+00 8.700616657733917236e-03 0.000000000000000000e+00 0.000000000000000000e+00 3.938504029065370560e-03 0.000000000000000000e+00
0.000000000000000000e+00 0.000000000000000000e+00 1.000332762487232685e-03 4.124169703572988510e-03 2.978151198476552963e-03 0.000000000000000000e+00 5.042892415076494217e-03 0.000000000000000000e+00 5.087214522063732147e-03 4.527753219008445740e-03 9.955198504030704498e-03
1.056445669382810593e-02 0.000000000000000000e+00 0.000000000000000000e+00 9.404179872944951057e-04 0.000000000000000000e+00 6.678869016468524933e-03 0.000000000000000000e+00 9.851509705185890198e-03 6.887928117066621780e-03 5.906265228986740112e-03 0.000000000000000000e+00
0.000000000000000000e+00 6.319047679426148534e-05 2.289800468133762479e-04 2.760071656666696072e-04 0.000000000000000000e+00 2.954576630145311356e-04 2.727748069446533918e-04 1.799693418433889747e-04 1.728718489175662398e-04 2.512513019610196352e-04 8.084425353445112705e-04
0.000000000000000000e+00 0.000000000000000000e+00 0.000000000000000000e+00 0.000000000000000000e+00 0.000000000000000000e+00 0.000000000000000000e+00 0.000000000000000000e+00 0.000000000000000000e+00 0.000000000000000000e+00 0.000000000000000000e+00 0.000000000000000000e+00
1.648948993533849716e-03 8.833973668515682220e-03 0.000000000000000000e+00 0.000000000000000000e+00 0.000000000000000000e+00 7.998802699148654938e-03 0.000000000000000000e+00 9.105249773710966110e-04 1.232005935162305832e-02 0.000000000000000000e+00 7.185403257608413696e-03
0.000000000000000000e+00 0.000000000000000000e+00 0.000000000000000000e+00 0.000000000000000000e+00 8.852058672346174717e-04 0.000000000000000000e+00 0.000000000000000000e+00 0.000000000000000000e+00 1.016456075012683868e-02 0.000000000000000000e+00 0.000000000000000000e+00
0.000000000000000000e+00 0.000000000000000000e+00 7.852963171899318695e-03 0.000000000000000000e+00 6.688621942885220051e-04 0.000000000000000000e+00 0.000000000000000000e+00 0.000000000000000000e+00 0.000000000000000000e+00 1.318605965934693813e-03 7.611230481415987015e-03
1.392279658466577530e-02 5.831805057823657990e-03 1.945010945200920105e-02 0.000000000000000000e+00 3.741838410496711731e-02 0.000000000000000000e+00 0.000000000000000000e+00 0.000000000000000000e+00 1.282013952732086182e-02 0.000000000000000000e+00 7.289053406566381454e-03
0.000000000000000000e+00 0.000000000000000000e+00 7.434683539031539112e-06 0.000000000000000000e+00 1.393098409607773647e-05 0.000000000000000000e+00 5.146596322447294369e-06 2.063614829239668325e-06 0.000000000000000000e+00 6.401469818229088560e-06 0.000000000000000000e+00
