0.000000000000000000e+00 0.000000000000000000e+00 7.664544507861137390e-03 0.000000000000000000e+00 0.000000000000000000e+00 0.000000000000000000e+00 6.875457707792520523e-03 1.828302047215402126e-03 3.856646362692117691e-03 0.000000000000000000e+00 0.000000000000000000e+00
4.188180435448884964e-03 0.000000000000000000e+00 0.000000000000000000e+00 9.832814335823059082e-03 0.000000000000000000e+00 0.000000000000000000e+00 3.928637132048606873e-03 0.000000000000000000e+00 0.000000000000000000e+00 0.000000000000000000e+00 0.000000000000000000e+00
0.000000000000000000e+00 1.188803091645240784e-02 1.877014175988733768e-03 0.000000000000000000e+00 4.830221179872751236e-03 1.491028908640146255e-02 0.000000000000000000e+00 0.000000000000000000e+00 1.068556308746337891e-02 1.282015070319175720e-02 0.000000000000000000e+00
8.810859173536300659e-03 6.995534989982843399e-03 0.000000000000000000e+00 0.000000000000000000e+00 4.089547786861658096e-03 0.000000000000000000e+00 1.161944004707038403e-03 8.649370633065700531e-03 3.915291279554367065e-03 3.487234003841876984e-03 0.000000000000000000e+00
8.457715011900290847e-05 2.163176395697519183e-04 3.498284495435655117e-04 2.594843972474336624e-04 0.000000000000000000e+00 3.690589219331741333e-04 2.006687427638098598e-04 1.126742699852911755e-05 3.212920564692467451e-04 5.980736459605395794e-04 6.929694791324436665e-04
0.000000000000000000e+00 0.000000000000000000e+00 0.000000000000000000e+00 0.000000000000000000e+00 0.000000000000000000e+00 0.000000000000000000e+00 0.000000000000000000e+00 0.000000000000000000e+00 0.000000000000000000e+00 0.000000000000000000e+00 8.673617379884035472e-19
5.900891497731208801e-03 1.035579014569520950e-02 0.000000000000000000e+00 0.000000000000000000e+00 0.000000000000000000e+00 1.682236907072365284e-03 3.411514917388558388e-03 8.618098683655261993e-03 3.662337549030780792e-03 1.800438039936125278e-03 2.412155037745833397e-03
0.000000000000000000e+00 1.461837789975106716e-03 0.000000000000000000e+00 0.000000000000000000e+00 8.278709836304187775e-03 1.694171340204775333e-03 0.000000000000000000e+00 1.404202310368418694e-03 1.244887523353099823e-02 6.754543166607618332e-03 0.000000000000000000e+00
0.000000000000000000e+00 2.481883391737937927e-03 1.863154466263949871e-04 2.452194457873702049e-03 0.000000000000000000e+00 0.000000000000000000e+00 6.759418174624443054e-03 1.302434713579714298e-03 0.000000000000000000e+00 0.000000000000000000e+00 0.000000000000000000e+00
9.248763322830200195e-03 1.374707650393247604e-02 7.582585327327251434e-03 0.000000000000000000e+00 4.020193964242935181e-02 0.000000000000000000e+00 0.000000000000000000e+00 0.000000000000000000e+00 5.153866019099950790e-03 2.032878575846552849e-03 1.557429041713476181e-02
0.000000000000000000e+00 0.000000000000000000e+00 3.446514710958581418e-06 1.148282194662897382e-06 5.939175480307312682e-06 0.000000000000000000e+00 0.000000000000000000e+00 1.350472189187712502e-06 0.000000000000000000e+00 2.129828999386518262e-06 0.000000000000000000e+00
