0.000000000000000000e+00 0.000000000000000000e+00 0.000000000000000000e+00 0.000000000000000000e+00 0.000000000000000000e+00 0.000000000000000000e+00 1.075258105993270874e-02 3.854587208479642868e-03 0.000000000000000000e+00 0.000000000000000000e+00 0.000000000000000000e+00
6.683412939310073853e-03 0.000000000000000000e+00 2.606624038890004158e-03 0.000000000000000000e+00 7.505359128117561340e-03 0.000000000000000000e+00 0.000000000000000000e+00 0.000000000000000000e+00 6.821468006819486618e-03 0.000000000000000000e+00 1.102635636925697327e-03
0.000000000000000000e+00 1.148832216858863831e-02 0.000000000000000000e+00 0.000000000000000000e+00 1.682242960669100285e-03 0.000000000000000000e+00 3.427216084674000740e-03 2.887548645958304405e-03 1.284854370169341564e-03 5.595325492322444916e-03 0.000000000000000000e+00
9.814152494072914124e-03 0.000000000000000000e+00 1.214951626025140285e-03 1.249088672921061516e-03 0.000000000000000000e+00 6.084822583943605423e-03 0.000000000000000000e+00 8.169176056981086731e-03 0.000000000000000000e+00 7.398164365440607071e-03 0.000000000000000000e+00
0.000000000000000000e+00 1.558737276354804635e-04 3.333757049404084682e-04 2.787788107525557280e-04 0.000000000000000000e+00 1.276762632187455893e-04 3.551270929165184498e-04 0.000000000000000000e+00 9.785385191207751632e-05 4.466080863494426012e-04 9.236742625944316387e-04
0.000000000000000000e+00 0.000000000000000000e+00 0.000000000000000000e+00 0.000000000000000000e+00 0.000000000000000000e+00 0.000000000000000000e+00 0.000000000000000000e+00 0.000000000000000000e+00 0.000000000000000000e+00 0.000000000000000000e+00 0.000000000000000000e+00
1.473231706768274307e-03 0.000000000000000000e+00 0.000000000000000000e+00 5.172130651772022247e-03 0.000000000000000000e+00 4.182547796517610550e-03 0.000000000000000000e+00 7.469132542610168457e-03 2.978793345391750336e-03 3.508368274196982384e-03 1.470187772065401077e-02
0.000000000000000000e+00 7.806092966347932816e-03 0.000000000000000000e+00 0.000000000000000000e+00 0.000000000000000000e+00 0.000000000000000000e+00 0.000000000000000000e+00 0.000000000000000000e+00 1.867804327048361301e-03 0.000000000000000000e+00 0.000000000000000000e+00
4.836326988879591227e-04 3.388530167285352945e-04 4.008684307336807251e-03 2.440053503960371017e-03 0.000000000000000000e+00 5.990509875118732452e-03 4.950006492435932159e-03 2.347339875996112823e-03 4.612196236848831177e-03 6.008760537952184677e-03 4.540763329714536667e-03
1.334896124899387360e-02 2.430009655654430389e-03 4.460332915186882019e-03 5.945281591266393661e-03 4.021113738417625427e-02 0.000000000000000000e+00 0.000000000000000000e+00 0.000000000000000000e+00 7.611103821545839310e-03 0.000000000000000000e+00 1.044562552124261856e-02
0.000000000000000000e+00 1.783047650860680733e-06 3.029678282473469153e-06 8.558960757909517270e-07 7.713058948866091669e-06 0.000000000000000000e+00 2.834170572896255180e-06 4.162030563747975975e-06 2.001729171752231196e-06 1.098087977879913524e-06 0.000000000000000000e+00
