0.000000000000000000e+00 0.000000000000000000e+00 4.171756096184253693e-03 0.000000000000000000e+00 0.000000000000000000e+00 0.000000000000000000e+00 2.247238531708717346e-03 1.971449470147490501e-03 1.247863867320120335e-03 0.000000000000000000e+00 0.000000000000000000e+00
1.152439229190349579e-02 0.000000000000000000e+00 6.449481938034296036e-03 0.000000000000000000e+00 0.000000000000000000e+00 0.000000000000000000e+00 0.000000000000000000e+00 9.973958367481827736e-04 2.240398433059453964e-03 0.000000000000000000e+00 0.000000000000000000e+00
8.533254149369895458e-04 7.714494597166776657e-03 4.368285590317100286e-05 2.982816891744732857e-03 0.000000000000000000e+00 0.000000000000000000e+00 1.811200287193059921e-03 0.000000000000000000e+00 5.364869721233844757e-03 1.260325964540243149e-02 1.887308280856814235e-05
1.318211015313863754e-02 0.000000000000000000e+00 0.000000000000000000e+00 0.000000000000000000e+00 9.680078364908695221e-03 2.343549131182953715e-04 6.956404075026512146e-03 1.362066133879125118e-03 1.909857266582548618e-03 0.000000000000000000e+00 0.000000000000000000e+00
0.000000000000000000e+00 1.143228655564598739e-04 1.427684910595417023e-04 1.659199624555185437e-04 0.000000000000000000e+00 1.844858925323933363e-04 2.293003199156373739e-04 4.481498035602271557e-05 1.040762708726106212e-05 2.819593064486980438e-04 4.402413032948970795e-04
0.000000000000000000e+00 0.000000000000000000e+00 0.000000000000000000e+00 0.000000000000000000e+00 0.000000000000000000e+00 0.000000000000000000e+00 0.000000000000000000e+00 0.000000000000000000e+00 0.000000000000000000e+00 0.000000000000000000e+00 0.000000000000000000e+00
2.304938854649662971e-03 4.597524646669626236e-03 3.918577276635915041e-04 4.442067351192235947e-03 0.000000000000000000e+00 8.861997164785861969e-03 0.000000000000000000e+00 1.112010329961776733e-02 1.120845321565866470e-02 4.799776244908571243e-03 6.800672970712184906e-03
0.000000000000000000e+00 5.716597195714712143e-03 1.274524955078959465e-03 0.000000000000000000e+00 4.189902916550636292e-03 2.867858158424496651e-03 7.651751395314931870e-03 0.000000000000000000e+00 5.232783500105142593e-03 0.000000000000000000e+00 4.814560990780591965e-03
0.000000000000000000e+00 3.260323777794837952e-03 2.658499171957373619e-03 8.563324226997792721e-04 0.000000000000000000e+00 0.000000000000000000e+00 5.481738597154617310e-03 2.339902799576520920e-03 0.000000000000000000e+00 0.000000000000000000e+00 0.000000000000000000e+00
2.690057968720793724e-03 4.483700729906558990e-03 6.776373367756605148e-03 0.000000000000000000e+00 3.437671437859535217e-02 0.000000000000000000e+00 0.000000000000000000e+00 0.000000000000000000e+00 1.210656017065048218e-02 0.000000000000000000e+00 1.016690023243427277e-02
0.000000000000000000e+00 1.953225989836937515e-07 1.987400310099474154e-06 0.000000000000000000e+00 4.070614977536024526e-06 0.000000000000000000e+00 1.412041456205770373e-06 1.148398041550535709e-06 9.662066702276206343e-08 8.593703455517243128e-07 0.000000000000000000e+00
