0.000000000000000000e+00 3.424966707825660706e-03 3.698999993503093719e-03 0.000000000000000000e+00 0.000000000000000000e+00 0.000000000000000000e+00 7.734343875199556351e-03 4.125058185309171677e-03 4.077935125678777695e-03 0.000000000000000000e+00 0.000000000000000000e+00
4.948631860315799713e-03 0.000000000000000000e+00 5.299441516399383545e-03 0.000000000000000000e+00 0.000000000000000000e+00 1.465189852751791477e-03 0.000000000000000000e+00 0.000000000000000000e+00 0.000000000000000000e+00 2.497257431969046593e-03 0.000000000000000000e+00
0.000000000000000000e+00 7.088333368301391602e-03 0.000000000000000000e+00 0.000000000000000000e+00 0.000000000000000000e+00 7.346033584326505661e-03 8.091346360743045807e-03 0.000000000000000000e+00 0.000000000000000000e+00 0.000000000000000000e+00 0.000000000000000000e+00
1.090901251882314682e-02 0.000000000000000000e+00 5.160170141607522964e-03 2.993182977661490440e-03 2.600735519081354141e-03 0.000000000000000000e+00 7.252837996929883957e-03 4.683502484112977982e-03 0.000000000000000000e+00 1.030192710459232330e-03 0.000000000000000000e+00
4.075725883012637496e-05 1.370499667245894670e-04 3.451372322160750628e-05 1.254137314390391111e-04 0.000000000000000000e+00 4.515949331107549369e-05 1.064129755832254887e-04 5.784474706160835922e-05 5.407267599366605282e-05 1.427435490768402815e-04 2.566662442404776812e-04
0.000000000000000000e+00 0.000000000000000000e+00 0.000000000000000000e+00 0.000000000000000000e+00 0.000000000000000000e+00 0.000000000000000000e+00 0.000000000000000000e+00 0.000000000000000000e+00 0.000000000000000000e+00 0.000000000000000000e+00 7.397909183055162430e-03
2.708748215809464455e-03 1.141020213253796101e-03 0.000000000000000000e+00 3.987725649494677782e-04 0.000000000000000000e+00 6.716348696500062943e-03 0.000000000000000000e+00 0.000000000000000000e+00 5.140104331076145172e-03 3.987450618296861649e-03 3.046388737857341766e-03
0.000000000000000000e+00 9.265036322176456451e-03 0.000000000000000000e+00 0.000000000000000000e+00 0.000000000000000000e+00 0.000000000000000000e+00 0.000000000000000000e+00 0.000000000000000000e+00 6.152878981083631516e-03 0.000000000000000000e+00 0.000000000000000000e+00
0.000000000000000000e+00 8.226058445870876312e-03 5.733285564929246902e-03 0.000000000000000000e+00 0.000000000000000000e+00 8.085193112492561340e-03 1.383553375490009785e-03 5.457217921502888203e-04 0.000000000000000000e+00 0.000000000000000000e+00 4.759388044476509094e-03
4.103559069335460663e-03 0.000000000000000000e+00 5.446224007755517960e-03 0.000000000000000000e+00 2.471700496971607208e-02 0.000000000000000000e+00 0.000000000000000000e+00 0.000000000000000000e+00 2.570008626207709312e-03 0.000000000000000000e+00 7.871958427131175995e-03
0.000000000000000000e+00 0.000000000000000000e+00 1.442511575078242458e-06 5.047907052357913926e-07 1.733178919494093861e-06 0.000000000000000000e+00 1.745368365391186671e-07 6.840535320407070685e-07 0.000000000000000000e+00 1.443380313048692187e-07 7.995305963959253859e-07
