0.000000000000000000e+00 1.175981713458895683e-03 2.301199804687500000e+04 0.000000000000000000e+00 0.000000000000000000e+00 0.000000000000000000e+00 5.642125701904296875e+01 2.899076367187500000e+04 2.638444335937500000e+03 9.181459960937500000e+02 0.000000000000000000e+00
8.201837890625000000e+03 1.298907697200775146e-01 4.683118820190429688e+01 1.089177343750000000e+04 7.568719482421875000e+01 4.454800415039062500e+02 6.043749023437500000e+03 6.792947387695312500e+02 1.234771240234375000e+03 7.590138912200927734e-01 1.900996208190917969e+01
4.546756835937500000e+03 5.632431640625000000e+02 2.422112792968750000e+03 7.881756591796875000e+01 7.943036132812500000e+03 1.774941284179687500e+03 1.148364715576171875e+02 2.384674072265625000e+03 4.378558105468750000e+03 5.306708496093750000e+03 2.266215332031250000e+03
1.029758398437500000e+04 2.744093261718750000e+03 6.237547844648361206e-02 3.744128417968750000e+01 1.469449138641357422e+01 4.714817810058593750e+01 6.028439941406250000e+03 3.513637939453125000e+03 3.578665161132812500e+01 3.163939476013183594e+00 3.919516113281250000e+03
7.689088582992553711e-01 8.141317367553710938e+00 6.140650272369384766e+00 3.194176435470581055e+00 0.000000000000000000e+00 7.202220439910888672e+00 4.349624633789062500e+00 3.421384811401367188e+00 5.874249458312988281e+00 8.375856399536132812e+00 2.445966339111328125e+01
0.000000000000000000e+00 1.611307561397552490e-01 1.222972035408020020e+00 0.000000000000000000e+00 0.000000000000000000e+00 7.834019165039062500e+02 0.000000000000000000e+00 0.000000000000000000e+00 0.000000000000000000e+00 2.879597187042236328e+00 2.832249511718750000e+03
9.184644775390625000e+02 1.905216552734375000e+03 0.000000000000000000e+00 1.105979461669921875e+02 8.271177875940338708e-08 4.341505432128906250e+01 5.230620574951171875e+01 3.175010671839118004e-03 5.458937377929687500e+02 1.618219848632812500e+03 1.233364105224609375e+02
0.000000000000000000e+00 7.106997070312500000e+02 1.653058242797851562e+01 1.848318902375467587e-06 5.141041406250000000e+04 1.090956720872782171e-05 8.430443359375000000e+03 6.190369033813476562e+01 9.753108593750000000e+04 6.137016796875000000e+04 1.072488183593750000e+04
0.000000000000000000e+00 3.784801269531250000e+03 2.604629394531250000e+03 5.686522460937500000e+03 3.847195557682425715e-07 2.484874023437500000e+03 2.368524414062500000e+03 5.963868164062500000e+03 6.567418670654296875e+01 5.529841796875000000e+03 7.808179931640625000e+02
2.527831792831420898e-01 1.642807006835937500e+00 1.183484935760498047e+01 0.000000000000000000e+00 3.451481689453125000e+03 0.000000000000000000e+00 0.000000000000000000e+00 0.000000000000000000e+00 2.779150009155273438e+00 0.000000000000000000e+00 7.815457820892333984e+00
0.000000000000000000e+00 0.000000000000000000e+00 7.531353831291198730e-02 9.401133283972740173e-03 2.316971421241760254e-01 0.000000000000000000e+00 4.942903667688369751e-02 1.126034110784530640e-01 0.000000000000000000e+00 6.825773417949676514e-02 0.000000000000000000e+00
