0.000000000000000000e+00 1.960167661309242249e-03 0.000000000000000000e+00 0.000000000000000000e+00 0.000000000000000000e+00 0.000000000000000000e+00 3.868542611598968506e-03 6.530492100864648819e-03 0.000000000000000000e+00 0.000000000000000000e+00 0.000000000000000000e+00
6.092701572924852371e-03 0.000000000000000000e+00 7.936592213809490204e-03 1.103706308640539646e-03 0.000000000000000000e+00 0.000000000000000000e+00 0.000000000000000000e+00 0.000000000000000000e+00 7.030742708593606949e-03 0.000000000000000000e+00 0.000000000000000000e+00
0.000000000000000000e+00 5.133408121764659882e-03 0.000000000000000000e+00 0.000000000000000000e+00 0.000000000000000000e+00 1.126623898744583130e-02 8.234397508203983307e-03 0.000000000000000000e+00 1.258274540305137634e-03 1.068613212555646896e-02 0.000000000000000000e+00
7.991407997906208038e-03 0.000000000000000000e+00 0.000000000000000000e+00 1.231575442943722010e-04 0.000000000000000000e+00 2.424857520963996649e-04 2.495830878615379333e-03 3.860393771901726723e-03 4.956591408699750900e-03 3.592032939195632935e-03 0.000000000000000000e+00
0.000000000000000000e+00 9.641278302296996117e-05 7.664813892915844917e-05 6.465295882662758231e-05 0.000000000000000000e+00 6.149386899778619409e-05 6.967305671423673630e-05 0.000000000000000000e+00 6.410249625332653522e-05 1.625747827347368002e-04 4.205073055345565081e-04
0.000000000000000000e+00 0.000000000000000000e+00 0.000000000000000000e+00 0.000000000000000000e+00 0.000000000000000000e+00 0.000000000000000000e+00 0.000000000000000000e+00 0.000000000000000000e+00 0.000000000000000000e+00 0.000000000000000000e+00 4.993142094463109970e-03
0.000000000000000000e+00 2.723864046856760979e-03 0.000000000000000000e+00 7.682305760681629181e-03 0.000000000000000000e+00 1.999879721552133560e-03 0.000000000000000000e+00 9.238484315574169159e-03 1.518312026746571064e-03 2.104469807818531990e-03 1.764919259585440159e-03
0.000000000000000000e+00 4.987750668078660965e-03 0.000000000000000000e+00 0.000000000000000000e+00 0.000000000000000000e+00 0.000000000000000000e+00 0.000000000000000000e+00 4.366893786936998367e-03 4.202896729111671448e-03 0.000000000000000000e+00 6.237574853003025055e-03
0.000000000000000000e+00 5.625855643302202225e-03 5.701041663996875286e-04 2.823639952111989260e-04 0.000000000000000000e+00 2.805693948175758123e-04 1.544510829262435436e-03 0.000000000000000000e+00 0.000000000000000000e+00 9.782060515135526657e-04 2.627856098115444183e-03
5.097706802189350128e-03 0.000000000000000000e+00 1.588946953415870667e-02 0.000000000000000000e+00 3.499476239085197449e-02 0.000000000000000000e+00 0.000000000000000000e+00 0.000000000000000000e+00 8.356191217899322510e-03 1.506046857684850693e-03 1.501550618559122086e-02
0.000000000000000000e+00 0.000000000000000000e+00 3.386081289136200212e-06 3.097562512266449630e-06 8.157051524904090911e-06 0.000000000000000000e+00 2.512939545340486802e-06 1.308993887505494058e-06 0.000000000000000000e+00 2.178643853767425753e-06 0.000000000000000000e+00
