9.526824951171875000e-01 6.523042297363281250e+01 6.515945434570312500e+01 9.406592369079589844e+00 4.960958480834960938e+00 2.101884484291076660e-01 8.538176727294921875e+01 7.709916687011718750e+01 7.732218933105468750e+01 4.874218750000000000e+01 3.987453877925872803e-02
6.575224609375000000e+03 0.000000000000000000e+00 1.513086035156250000e+04 4.913743359375000000e+04 1.425029449462890625e+02 3.426472176215611398e-06 9.272328125000000000e+03 4.981155761718750000e+03 2.077680078125000000e+04 1.047857437133789062e+02 5.452172241210937500e+02
3.253626562500000000e+04 1.030691562500000000e+05 5.916808593750000000e+04 1.090799316406250000e+03 1.140476015625000000e+05 8.900557031250000000e+04 7.552979687500000000e+04 6.706835937500000000e+01 9.850515625000000000e+03 8.551632812500000000e+04 2.152568054199218750e+01
1.076826953125000000e+04 5.573892974853515625e+01 2.143556823730468750e+02 9.005742187500000000e+03 1.778547363281250000e+03 1.788573828125000000e+04 2.549372265625000000e+04 1.357109179687500000e+04 9.047120117187500000e+03 1.532480664062500000e+04 1.802504492187500000e+04
3.707826995849609375e+01 8.118941497802734375e+01 3.303481292724609375e+01 6.139569854736328125e+01 0.000000000000000000e+00 5.027060699462890625e+01 6.558129119873046875e+01 3.825690841674804688e+01 4.807031250000000000e+01 7.334584808349609375e+01 1.575898437500000000e+02
0.000000000000000000e+00 0.000000000000000000e+00 0.000000000000000000e+00 0.000000000000000000e+00 0.000000000000000000e+00 2.369797221035696566e-05 0.000000000000000000e+00 0.000000000000000000e+00 0.000000000000000000e+00 0.000000000000000000e+00 1.840638160705566406e+01
2.762445800781250000e+03 4.277203979492187500e+02 1.528459563360229367e-07 2.255453125000000000e+04 0.000000000000000000e+00 5.249632324218750000e+03 4.255070800781250000e+02 2.008553594350814819e-02 1.368507421875000000e+04 1.297770996093750000e+03 8.737500976562500000e+03
0.000000000000000000e+00 2.032007446289062500e+03 4.939396875000000000e+04 9.316876220703125000e+01 3.804180297851562500e+02 2.494787902832031250e+02 2.289973437500000000e+04 7.959536132812500000e+02 1.332441406250000000e+03 2.682311401367187500e+02 0.000000000000000000e+00
6.173302173614501953e+00 2.825647949218750000e+03 3.410500000000000000e+04 5.203677978515625000e+02 2.432696342468261719e+01 4.474554748535156250e+02 6.188548828125000000e+03 5.870784912109375000e+02 1.459200439453125000e+02 8.890622070312500000e+03 1.568026562500000000e+04
0.000000000000000000e+00 0.000000000000000000e+00 0.000000000000000000e+00 0.000000000000000000e+00 1.754140625000000000e+02 0.000000000000000000e+00 0.000000000000000000e+00 0.000000000000000000e+00 0.000000000000000000e+00 0.000000000000000000e+00 0.000000000000000000e+00
0.000000000000000000e+00 2.554148063063621521e-02 3.819341063499450684e-01 3.872954039252363145e-06 6.764010787010192871e-01 0.000000000000000000e+00 6.049496587365865707e-03 3.588619828224182129e-01 1.165739647035479720e-07 6.017607450485229492e-01 2.603570123937970493e-07
