0.000000000000000000e+00 6.607867311686277390e-03 0.000000000000000000e+00 0.000000000000000000e+00 0.000000000000000000e+00 0.000000000000000000e+00 5.155904800631105900e-04 1.969400607049465179e-02 9.802430868148803711e-03 0.000000000000000000e+00 0.000000000000000000e+00
8.575345389544963837e-03 0.000000000000000000e+00 0.000000000000000000e+00 4.567032679915428162e-03 0.000000000000000000e+00 0.000000000000000000e+00 6.011764518916606903e-03 2.910537004936486483e-04 0.000000000000000000e+00 0.000000000000000000e+00 0.000000000000000000e+00
0.000000000000000000e+00 0.000000000000000000e+00 0.000000000000000000e+00 0.000000000000000000e+00 5.346750840544700623e-03 1.714479643851518631e-03 0.000000000000000000e+00 1.478544203564524651e-03 3.436425700783729553e-03 7.768684066832065582e-03 0.000000000000000000e+00
8.030625991523265839e-03 6.821707356721162796e-04 0.000000000000000000e+00 0.000000000000000000e+00 0.000000000000000000e+00 0.000000000000000000e+00 0.000000000000000000e+00 7.266095373779535294e-03 7.651811465620994568e-03 3.621478797867894173e-03 0.000000000000000000e+00
0.000000000000000000e+00 8.519159018760547042e-05 1.024143930408172309e-04 1.448068651370704174e-04 0.000000000000000000e+00 1.777450524969026446e-04 2.747286634985357523e-05 0.000000000000000000e+00 4.246265962137840688e-05 2.326164976693689823e-04 4.777369613293558359e-04
0.000000000000000000e+00 0.000000000000000000e+00 0.000000000000000000e+00 0.000000000000000000e+00 0.000000000000000000e+00 0.000000000000000000e+00 0.000000000000000000e+00 0.000000000000000000e+00 0.000000000000000000e+00 0.000000000000000000e+00 0.000000000000000000e+00
5.759148392826318741e-03 7.588212843984365463e-03 0.000000000000000000e+00 0.000000000000000000e+00 0.000000000000000000e+00 2.389820292592048645e-03 2.344866225030273199e-04 2.852848498150706291e-03 5.826078820973634720e-03 1.252666767686605453e-02 4.552914295345544815e-03
0.000000000000000000e+00 0.000000000000000000e+00 0.000000000000000000e+00 1.234096125699579716e-03 0.000000000000000000e+00 0.000000000000000000e+00 0.000000000000000000e+00 0.000000000000000000e+00 5.625740159302949905e-03 6.891178898513317108e-03 2.394806360825896263e-03
0.000000000000000000e+00 6.065130233764648438e-03 0.000000000000000000e+00 0.000000000000000000e+00 0.000000000000000000e+00 2.571568125858902931e-03 1.613853033632040024e-03 1.092729158699512482e-03 0.000000000000000000e+00 5.928945727646350861e-03 5.380115937441587448e-03
1.430859975516796112e-02 9.600043296813964844e-03 7.650827988982200623e-03 0.000000000000000000e+00 3.578582033514976501e-02 0.000000000000000000e+00 0.000000000000000000e+00 0.000000000000000000e+00 5.040067248046398163e-03 0.000000000000000000e+00 6.035125348716974258e-03
0.000000000000000000e+00 1.275004024137160741e-06 1.518604904049425386e-06 0.000000000000000000e+00 4.562491540127666667e-06 0.000000000000000000e+00 1.766058744578913320e-06 1.060206727743207011e-06 0.000000000000000000e+00 3.065816542857646709e-07 0.000000000000000000e+00
