0.000000000000000000e+00 1.083147246390581131e-03 0.000000000000000000e+00 0.000000000000000000e+00 0.000000000000000000e+00 0.000000000000000000e+00 1.025355309247970581e-01 2.875393033027648926e-01 2.985168807208538055e-02 0.000000000000000000e+00 0.000000000000000000e+00
2.501635551452636719e-01 0.000000000000000000e+00 7.602754049003124237e-03 5.902391299605369568e-02 1.287807524204254150e-01 0.000000000000000000e+00 1.318649053573608398e-01 7.622455805540084839e-02 1.621752604842185974e-02 3.075238764286041260e-01 3.059711754322052002e-01
4.959706217050552368e-03 3.602677956223487854e-02 3.819965198636054993e-02 5.067883525043725967e-03 0.000000000000000000e+00 3.232616931200027466e-03 4.356009885668754578e-02 0.000000000000000000e+00 5.554866511374711990e-03 7.483953982591629028e-02 0.000000000000000000e+00
2.023940384387969971e-01 2.692249044775962830e-02 1.421366184949874878e-01 4.497996997088193893e-03 9.901983290910720825e-02 7.567824423313140869e-02 9.437718987464904785e-02 7.128936704248189926e-03 3.237705230712890625e-01 5.339819472283124924e-03 4.307081550359725952e-02
0.000000000000000000e+00 2.968948683701455593e-04 1.893486478365957737e-04 2.534217856009490788e-05 0.000000000000000000e+00 1.127581926994025707e-04 3.911910607712343335e-05 0.000000000000000000e+00 0.000000000000000000e+00 1.260562858078628778e-04 7.702866569161415100e-04
0.000000000000000000e+00 0.000000000000000000e+00 0.000000000000000000e+00 0.000000000000000000e+00 0.000000000000000000e+00 9.750699246069416404e-05 0.000000000000000000e+00 0.000000000000000000e+00 0.000000000000000000e+00 0.000000000000000000e+00 2.369532694501685910e-07
4.962831269949674606e-03 0.000000000000000000e+00 0.000000000000000000e+00 7.576180249452590942e-02 0.000000000000000000e+00 0.000000000000000000e+00 1.366270240396261215e-03 2.460851799696683884e-03 8.166350424289703369e-02 4.515193030238151550e-02 0.000000000000000000e+00
0.000000000000000000e+00 5.203686356544494629e-01 9.083723276853561401e-02 2.754213288426399231e-03 3.279539346694946289e-01 3.018586039543151855e-01 4.819888272322714329e-04 4.257337376475334167e-02 9.115686267614364624e-02 5.252237990498542786e-02 0.000000000000000000e+00
7.158391922712326050e-02 3.797659873962402344e-01 2.136604040861129761e-01 3.446476161479949951e-01 2.044448396191000938e-03 3.417374491691589355e-01 2.071233233436942101e-03 3.923886641860008240e-02 3.232474029064178467e-01 2.431761240586638451e-03 4.145647883415222168e-01
0.000000000000000000e+00 4.589668475091457367e-03 1.233975309878587723e-02 0.000000000000000000e+00 2.138363420963287354e-01 6.468370556831359863e-03 0.000000000000000000e+00 0.000000000000000000e+00 6.790751591324806213e-03 0.000000000000000000e+00 7.471740990877151489e-02
0.000000000000000000e+00 0.000000000000000000e+00 7.270394235092680901e-06 1.497428847585524636e-08 1.272035478905308992e-05 0.000000000000000000e+00 3.407065150895505212e-06 1.877591557786217891e-06 0.000000000000000000e+00 2.511174443498020992e-06 0.000000000000000000e+00
