0.000000000000000000e+00 0.000000000000000000e+00 0.000000000000000000e+00 0.000000000000000000e+00 0.000000000000000000e+00 0.000000000000000000e+00 0.000000000000000000e+00 4.103455692529678345e-03 0.000000000000000000e+00 0.000000000000000000e+00 0.000000000000000000e+00
3.633867483586072922e-03 0.000000000000000000e+00 0.000000000000000000e+00 0.000000000000000000e+00 5.283272825181484222e-03 0.000000000000000000e+00 0.000000000000000000e+00 2.942925551906228065e-03 4.643350839614868164e-03 8.303161303047090769e-05 7.712286897003650665e-04
0.000000000000000000e+00 5.510093644261360168e-03 0.000000000000000000e+00 0.000000000000000000e+00 0.000000000000000000e+00 6.765636149793863297e-03 8.984473533928394318e-03 0.000000000000000000e+00 5.041071213781833649e-03 6.888002157211303711e-03 0.000000000000000000e+00
0.000000000000000000e+00 0.000000000000000000e+00 0.000000000000000000e+00 0.000000000000000000e+00 2.327969763427972794e-03 4.224783740937709808e-03 0.000000000000000000e+00 1.076093316078186035e-02 0.000000000000000000e+00 0.000000000000000000e+00 0.000000000000000000e+00
0.000000000000000000e+00 1.097547065000981092e-04 5.216748104430735111e-05 1.066218610503710806e-04 0.000000000000000000e+00 4.406152947922237217e-05 1.629420876270160079e-05 1.031245992635376751e-04 8.212970715248957276e-05 2.747313701547682285e-04 2.673282579053193331e-04
0.000000000000000000e+00 0.000000000000000000e+00 0.000000000000000000e+00 0.000000000000000000e+00 0.000000000000000000e+00 3.403946757316589355e-04 0.000000000000000000e+00 0.000000000000000000e+00 0.000000000000000000e+00 0.000000000000000000e+00 0.000000000000000000e+00
8.758543059229850769e-03 0.000000000000000000e+00 0.000000000000000000e+00 0.000000000000000000e+00 0.000000000000000000e+00 0.000000000000000000e+00 7.998113142093643546e-05 3.003991674631834030e-03 7.848411798477172852e-03 8.183430880308151245e-03 2.755553461611270905e-03
0.000000000000000000e+00 8.379247970879077911e-03 0.000000000000000000e+00 2.851463388651609421e-03 0.000000000000000000e+00 0.000000000000000000e+00 0.000000000000000000e+00 4.570343531668186188e-03 1.063364651054143906e-02 0.000000000000000000e+00 2.928819740191102028e-03
2.470465376973152161e-03 5.994151346385478973e-03 0.000000000000000000e+00 0.000000000000000000e+00 0.000000000000000000e+00 2.198220317950472236e-04 6.743798963725566864e-03 0.000000000000000000e+00 0.000000000000000000e+00 6.028012139722704887e-04 4.056108649820089340e-03
8.736942894756793976e-03 0.000000000000000000e+00 8.501059375703334808e-03 0.000000000000000000e+00 3.384939208626747131e-02 3.268034430220723152e-03 0.000000000000000000e+00 0.000000000000000000e+00 1.133756246417760849e-03 3.351409977767616510e-04 1.072287373244762421e-02
0.000000000000000000e+00 8.745728905523719732e-07 2.570575361460214481e-06 3.526017451349616749e-07 4.884689587925095111e-06 0.000000000000000000e+00 0.000000000000000000e+00 2.393788236076943576e-06 0.000000000000000000e+00 0.000000000000000000e+00 0.000000000000000000e+00
