0.000000000000000000e+00 0.000000000000000000e+00 1.239451114088296890e-03 0.000000000000000000e+00 0.000000000000000000e+00 0.000000000000000000e+00 0.000000000000000000e+00 6.927828770130872726e-03 3.414441307540982962e-04 0.000000000000000000e+00 0.000000000000000000e+00
1.615424454212188721e-02 0.000000000000000000e+00 9.413372725248336792e-03 2.773322397843003273e-03 0.000000000000000000e+00 0.000000000000000000e+00 1.731323311105370522e-03 0.000000000000000000e+00 9.944140911102294922e-03 0.000000000000000000e+00 0.000000000000000000e+00
0.000000000000000000e+00 6.265339441597461700e-03 0.000000000000000000e+00 8.967880159616470337e-03 0.000000000000000000e+00 6.546476390212774277e-03 9.837123565375804901e-03 0.000000000000000000e+00 1.580070675117895007e-04 1.525061484426259995e-02 4.149717744439840317e-03
1.657527498900890350e-02 0.000000000000000000e+00 0.000000000000000000e+00 3.652671119198203087e-03 1.895555178634822369e-04 1.385530340485274792e-03 0.000000000000000000e+00 2.683182712644338608e-03 0.000000000000000000e+00 3.423519665375351906e-03 0.000000000000000000e+00
0.000000000000000000e+00 8.936841913964599371e-05 0.000000000000000000e+00 1.688573865976650268e-05 0.000000000000000000e+00 9.973352280212566257e-05 1.000463380478322506e-04 0.000000000000000000e+00 0.000000000000000000e+00 1.605866273166611791e-04 2.606672642286866903e-04
0.000000000000000000e+00 0.000000000000000000e+00 0.000000000000000000e+00 0.000000000000000000e+00 0.000000000000000000e+00 0.000000000000000000e+00 0.000000000000000000e+00 0.000000000000000000e+00 0.000000000000000000e+00 0.000000000000000000e+00 9.032817324623465538e-04
2.919795224443078041e-03 3.701512934640049934e-03 0.000000000000000000e+00 2.270172582939267159e-03 0.000000000000000000e+00 2.251477562822401524e-04 1.109419856220483780e-03 1.260195765644311905e-02 1.119947759434580803e-03 1.095827389508485794e-02 0.000000000000000000e+00
0.000000000000000000e+00 1.092988625168800354e-02 0.000000000000000000e+00 0.000000000000000000e+00 5.998007487505674362e-03 3.896271809935569763e-03 1.343854528386145830e-04 1.559080090373754501e-03 5.432742182165384293e-03 0.000000000000000000e+00 4.585381597280502319e-03
0.000000000000000000e+00 5.498408339917659760e-03 3.044671146199107170e-03 4.064894746989011765e-03 0.000000000000000000e+00 0.000000000000000000e+00 8.776971139013767242e-03 0.000000000000000000e+00 0.000000000000000000e+00 7.993696257472038269e-03 0.000000000000000000e+00
4.798446316272020340e-03 1.310886931605637074e-03 8.145776577293872833e-03 0.000000000000000000e+00 3.223016858100891113e-02 0.000000000000000000e+00 0.000000000000000000e+00 0.000000000000000000e+00 1.253767311573028564e-02 9.134658612310886383e-03 5.167509429156780243e-03
0.000000000000000000e+00 7.051606871755211614e-07 3.248896064178552479e-06 1.469410449317365419e-06 3.340788680361583829e-06 0.000000000000000000e+00 2.442539425828726962e-06 8.298405305140477140e-07 1.130732698584324680e-06 4.860741000811685808e-07 4.843732313020154834e-07
