0.000000000000000000e+00 3.610770450904965401e-03 5.767210386693477631e-03 0.000000000000000000e+00 0.000000000000000000e+00 0.000000000000000000e+00 2.234548563137650490e-03 7.799645420163869858e-03 8.875587373040616512e-04 0.000000000000000000e+00 0.000000000000000000e+00
7.621712982654571533e-03 0.000000000000000000e+00 5.880908574908971786e-03 4.246999043971300125e-03 0.000000000000000000e+00 0.000000000000000000e+00 2.069042529910802841e-03 2.008456038311123848e-03 0.000000000000000000e+00 0.000000000000000000e+00 0.000000000000000000e+00
0.000000000000000000e+00 3.761373460292816162e-03 5.219932179898023605e-03 3.582301782444119453e-03 9.726537973619997501e-04 1.268582791090011597e-02 1.466707419604063034e-02 0.000000000000000000e+00 0.000000000000000000e+00 3.150386037304997444e-03 0.000000000000000000e+00
1.684150099754333496e-02 3.212732030078768730e-03 1.609959057532250881e-03 0.000000000000000000e+00 0.000000000000000000e+00 3.150495002046227455e-03 3.753647441044449806e-03 3.320472547784447670e-03 3.163689747452735901e-03 6.250731181353330612e-03 0.000000000000000000e+00
8.446600986644625664e-05 2.054489450529217720e-04 4.979599543730728328e-05 7.829280366422608495e-05 0.000000000000000000e+00 1.009585903375409544e-04 9.229157149093225598e-05 1.421716151526197791e-04 1.993225450860336423e-04 2.242087502963840961e-04 4.481524811126291752e-04
0.000000000000000000e+00 0.000000000000000000e+00 0.000000000000000000e+00 0.000000000000000000e+00 0.000000000000000000e+00 0.000000000000000000e+00 0.000000000000000000e+00 0.000000000000000000e+00 0.000000000000000000e+00 0.000000000000000000e+00 3.064919495955109596e-03
0.000000000000000000e+00 0.000000000000000000e+00 0.000000000000000000e+00 9.899124503135681152e-03 0.000000000000000000e+00 2.234634244814515114e-03 4.379361867904663086e-03 9.560056962072849274e-03 8.294860832393169403e-03 3.303351579234004021e-03 0.000000000000000000e+00
0.000000000000000000e+00 2.923756139352917671e-03 4.327107220888137817e-03 0.000000000000000000e+00 1.105138333514332771e-03 2.029396593570709229e-03 0.000000000000000000e+00 0.000000000000000000e+00 0.000000000000000000e+00 0.000000000000000000e+00 0.000000000000000000e+00
8.615350234322249889e-04 0.000000000000000000e+00 0.000000000000000000e+00 0.000000000000000000e+00 0.000000000000000000e+00 7.549996953457593918e-03 1.915319357067346573e-03 0.000000000000000000e+00 0.000000000000000000e+00 5.047127138823270798e-03 0.000000000000000000e+00
1.162185566499829292e-03 6.507033016532659531e-03 8.690815418958663940e-03 0.000000000000000000e+00 3.396086767315864563e-02 0.000000000000000000e+00 0.000000000000000000e+00 0.000000000000000000e+00 1.198398321866989136e-02 7.760883774608373642e-03 9.148244746029376984e-03
0.000000000000000000e+00 0.000000000000000000e+00 9.666986215961514972e-07 6.936219278941280209e-07 1.699609356364817359e-06 0.000000000000000000e+00 0.000000000000000000e+00 9.730512147143599577e-07 0.000000000000000000e+00 0.000000000000000000e+00 5.426926463769632392e-07
