0.000000000000000000e+00 2.474452514648437500e+02 5.584061279296875000e+02 0.000000000000000000e+00 0.000000000000000000e+00 0.000000000000000000e+00 5.958381958007812500e+02 1.959931564331054688e+01 4.463279342651367188e+01 9.778031005859375000e+02 0.000000000000000000e+00
7.614231109619140625e+01 0.000000000000000000e+00 1.797938728332519531e+01 1.384924774169921875e+02 1.091640949249267578e+00 2.467840881347656250e+02 7.629181671142578125e+01 5.562582397460937500e+02 2.254174499511718750e+02 1.651210327148437500e+02 1.171687927246093750e+02
1.210344314575195312e+00 3.208713378906250000e+02 2.288412322998046875e+02 3.552621230483055115e-02 6.475440025329589844e+00 2.527596740722656250e+02 8.472517013549804688e+00 7.453338801860809326e-02 4.283094406127929688e-02 3.483993530273437500e+02 1.700112152099609375e+01
1.612903976440429688e+01 2.901524543762207031e+00 1.831147308349609375e+02 2.726882219314575195e+00 1.130736083984375000e+02 3.445921838283538818e-01 4.679310607910156250e+02 2.256400108337402344e+01 1.042105407714843750e+02 6.332363486289978027e-01 2.376811523437500000e+02
2.201355218887329102e+00 4.969570159912109375e+00 3.410208940505981445e+00 3.695115327835083008e+00 0.000000000000000000e+00 4.511418342590332031e+00 3.830941200256347656e+00 1.876087307929992676e+00 4.171067237854003906e+00 4.506380558013916016e+00 1.049139022827148438e+01
0.000000000000000000e+00 1.080574765801429749e-01 4.720691442489624023e-01 7.151265442371368408e-02 0.000000000000000000e+00 1.637425689697265625e+02 0.000000000000000000e+00 0.000000000000000000e+00 0.000000000000000000e+00 5.377509593963623047e+00 3.709267272949218750e+02
1.328209075927734375e+02 8.965223312377929688e+00 1.234440612792968750e+02 2.762281608581542969e+01 0.000000000000000000e+00 2.384384460449218750e+02 1.436110687255859375e+01 1.408557415008544922e+01 2.688410339355468750e+02 2.700929260253906250e+01 1.727850723266601562e+01
7.357648428296670318e-07 3.026046142578125000e+02 3.081967163085937500e+02 3.361299991607666016e+00 4.581047058105468750e+02 5.149913330078125000e+02 1.407486820220947266e+01 2.076333045959472656e+00 2.511795234680175781e+01 2.134690523147583008e+00 4.215963745117187500e+01
1.390665130615234375e+02 1.066154289245605469e+01 3.560158996582031250e+02 7.247481822967529297e+00 6.028034258633852005e-03 9.982642822265625000e+02 7.513697147369384766e-01 9.408314208984375000e+02 7.311376333236694336e-01 3.138021945953369141e+00 2.044365692138671875e+02
1.825528335571289062e+01 6.585810184478759766e-01 8.329019546508789062e+00 0.000000000000000000e+00 3.518171997070312500e+02 0.000000000000000000e+00 0.000000000000000000e+00 0.000000000000000000e+00 4.143710136413574219e-01 0.000000000000000000e+00 1.802146606445312500e+02
0.000000000000000000e+00 0.000000000000000000e+00 2.746436512097716331e-03 0.000000000000000000e+00 1.775291934609413147e-02 0.000000000000000000e+00 1.793494845969689777e-07 3.600801806896924973e-03 0.000000000000000000e+00 3.030082676559686661e-03 2.027053851634263992e-04
