0.000000000000000000e+00 3.693043952807784081e-03 2.255896339192986488e-03 0.000000000000000000e+00 0.000000000000000000e+00 0.000000000000000000e+00 2.025673398748040199e-03 1.265977625735104084e-03 1.693277270533144474e-03 0.000000000000000000e+00 0.000000000000000000e+00
9.947811253368854523e-03 0.000000000000000000e+00 0.000000000000000000e+00 1.259640231728553772e-02 0.000000000000000000e+00 0.000000000000000000e+00 7.024702150374650955e-03 0.000000000000000000e+00 0.000000000000000000e+00 0.000000000000000000e+00 1.241571735590696335e-03
0.000000000000000000e+00 4.573651123791933060e-03 6.931053008884191513e-03 0.000000000000000000e+00 1.994537597056478262e-04 7.841293700039386749e-03 2.653996227309107780e-03 0.000000000000000000e+00 9.278746321797370911e-03 6.452759727835655212e-03 8.700276724994182587e-03
1.168287708424031734e-03 0.000000000000000000e+00 0.000000000000000000e+00 0.000000000000000000e+00 4.952399060130119324e-03 3.147844225168228149e-03 6.356264930218458176e-03 1.385666709393262863e-02 1.817471696995198727e-03 2.053995151072740555e-03 0.000000000000000000e+00
1.206971428473480046e-04 3.132679557893425226e-04 2.672003756742924452e-04 3.322268021292984486e-04 0.000000000000000000e+00 3.414653474465012550e-04 2.384314575465396047e-04 2.017438237089663744e-04 2.927584282588213682e-04 3.959509194828569889e-04 8.160276338458061218e-04
0.000000000000000000e+00 0.000000000000000000e+00 0.000000000000000000e+00 0.000000000000000000e+00 0.000000000000000000e+00 0.000000000000000000e+00 0.000000000000000000e+00 0.000000000000000000e+00 0.000000000000000000e+00 0.000000000000000000e+00 0.000000000000000000e+00
6.350317504256963730e-03 2.044702880084514618e-03 0.000000000000000000e+00 1.520567457191646099e-03 0.000000000000000000e+00 1.745831570588052273e-03 4.971474409103393555e-03 6.771693006157875061e-03 1.367659028619527817e-02 6.348129361867904663e-03 1.713681383989751339e-03
0.000000000000000000e+00 0.000000000000000000e+00 0.000000000000000000e+00 0.000000000000000000e+00 2.001513959839940071e-03 0.000000000000000000e+00 1.741840504109859467e-03 0.000000000000000000e+00 1.135574933141469955e-02 9.126217919401824474e-04 8.718338795006275177e-03
0.000000000000000000e+00 0.000000000000000000e+00 0.000000000000000000e+00 0.000000000000000000e+00 0.000000000000000000e+00 0.000000000000000000e+00 3.752109827473759651e-03 0.000000000000000000e+00 0.000000000000000000e+00 1.674518716754391789e-04 3.029421204701066017e-03
1.290398649871349335e-02 4.112600348889827728e-03 7.131739985197782516e-03 0.000000000000000000e+00 4.259211197495460510e-02 5.922095850110054016e-03 0.000000000000000000e+00 0.000000000000000000e+00 0.000000000000000000e+00 0.000000000000000000e+00 1.133909355849027634e-02
0.000000000000000000e+00 0.000000000000000000e+00 7.726893272774759680e-06 0.000000000000000000e+00 1.245199382537975907e-05 0.000000000000000000e+00 3.606378982112801168e-07 0.000000000000000000e+00 0.000000000000000000e+00 2.387592985542141832e-06 0.000000000000000000e+00
