0.000000000000000000e+00 1.686899948120117188e+01 3.639544067382812500e+02 0.000000000000000000e+00 0.000000000000000000e+00 0.000000000000000000e+00 3.116398315429687500e+02 5.561570312500000000e+03 1.222188720703125000e+02 3.783671569824218750e+02 0.000000000000000000e+00
7.865412902832031250e+01 0.000000000000000000e+00 1.274407910156250000e+04 6.906058788299560547e+00 1.740669726562500000e+04 2.849490234375000000e+04 3.765696875000000000e+04 1.129763671875000000e+04 4.952308593750000000e+04 1.434209632873535156e+01 2.529203796386718750e+01
1.195427734375000000e+03 3.296328735351562500e+02 7.871226310729980469e+00 1.807635307312011719e+01 4.753060302734375000e+02 2.402671875000000000e+03 3.626499511718750000e+03 1.297253417968750000e+02 4.906519775390625000e+02 2.470906250000000000e+03 3.840413085937500000e+03
1.721883911132812500e+03 2.869062042236328125e+01 3.457855224609375000e+01 2.775845214843750000e+03 2.818373107910156250e+02 3.244225463867187500e+02 5.056206893920898438e+01 6.683618164062500000e+02 4.594683837890625000e+01 4.076554870605468750e+02 1.589339721679687500e+03
7.945559978485107422e+00 3.771448612213134766e+00 7.025353431701660156e+00 1.640967726707458496e+00 0.000000000000000000e+00 1.003116846084594727e+00 1.089280605316162109e+00 2.427428722381591797e+00 2.436416149139404297e+00 5.825913429260253906e+00 2.856316757202148438e+01
0.000000000000000000e+00 0.000000000000000000e+00 0.000000000000000000e+00 0.000000000000000000e+00 0.000000000000000000e+00 0.000000000000000000e+00 0.000000000000000000e+00 0.000000000000000000e+00 0.000000000000000000e+00 0.000000000000000000e+00 0.000000000000000000e+00
1.168212432861328125e+02 1.097471160888671875e+02 2.576174736022949219e+00 4.366476074218750000e+03 6.744259357452392578e+00 2.944263427734375000e+03 3.595251708984375000e+03 6.978974121093750000e+03 9.024959106445312500e+02 8.236423339843750000e+02 4.855164062500000000e+03
0.000000000000000000e+00 2.765679359436035156e+01 7.143605804443359375e+01 5.226006835937500000e+03 1.286734771728515625e+01 2.185080349445343018e-01 2.338914299011230469e+01 3.126430664062500000e+03 1.828628906250000000e+04 2.334106445312500000e+03 1.533105659484863281e+01
2.277645507812500000e+03 7.191171264648437500e+02 2.127657226562500000e+03 6.346230468750000000e+02 2.104457244873046875e+02 1.315140075683593750e+02 6.022433593750000000e+03 2.529968750000000000e+03 4.112454101562500000e+03 2.125461730957031250e+02 2.166592529296875000e+03
0.000000000000000000e+00 0.000000000000000000e+00 0.000000000000000000e+00 0.000000000000000000e+00 2.132442855834960938e+01 0.000000000000000000e+00 0.000000000000000000e+00 0.000000000000000000e+00 0.000000000000000000e+00 0.000000000000000000e+00 2.805371284484863281e-01
0.000000000000000000e+00 5.283738209982402623e-05 1.067544817924499512e-01 5.454877391457557678e-03 2.588317692279815674e-01 0.000000000000000000e+00 2.950349589809775352e-04 7.977423071861267090e-02 0.000000000000000000e+00 3.708381950855255127e-02 8.270640137197915465e-06
