0.000000000000000000e+00 2.738060429692268372e-03 0.000000000000000000e+00 0.000000000000000000e+00 0.000000000000000000e+00 0.000000000000000000e+00 0.000000000000000000e+00 0.000000000000000000e+00 5.261298269033432007e-03 0.000000000000000000e+00 0.000000000000000000e+00
1.126065012067556381e-02 0.000000000000000000e+00 2.460022224113345146e-03 3.850254463031888008e-03 0.000000000000000000e+00 0.000000000000000000e+00 3.780363360419869423e-03 4.180435091257095337e-03 0.000000000000000000e+00 0.000000000000000000e+00 0.000000000000000000e+00
1.870248583145439625e-03 8.038162486627697945e-04 0.000000000000000000e+00 4.400923382490873337e-03 8.018625900149345398e-03 0.000000000000000000e+00 4.347069654613733292e-03 0.000000000000000000e+00 0.000000000000000000e+00 3.379417117685079575e-03 3.846561769023537636e-03
3.497944679111242294e-03 1.503362203948199749e-03 3.909120336174964905e-03 0.000000000000000000e+00 4.947855137288570404e-03 0.000000000000000000e+00 4.288399592041969299e-03 6.378815975040197372e-03 1.795666757971048355e-03 3.152714809402823448e-03 0.000000000000000000e+00
1.292162050958722830e-04 6.361702253343537450e-05 1.204942527692764997e-04 1.777180586941540241e-04 0.000000000000000000e+00 2.149975334759801626e-04 9.094634151551872492e-05 6.499663140857592225e-05 1.301186857745051384e-04 3.836530377157032490e-04 4.179184907115995884e-04
0.000000000000000000e+00 0.000000000000000000e+00 0.000000000000000000e+00 0.000000000000000000e+00 0.000000000000000000e+00 0.000000000000000000e+00 0.000000000000000000e+00 0.000000000000000000e+00 0.000000000000000000e+00 0.000000000000000000e+00 0.000000000000000000e+00
7.851410657167434692e-03 2.499199006706476212e-03 3.754863981157541275e-03 0.000000000000000000e+00 0.000000000000000000e+00 8.495165035128593445e-03 1.720814849250018597e-03 9.504118002951145172e-03 0.000000000000000000e+00 1.755103934556245804e-03 6.015648599714040756e-03
0.000000000000000000e+00 0.000000000000000000e+00 0.000000000000000000e+00 0.000000000000000000e+00 2.897890517488121986e-03 0.000000000000000000e+00 0.000000000000000000e+00 0.000000000000000000e+00 9.669644758105278015e-03 2.605223562568426132e-04 0.000000000000000000e+00
3.631402272731065750e-03 0.000000000000000000e+00 1.476092729717493057e-03 1.159862265922129154e-03 0.000000000000000000e+00 0.000000000000000000e+00 8.891618344932794571e-04 0.000000000000000000e+00 0.000000000000000000e+00 2.478885464370250702e-03 3.167259274050593376e-03
1.083897240459918976e-02 2.905233763158321381e-03 3.754068398848176003e-03 0.000000000000000000e+00 2.344524115324020386e-02 0.000000000000000000e+00 5.201411433517932892e-03 0.000000000000000000e+00 4.330636933445930481e-03 2.498974092304706573e-03 9.504440240561962128e-03
0.000000000000000000e+00 1.982638195840991102e-06 6.082115760364104062e-06 6.710832167300395668e-06 1.031545070873107761e-05 0.000000000000000000e+00 4.633828211808577180e-06 5.566872914641862735e-06 5.263870548333215993e-07 5.006319952371995896e-06 0.000000000000000000e+00
