0.000000000000000000e+00 3.097061766311526299e-03 0.000000000000000000e+00 0.000000000000000000e+00 0.000000000000000000e+00 0.000000000000000000e+00 0.000000000000000000e+00 1.337507856078445911e-03 2.715068403631448746e-03 0.000000000000000000e+00 0.000000000000000000e+00
7.967050187289714813e-03 0.000000000000000000e+00 5.051544867455959320e-03 5.567339248955249786e-03 0.000000000000000000e+00 7.067173253744840622e-03 0.000000000000000000e+00 0.000000000000000000e+00 7.457651663571596146e-03 0.000000000000000000e+00 0.000000000000000000e+00
1.438184990547597408e-03 9.930050000548362732e-03 1.600692281499505043e-03 0.000000000000000000e+00 0.000000000000000000e+00 1.384059549309313297e-03 0.000000000000000000e+00 0.000000000000000000e+00 1.961868721991777420e-03 7.307617925107479095e-03 7.245094515383243561e-03
1.025944831781089306e-03 0.000000000000000000e+00 0.000000000000000000e+00 1.556624658405780792e-03 9.215375408530235291e-03 8.665655739605426788e-03 9.966134093701839447e-03 6.905230227857828140e-03 0.000000000000000000e+00 0.000000000000000000e+00 0.000000000000000000e+00
3.934680134989321232e-04 3.953153791371732950e-04 4.516718327067792416e-04 5.891284090466797352e-04 0.000000000000000000e+00 5.293851718306541443e-04 4.021262575406581163e-04 3.325410943944007158e-04 3.128481039311736822e-04 5.580739234574139118e-04 8.850367157720029354e-04
0.000000000000000000e+00 0.000000000000000000e+00 0.000000000000000000e+00 0.000000000000000000e+00 0.000000000000000000e+00 0.000000000000000000e+00 0.000000000000000000e+00 0.000000000000000000e+00 0.000000000000000000e+00 0.000000000000000000e+00 0.000000000000000000e+00
5.476702935993671417e-03 2.365404041483998299e-03 0.000000000000000000e+00 9.771245531737804413e-03 0.000000000000000000e+00 1.639285869896411896e-02 1.299379486590623856e-02 1.038225181400775909e-02 1.580402255058288574e-02 4.678981378674507141e-03 1.526170596480369568e-02
0.000000000000000000e+00 7.153186481446027756e-03 0.000000000000000000e+00 0.000000000000000000e+00 7.993547245860099792e-03 0.000000000000000000e+00 0.000000000000000000e+00 1.639027177589014173e-04 1.560209691524505615e-02 0.000000000000000000e+00 0.000000000000000000e+00
0.000000000000000000e+00 4.393691662698984146e-03 2.452152315527200699e-03 3.013774286955595016e-03 2.945172600448131561e-03 2.537554129958152771e-03 1.475936733186244965e-03 5.544986575841903687e-03 0.000000000000000000e+00 0.000000000000000000e+00 0.000000000000000000e+00
9.318491443991661072e-03 1.490980735979974270e-03 9.103982709348201752e-03 0.000000000000000000e+00 4.667023941874504089e-02 5.315652117133140564e-03 3.079508431255817413e-03 0.000000000000000000e+00 4.102385602891445160e-03 0.000000000000000000e+00 1.434999238699674606e-02
0.000000000000000000e+00 0.000000000000000000e+00 7.963257303345017135e-06 2.525769104977371171e-06 1.046370834956178442e-05 0.000000000000000000e+00 3.663100642370409332e-06 1.429237045158515684e-06 0.000000000000000000e+00 4.649662059819092974e-06 0.000000000000000000e+00
