0.000000000000000000e+00 0.000000000000000000e+00 1.112609286792576313e-03 0.000000000000000000e+00 0.000000000000000000e+00 0.000000000000000000e+00 0.000000000000000000e+00 0.000000000000000000e+00 0.000000000000000000e+00 0.000000000000000000e+00 0.000000000000000000e+00
4.819387570023536682e-03 0.000000000000000000e+00 1.077329274266958237e-03 4.016154911369085312e-03 3.980639856308698654e-03 0.000000000000000000e+00 3.064839169383049011e-03 5.276885349303483963e-04 1.190395094454288483e-03 0.000000000000000000e+00 0.000000000000000000e+00
4.053750541061162949e-03 9.744828566908836365e-03 0.000000000000000000e+00 0.000000000000000000e+00 0.000000000000000000e+00 8.261557668447494507e-03 1.111667137593030930e-02 6.473092362284660339e-04 1.271502487361431122e-02 3.614828223362565041e-03 1.133271958678960800e-03
4.777095280587673187e-03 0.000000000000000000e+00 0.000000000000000000e+00 0.000000000000000000e+00 1.219401694834232330e-02 0.000000000000000000e+00 4.612649325281381607e-03 5.227760877460241318e-03 0.000000000000000000e+00 0.000000000000000000e+00 0.000000000000000000e+00
0.000000000000000000e+00 1.859478652477264404e-04 2.271131234010681510e-04 1.973023317987099290e-04 2.710505431213761085e-20 1.086257470888085663e-04 1.639787515159696341e-04 0.000000000000000000e+00 2.386762789683416486e-04 3.355238295625895262e-04 7.303410675376653671e-04
0.000000000000000000e+00 0.000000000000000000e+00 0.000000000000000000e+00 0.000000000000000000e+00 0.000000000000000000e+00 0.000000000000000000e+00 0.000000000000000000e+00 0.000000000000000000e+00 0.000000000000000000e+00 0.000000000000000000e+00 8.673617379884035472e-19
1.002977485768496990e-03 1.220134086906909943e-03 0.000000000000000000e+00 9.821495972573757172e-03 0.000000000000000000e+00 5.490375682711601257e-03 7.350327912718057632e-03 5.462012719362974167e-03 5.749099655076861382e-04 9.354387409985065460e-03 3.951521124690771103e-03
0.000000000000000000e+00 3.270701505243778229e-03 0.000000000000000000e+00 0.000000000000000000e+00 1.443939050659537315e-03 1.067977398633956909e-03 2.669152105227112770e-03 8.054743520915508270e-03 7.832811214029788971e-03 0.000000000000000000e+00 3.401540452614426613e-04
0.000000000000000000e+00 1.232965383678674698e-03 0.000000000000000000e+00 3.752834629267454147e-03 0.000000000000000000e+00 0.000000000000000000e+00 3.351858584210276604e-03 1.002053380943834782e-03 0.000000000000000000e+00 4.370250739157199860e-03 0.000000000000000000e+00
1.064228825271129608e-03 2.350863767787814140e-03 5.098851397633552551e-03 1.394080114550888538e-03 4.128505662083625793e-02 7.818300276994705200e-03 0.000000000000000000e+00 1.226924359798431396e-03 4.120669793337583542e-03 0.000000000000000000e+00 1.871955022215843201e-02
0.000000000000000000e+00 0.000000000000000000e+00 4.330112005845876411e-06 1.472525354984099977e-06 7.057722541503608227e-06 0.000000000000000000e+00 0.000000000000000000e+00 1.641897597437491640e-06 1.924563321153982542e-06 2.136795274054748006e-06 0.000000000000000000e+00
