0.000000000000000000e+00 1.636563683860003948e-03 3.390588797628879547e-03 0.000000000000000000e+00 0.000000000000000000e+00 0.000000000000000000e+00 4.733345936983823776e-03 2.801069989800453186e-03 2.203623065724968910e-03 0.000000000000000000e+00 0.000000000000000000e+00
1.207831548526883125e-03 0.000000000000000000e+00 5.571315065026283264e-03 3.175815334543585777e-03 0.000000000000000000e+00 0.000000000000000000e+00 1.476886798627674580e-03 0.000000000000000000e+00 1.142781460657715797e-03 0.000000000000000000e+00 0.000000000000000000e+00
6.012208177708089352e-04 3.038503928110003471e-03 3.563023637980222702e-03 0.000000000000000000e+00 0.000000000000000000e+00 1.004055514931678772e-02 0.000000000000000000e+00 0.000000000000000000e+00 0.000000000000000000e+00 4.712394904345273972e-03 0.000000000000000000e+00
2.394845942035317421e-03 4.616974038071930408e-04 2.061295963358134031e-04 0.000000000000000000e+00 0.000000000000000000e+00 3.308850573375821114e-03 2.671300899237394333e-03 6.484429817646741867e-03 4.459149204194545746e-03 3.657118417322635651e-03 0.000000000000000000e+00
0.000000000000000000e+00 6.319594103842973709e-05 6.173984729684889317e-05 3.281300450908020139e-05 0.000000000000000000e+00 4.601047112373635173e-05 2.953412149508949369e-05 4.777058711624704301e-05 4.474278466659598053e-05 6.510037201223894954e-05 2.153219393221661448e-04
0.000000000000000000e+00 2.338050631806254387e-03 1.034735236316919327e-03 0.000000000000000000e+00 0.000000000000000000e+00 1.795537583529949188e-02 0.000000000000000000e+00 6.118238670751452446e-04 0.000000000000000000e+00 6.856175605207681656e-03 2.760963886976242065e-02
9.244338725693523884e-04 5.977881141006946564e-03 3.347527308505959809e-05 2.431842731311917305e-03 0.000000000000000000e+00 6.052178796380758286e-03 0.000000000000000000e+00 2.082519466057419777e-03 7.459910586476325989e-03 3.100009867921471596e-03 0.000000000000000000e+00
0.000000000000000000e+00 0.000000000000000000e+00 0.000000000000000000e+00 0.000000000000000000e+00 1.641148468479514122e-03 0.000000000000000000e+00 0.000000000000000000e+00 0.000000000000000000e+00 7.936001755297183990e-03 0.000000000000000000e+00 0.000000000000000000e+00
0.000000000000000000e+00 3.919817041605710983e-03 4.210733808577060699e-03 0.000000000000000000e+00 3.923945769201964140e-04 0.000000000000000000e+00 1.821176847442984581e-03 1.920548849739134312e-03 3.529045032337307930e-03 3.515779506415128708e-03 1.080497095244936645e-04
1.629267935641109943e-03 3.432700643315911293e-03 8.849894627928733826e-03 0.000000000000000000e+00 1.651915162801742554e-02 7.926870021037757397e-04 0.000000000000000000e+00 0.000000000000000000e+00 9.630668908357620239e-03 0.000000000000000000e+00 6.463011261075735092e-03
0.000000000000000000e+00 0.000000000000000000e+00 3.295189685559307691e-07 5.036881134401482996e-07 7.599733180541079491e-07 0.000000000000000000e+00 2.515335495445469860e-07 2.776615701804985292e-07 0.000000000000000000e+00 2.152254694465227658e-07 0.000000000000000000e+00
