0.000000000000000000e+00 8.291719970703125000e+02 2.721769335937500000e+04 0.000000000000000000e+00 0.000000000000000000e+00 0.000000000000000000e+00 2.106895703125000000e+04 3.389694213867187500e+02 2.198854980468750000e+02 2.552804443359375000e+03 0.000000000000000000e+00
5.582912109375000000e+04 8.087188720703125000e+01 7.931068750000000000e+04 1.385271250000000000e+05 4.144646484375000000e+04 8.257753125000000000e+04 1.273146796875000000e+05 1.125629067420959473e+00 1.088513612747192383e+00 3.525158984375000000e+04 7.216898437500000000e+04
5.075672851562500000e+03 9.889345169067382812e+00 6.808386718750000000e+03 1.110756250000000000e+04 8.882391452789306641e-02 7.321000976562500000e+03 3.296819140625000000e+04 1.253901672363281250e+02 1.067804589843750000e+04 9.769171875000000000e+03 1.783038867187500000e+04
1.504239062500000000e+04 7.185041015625000000e+03 2.852264404296875000e+00 5.102192687988281250e+02 1.318323730468750000e+03 5.638894531250000000e+03 9.301644531250000000e+03 1.215307617187500000e+04 1.607434082031250000e+01 1.133709621429443359e+01 1.091883392333984375e+02
9.020121574401855469e+00 1.345139408111572266e+01 5.864519596099853516e+00 1.472636127471923828e+01 4.537556378636509180e-06 9.316698074340820312e+00 3.449209451675415039e+00 5.215181827545166016e+00 2.714669704437255859e+00 1.183841896057128906e+01 3.957462310791015625e+01
0.000000000000000000e+00 0.000000000000000000e+00 0.000000000000000000e+00 0.000000000000000000e+00 0.000000000000000000e+00 0.000000000000000000e+00 0.000000000000000000e+00 0.000000000000000000e+00 0.000000000000000000e+00 0.000000000000000000e+00 0.000000000000000000e+00
2.141318206787109375e+02 2.231683593750000000e+04 9.204410552978515625e+00 1.106725000000000000e+04 0.000000000000000000e+00 6.656302734375000000e+03 6.084555664062500000e+03 7.778732180595397949e-01 3.231408691406250000e+03 1.253725781250000000e+04 2.464586791992187500e+02
0.000000000000000000e+00 3.376958084106445312e+01 2.228444213867187500e+02 1.069356445312500000e+04 1.249621582031250000e+04 4.500567871093750000e+03 8.358933593750000000e+03 2.612598876953125000e+02 3.389828906250000000e+04 3.707383910978023778e-08 8.388511718750000000e+03
0.000000000000000000e+00 4.579446716308593750e+02 1.032590942382812500e+02 5.250957489013671875e+01 2.003298706054687500e+03 1.666815490722656250e+02 1.002081152343750000e+04 6.588207031250000000e+03 3.719267578125000000e+03 5.135101675987243652e-01 4.838075637817382812e+01
0.000000000000000000e+00 0.000000000000000000e+00 0.000000000000000000e+00 0.000000000000000000e+00 2.412553977966308594e+01 0.000000000000000000e+00 0.000000000000000000e+00 0.000000000000000000e+00 0.000000000000000000e+00 0.000000000000000000e+00 0.000000000000000000e+00
0.000000000000000000e+00 1.207315362989902496e-04 3.036006391048431396e-01 2.290919050574302673e-02 3.296781778335571289e-01 0.000000000000000000e+00 8.619155734777450562e-03 1.845877170562744141e-01 3.423217451199889183e-03 1.360446214675903320e-01 0.000000000000000000e+00
