1.571033863001503050e-05 7.715943502262234688e-05 7.904738595243543386e-05 3.314796049380674958e-05 0.000000000000000000e+00 8.594914220338978339e-07 8.685920329298824072e-05 8.437506767222657800e-05 5.197490827413275838e-05 5.774674718850292265e-05 0.000000000000000000e+00
4.340533341746777296e-04 0.000000000000000000e+00 1.447372633265331388e-04 0.000000000000000000e+00 0.000000000000000000e+00 5.000588498660363257e-05 3.090677637374028563e-05 0.000000000000000000e+00 3.168960683979094028e-04 0.000000000000000000e+00 0.000000000000000000e+00
0.000000000000000000e+00 1.533583563286811113e-04 2.132434747181832790e-04 0.000000000000000000e+00 6.049643343430943787e-05 1.980836823349818587e-04 0.000000000000000000e+00 0.000000000000000000e+00 0.000000000000000000e+00 1.420657354174181819e-04 0.000000000000000000e+00
4.695975221693515778e-04 4.312095188652165234e-05 2.137160045094788074e-04 7.453594298567622900e-05 1.819860190153121948e-04 0.000000000000000000e+00 0.000000000000000000e+00 2.015903592109680176e-04 0.000000000000000000e+00 0.000000000000000000e+00 0.000000000000000000e+00
9.589054570824373513e-06 4.400076431920751929e-05 2.635059536260087043e-05 3.775970981223508716e-05 0.000000000000000000e+00 3.615985042415559292e-05 3.910324812750332057e-05 4.374520722194574773e-05 4.222507050144486129e-05 5.348590275389142334e-05 9.063441393664106727e-05
0.000000000000000000e+00 0.000000000000000000e+00 1.918941707117483020e-04 0.000000000000000000e+00 0.000000000000000000e+00 1.537736156024038792e-03 0.000000000000000000e+00 2.322819054825231433e-04 0.000000000000000000e+00 3.174083249177783728e-04 1.717186998575925827e-03
1.485154352849349380e-04 2.106759711750783026e-05 0.000000000000000000e+00 2.944514199043624103e-05 0.000000000000000000e+00 3.199856728315353394e-04 1.137731596827507019e-04 4.948173882439732552e-04 3.612119762692600489e-04 2.313705772394314408e-04 0.000000000000000000e+00
0.000000000000000000e+00 5.509866750799119473e-04 3.373412982909940183e-05 0.000000000000000000e+00 2.107266191160306334e-04 1.344858901575207710e-04 0.000000000000000000e+00 9.660770592745393515e-05 1.151315955212339759e-04 0.000000000000000000e+00 0.000000000000000000e+00
2.998124400619417429e-04 9.004230378195643425e-05 1.843170466599985957e-04 0.000000000000000000e+00 0.000000000000000000e+00 0.000000000000000000e+00 3.099111199844628572e-04 0.000000000000000000e+00 0.000000000000000000e+00 0.000000000000000000e+00 0.000000000000000000e+00
2.097904070978984237e-04 0.000000000000000000e+00 6.160416523925960064e-04 0.000000000000000000e+00 1.497689168900251389e-03 0.000000000000000000e+00 0.000000000000000000e+00 0.000000000000000000e+00 1.829568500397726893e-04 2.856660830730106682e-05 6.732334732078015804e-04
0.000000000000000000e+00 0.000000000000000000e+00 7.509093506996578071e-07 3.096472482866374776e-07 1.465790774091146886e-06 0.000000000000000000e+00 2.222821109398864792e-07 5.993594527353707235e-07 0.000000000000000000e+00 1.349174851839052280e-07 0.000000000000000000e+00
