0.000000000000000000e+00 1.396411680616438389e-03 3.256797092035412788e-03 0.000000000000000000e+00 0.000000000000000000e+00 0.000000000000000000e+00 2.955968957394361496e-03 0.000000000000000000e+00 7.426078431308269501e-03 0.000000000000000000e+00 0.000000000000000000e+00
5.374528467655181885e-03 0.000000000000000000e+00 2.821678295731544495e-03 7.183564594015479088e-04 1.772128744050860405e-03 0.000000000000000000e+00 6.008603144437074661e-03 1.333801308646798134e-03 0.000000000000000000e+00 1.257103518582880497e-03 1.096025109291076660e-03
0.000000000000000000e+00 2.338184742256999016e-03 0.000000000000000000e+00 3.108151722699403763e-03 1.963729970157146454e-03 0.000000000000000000e+00 6.311766337603330612e-03 0.000000000000000000e+00 4.675024654716253281e-03 6.332510150969028473e-03 0.000000000000000000e+00
1.112959347665309906e-02 0.000000000000000000e+00 0.000000000000000000e+00 0.000000000000000000e+00 1.193112973123788834e-02 0.000000000000000000e+00 0.000000000000000000e+00 9.863578714430332184e-03 3.398738801479339600e-03 0.000000000000000000e+00 0.000000000000000000e+00
0.000000000000000000e+00 0.000000000000000000e+00 9.746973955770954490e-05 5.315415546647273004e-05 0.000000000000000000e+00 5.605551268672570586e-05 6.093089905334636569e-05 0.000000000000000000e+00 0.000000000000000000e+00 1.567900180816650391e-04 3.759339742828160524e-04
0.000000000000000000e+00 0.000000000000000000e+00 0.000000000000000000e+00 0.000000000000000000e+00 0.000000000000000000e+00 0.000000000000000000e+00 0.000000000000000000e+00 0.000000000000000000e+00 0.000000000000000000e+00 0.000000000000000000e+00 0.000000000000000000e+00
3.070003818720579147e-03 1.106596924364566803e-02 0.000000000000000000e+00 1.564420992508530617e-03 0.000000000000000000e+00 7.507341448217630386e-03 0.000000000000000000e+00 6.932560820132493973e-03 9.802868589758872986e-04 8.587324060499668121e-03 9.642890654504299164e-03
0.000000000000000000e+00 0.000000000000000000e+00 0.000000000000000000e+00 0.000000000000000000e+00 5.301979370415210724e-03 0.000000000000000000e+00 0.000000000000000000e+00 0.000000000000000000e+00 6.212290376424789429e-03 0.000000000000000000e+00 0.000000000000000000e+00
0.000000000000000000e+00 1.054321648553013802e-03 5.447138100862503052e-03 0.000000000000000000e+00 0.000000000000000000e+00 0.000000000000000000e+00 2.749091712757945061e-03 4.190323234070092440e-04 1.915408414788544178e-03 1.224292907863855362e-03 1.548961969092488289e-03
9.448192082345485687e-03 7.041939068585634232e-03 1.018563657999038696e-02 0.000000000000000000e+00 3.386953845620155334e-02 0.000000000000000000e+00 2.122385660186409950e-03 0.000000000000000000e+00 1.704701222479343414e-02 0.000000000000000000e+00 3.087442601099610329e-03
0.000000000000000000e+00 2.428939978926791809e-06 6.221271632966818288e-06 1.879639967228285968e-06 8.838536814437247813e-06 0.000000000000000000e+00 7.000853656791150570e-06 4.519747562881093472e-06 1.465176751480612438e-06 3.589964990169391967e-06 0.000000000000000000e+00
