0.000000000000000000e+00 5.712423473596572876e-03 0.000000000000000000e+00 0.000000000000000000e+00 0.000000000000000000e+00 0.000000000000000000e+00 3.954945597797632217e-03 0.000000000000000000e+00 6.071396637707948685e-04 0.000000000000000000e+00 0.000000000000000000e+00
8.049449883401393890e-03 0.000000000000000000e+00 9.896083734929561615e-03 3.403406590223312378e-03 2.084282226860523224e-03 0.000000000000000000e+00 0.000000000000000000e+00 0.000000000000000000e+00 6.207135971635580063e-03 0.000000000000000000e+00 0.000000000000000000e+00
0.000000000000000000e+00 5.370785016566514969e-03 4.705120809376239777e-03 0.000000000000000000e+00 0.000000000000000000e+00 0.000000000000000000e+00 0.000000000000000000e+00 0.000000000000000000e+00 0.000000000000000000e+00 1.866870187222957611e-02 7.296405266970396042e-03
9.478934109210968018e-03 0.000000000000000000e+00 0.000000000000000000e+00 0.000000000000000000e+00 0.000000000000000000e+00 8.545782417058944702e-03 0.000000000000000000e+00 9.321026504039764404e-03 0.000000000000000000e+00 0.000000000000000000e+00 0.000000000000000000e+00
6.306400609901174903e-05 2.397707285126671195e-04 1.892538130050525069e-04 2.241608162876218557e-04 0.000000000000000000e+00 2.317181497346609831e-04 2.137979899998754263e-04 4.964078834746032953e-05 2.521099813748151064e-04 2.229773526778444648e-04 5.685535725206136703e-04
0.000000000000000000e+00 0.000000000000000000e+00 0.000000000000000000e+00 0.000000000000000000e+00 0.000000000000000000e+00 0.000000000000000000e+00 0.000000000000000000e+00 0.000000000000000000e+00 0.000000000000000000e+00 0.000000000000000000e+00 0.000000000000000000e+00
2.544680610299110413e-03 7.534943521022796631e-03 0.000000000000000000e+00 0.000000000000000000e+00 0.000000000000000000e+00 4.632316995412111282e-03 2.508418401703238487e-03 6.338230450637638569e-04 1.539334841072559357e-02 4.310980439186096191e-03 1.444983854889869690e-02
0.000000000000000000e+00 5.657606292515993118e-03 1.842724042944610119e-03 0.000000000000000000e+00 0.000000000000000000e+00 0.000000000000000000e+00 0.000000000000000000e+00 0.000000000000000000e+00 7.585562299937009811e-03 5.895973183214664459e-03 0.000000000000000000e+00
0.000000000000000000e+00 1.136653032153844833e-02 3.054997883737087250e-03 0.000000000000000000e+00 0.000000000000000000e+00 2.501205541193485260e-03 7.534929318353533745e-04 3.167573595419526100e-03 2.902025356888771057e-03 0.000000000000000000e+00 7.417309680022299290e-04
9.621946141123771667e-03 3.331956919282674789e-03 2.814747765660285950e-02 0.000000000000000000e+00 4.373883083462715149e-02 0.000000000000000000e+00 0.000000000000000000e+00 0.000000000000000000e+00 1.067132502794265747e-02 0.000000000000000000e+00 4.265612456947565079e-03
0.000000000000000000e+00 0.000000000000000000e+00 2.682414105947827920e-06 6.089293833611009177e-07 7.801880201441235840e-06 0.000000000000000000e+00 2.822074065988999791e-06 3.269046601417358033e-06 1.242104758603090886e-06 3.743174829651252367e-06 0.000000000000000000e+00
