0.000000000000000000e+00 0.000000000000000000e+00 1.327721169218420982e-03 0.000000000000000000e+00 0.000000000000000000e+00 0.000000000000000000e+00 1.737334416247904301e-03 8.434394840151071548e-04 7.139632361941039562e-04 0.000000000000000000e+00 0.000000000000000000e+00
3.171695861965417862e-03 0.000000000000000000e+00 8.473522029817104340e-04 0.000000000000000000e+00 5.912299384362995625e-04 0.000000000000000000e+00 0.000000000000000000e+00 0.000000000000000000e+00 0.000000000000000000e+00 0.000000000000000000e+00 0.000000000000000000e+00
0.000000000000000000e+00 0.000000000000000000e+00 1.988481089938431978e-04 0.000000000000000000e+00 1.680655637755990028e-03 0.000000000000000000e+00 7.565657142549753189e-04 0.000000000000000000e+00 0.000000000000000000e+00 1.316887908615171909e-03 0.000000000000000000e+00
3.671807935461401939e-03 9.834819938987493515e-04 9.768677409738302231e-04 0.000000000000000000e+00 0.000000000000000000e+00 0.000000000000000000e+00 0.000000000000000000e+00 9.159243199974298477e-04 1.931046717800199986e-04 7.014544098637998104e-04 0.000000000000000000e+00
3.662535527837462723e-05 7.319155702134594321e-05 4.232379433233290911e-05 6.245813710847869515e-05 0.000000000000000000e+00 8.335150778293609619e-05 6.998085882514715195e-05 4.906282993033528328e-05 7.864552026148885489e-05 8.792767039267346263e-05 1.635886728763580322e-04
0.000000000000000000e+00 3.130491313640959561e-05 0.000000000000000000e+00 0.000000000000000000e+00 0.000000000000000000e+00 9.701099246740341187e-03 0.000000000000000000e+00 0.000000000000000000e+00 0.000000000000000000e+00 1.506414730101823807e-03 1.122526731342077255e-02
8.151420624926686287e-04 4.150139284320175648e-04 0.000000000000000000e+00 3.193617099896073341e-03 0.000000000000000000e+00 3.049545688554644585e-03 0.000000000000000000e+00 1.135013299062848091e-03 9.838083060458302498e-04 1.306752557866275311e-03 7.177704246714711189e-04
0.000000000000000000e+00 1.140894950367510319e-03 6.808137986809015274e-04 0.000000000000000000e+00 1.075682695955038071e-03 6.502227042801678181e-04 0.000000000000000000e+00 0.000000000000000000e+00 0.000000000000000000e+00 0.000000000000000000e+00 0.000000000000000000e+00
0.000000000000000000e+00 8.878021617420017719e-05 4.973763716407120228e-04 4.191104017081670463e-05 0.000000000000000000e+00 3.050101804547011852e-04 2.530089346691966057e-03 2.250543548143468797e-05 0.000000000000000000e+00 4.401886835694313049e-04 1.110421842895448208e-03
2.837777603417634964e-03 0.000000000000000000e+00 2.620595507323741913e-03 5.965043674223124981e-04 8.249422535300254822e-03 0.000000000000000000e+00 0.000000000000000000e+00 0.000000000000000000e+00 2.198187401518225670e-03 0.000000000000000000e+00 4.518319852650165558e-03
0.000000000000000000e+00 1.930718696030453430e-07 4.450834865110664396e-07 1.335506993882518145e-07 9.339462962998368312e-07 0.000000000000000000e+00 2.406107313390748459e-08 6.664887450824608095e-07 1.959167406084816321e-08 4.505365325258026132e-07 4.667787223411323794e-08
