0.000000000000000000e+00 7.992781698703765869e-03 1.741276006214320660e-03 0.000000000000000000e+00 0.000000000000000000e+00 0.000000000000000000e+00 0.000000000000000000e+00 2.130882581695914268e-03 0.000000000000000000e+00 0.000000000000000000e+00 0.000000000000000000e+00
1.319568417966365814e-02 0.000000000000000000e+00 1.958378823474049568e-03 0.000000000000000000e+00 0.000000000000000000e+00 0.000000000000000000e+00 2.116374438628554344e-03 2.377049531787633896e-03 0.000000000000000000e+00 0.000000000000000000e+00 0.000000000000000000e+00
0.000000000000000000e+00 8.154269307851791382e-03 3.409143304452300072e-03 4.511560779064893723e-03 6.636140868067741394e-03 0.000000000000000000e+00 0.000000000000000000e+00 0.000000000000000000e+00 2.184208948165178299e-03 7.910266518592834473e-03 0.000000000000000000e+00
8.538912981748580933e-03 1.395997940562665462e-03 0.000000000000000000e+00 0.000000000000000000e+00 3.256687661632895470e-03 1.325737335719168186e-03 6.029432639479637146e-03 5.309713073074817657e-03 7.460716180503368378e-03 0.000000000000000000e+00 0.000000000000000000e+00
1.823283237172290683e-04 2.537163964007049799e-04 2.155375404981896281e-04 2.324788802070543170e-04 0.000000000000000000e+00 2.730255073402076960e-04 1.653515064390376210e-04 1.627956953598186374e-04 2.648577501531690359e-04 3.132959245704114437e-04 4.864037910010665655e-04
0.000000000000000000e+00 0.000000000000000000e+00 0.000000000000000000e+00 0.000000000000000000e+00 0.000000000000000000e+00 0.000000000000000000e+00 0.000000000000000000e+00 0.000000000000000000e+00 0.000000000000000000e+00 0.000000000000000000e+00 0.000000000000000000e+00
5.463884212076663971e-03 7.010176777839660645e-03 0.000000000000000000e+00 0.000000000000000000e+00 0.000000000000000000e+00 0.000000000000000000e+00 6.261375732719898224e-03 4.017958883196115494e-03 7.777091115713119507e-03 0.000000000000000000e+00 4.420438315719366074e-03
0.000000000000000000e+00 7.088933140039443970e-03 1.727730559650808573e-04 0.000000000000000000e+00 0.000000000000000000e+00 0.000000000000000000e+00 0.000000000000000000e+00 0.000000000000000000e+00 3.336588852107524872e-03 0.000000000000000000e+00 0.000000000000000000e+00
0.000000000000000000e+00 3.792459378018975258e-03 0.000000000000000000e+00 0.000000000000000000e+00 0.000000000000000000e+00 0.000000000000000000e+00 0.000000000000000000e+00 0.000000000000000000e+00 0.000000000000000000e+00 0.000000000000000000e+00 0.000000000000000000e+00
7.642715238034725189e-03 7.956128567457199097e-03 1.003320608288049698e-02 0.000000000000000000e+00 3.813969716429710388e-02 2.921515144407749176e-03 0.000000000000000000e+00 0.000000000000000000e+00 7.090825587511062622e-03 0.000000000000000000e+00 5.044361110776662827e-03
0.000000000000000000e+00 0.000000000000000000e+00 5.586676707025617361e-06 1.275292760283264215e-07 8.784388228377792984e-06 0.000000000000000000e+00 3.605596816669276450e-07 1.570973381603835151e-06 0.000000000000000000e+00 2.044939492407138459e-06 0.000000000000000000e+00
