0.000000000000000000e+00 0.000000000000000000e+00 0.000000000000000000e+00 0.000000000000000000e+00 0.000000000000000000e+00 0.000000000000000000e+00 3.999792039394378662e-03 0.000000000000000000e+00 1.578798866830766201e-03 0.000000000000000000e+00 0.000000000000000000e+00
6.631715223193168640e-03 0.000000000000000000e+00 9.836452081799507141e-03 2.194784348830580711e-03 8.140801452100276947e-03 0.000000000000000000e+00 0.000000000000000000e+00 0.000000000000000000e+00 0.000000000000000000e+00 0.000000000000000000e+00 0.000000000000000000e+00
0.000000000000000000e+00 7.819668389856815338e-03 0.000000000000000000e+00 2.747514517977833748e-03 0.000000000000000000e+00 9.081166237592697144e-03 3.886454273015260696e-03 0.000000000000000000e+00 0.000000000000000000e+00 6.100371014326810837e-03 1.846065861172974110e-03
6.945518776774406433e-03 0.000000000000000000e+00 0.000000000000000000e+00 1.282125944271683693e-03 3.498889971524477005e-03 6.207067053765058517e-03 6.883696769364178181e-04 5.402400624006986618e-03 6.127235246822237968e-04 1.059363246895372868e-03 0.000000000000000000e+00
3.483138789306394756e-05 2.125318133039399981e-04 2.899617829825729132e-04 1.450555864721536636e-04 0.000000000000000000e+00 1.121663808589801192e-04 2.030446194112300873e-04 2.191553794546052814e-04 2.088865003315731883e-04 1.990346790989860892e-04 6.720243836753070354e-04
0.000000000000000000e+00 0.000000000000000000e+00 0.000000000000000000e+00 0.000000000000000000e+00 0.000000000000000000e+00 0.000000000000000000e+00 0.000000000000000000e+00 0.000000000000000000e+00 0.000000000000000000e+00 0.000000000000000000e+00 0.000000000000000000e+00
4.683851148001849651e-04 0.000000000000000000e+00 0.000000000000000000e+00 2.341327024623751640e-03 0.000000000000000000e+00 0.000000000000000000e+00 6.877030711621046066e-03 5.303959362208843231e-03 1.214187778532505035e-02 4.592805635184049606e-03 1.934079453349113464e-03
0.000000000000000000e+00 4.836533218622207642e-03 2.065741922706365585e-03 0.000000000000000000e+00 0.000000000000000000e+00 0.000000000000000000e+00 0.000000000000000000e+00 2.138159703463315964e-03 9.775616228580474854e-03 0.000000000000000000e+00 0.000000000000000000e+00
0.000000000000000000e+00 1.508121262304484844e-03 9.720692178234457970e-04 0.000000000000000000e+00 0.000000000000000000e+00 0.000000000000000000e+00 0.000000000000000000e+00 0.000000000000000000e+00 5.707778967916965485e-03 0.000000000000000000e+00 1.291650813072919846e-03
0.000000000000000000e+00 0.000000000000000000e+00 1.335685886442661285e-02 0.000000000000000000e+00 3.954158723354339600e-02 1.521088881418108940e-03 0.000000000000000000e+00 0.000000000000000000e+00 4.623742308467626572e-03 0.000000000000000000e+00 1.284633949398994446e-02
0.000000000000000000e+00 0.000000000000000000e+00 2.976934410980902612e-06 1.753371918766788440e-07 6.688233497698092833e-06 0.000000000000000000e+00 1.405033003720745910e-06 1.667800574978173245e-06 0.000000000000000000e+00 2.205122427767491899e-06 0.000000000000000000e+00
