0.000000000000000000e+00 0.000000000000000000e+00 1.514594536274671555e-03 0.000000000000000000e+00 0.000000000000000000e+00 0.000000000000000000e+00 7.699907291680574417e-04 0.000000000000000000e+00 0.000000000000000000e+00 0.000000000000000000e+00 0.000000000000000000e+00
6.009546574205160141e-03 0.000000000000000000e+00 2.241374459117650986e-03 8.361561340279877186e-04 0.000000000000000000e+00 0.000000000000000000e+00 1.886439044028520584e-03 0.000000000000000000e+00 2.228520344942808151e-03 0.000000000000000000e+00 0.000000000000000000e+00
1.741206855513155460e-03 9.848178364336490631e-03 6.631961441598832607e-04 0.000000000000000000e+00 3.597146132960915565e-04 6.410144269466400146e-03 0.000000000000000000e+00 0.000000000000000000e+00 1.849652035161852837e-03 3.758832812309265137e-03 4.005215596407651901e-03
0.000000000000000000e+00 0.000000000000000000e+00 0.000000000000000000e+00 0.000000000000000000e+00 1.856293762102723122e-03 0.000000000000000000e+00 1.082882378250360489e-02 1.640135049819946289e-02 0.000000000000000000e+00 0.000000000000000000e+00 0.000000000000000000e+00
1.924688403960317373e-04 2.985423780046403408e-04 3.167915856465697289e-04 3.527123481035232544e-04 0.000000000000000000e+00 1.964312250493094325e-04 2.783536911010742188e-04 2.149151259800419211e-04 2.510347112547606230e-04 4.479972994886338711e-04 5.791727453470230103e-04
0.000000000000000000e+00 0.000000000000000000e+00 0.000000000000000000e+00 0.000000000000000000e+00 0.000000000000000000e+00 1.043500378727912903e-04 0.000000000000000000e+00 0.000000000000000000e+00 0.000000000000000000e+00 0.000000000000000000e+00 0.000000000000000000e+00
2.233942504972219467e-03 0.000000000000000000e+00 0.000000000000000000e+00 0.000000000000000000e+00 0.000000000000000000e+00 1.406017923727631569e-03 1.683913404121994972e-03 0.000000000000000000e+00 2.969533903524279594e-03 5.062998738139867783e-03 5.732215009629726410e-03
0.000000000000000000e+00 2.316913567483425140e-03 0.000000000000000000e+00 0.000000000000000000e+00 4.144012462347745895e-03 3.503309795632958412e-03 1.610029139555990696e-03 3.891827363986521959e-04 2.718848409131169319e-03 3.112305654212832451e-03 0.000000000000000000e+00
0.000000000000000000e+00 7.145581766963005066e-03 4.830216988921165466e-03 6.688904482871294022e-03 0.000000000000000000e+00 0.000000000000000000e+00 2.114297822117805481e-03 0.000000000000000000e+00 0.000000000000000000e+00 0.000000000000000000e+00 3.834941191598773003e-03
1.079855300486087799e-02 6.951353978365659714e-03 6.898071151226758957e-03 0.000000000000000000e+00 4.333136975765228271e-02 0.000000000000000000e+00 3.088863100856542587e-03 0.000000000000000000e+00 0.000000000000000000e+00 0.000000000000000000e+00 1.466659549623727798e-02
0.000000000000000000e+00 0.000000000000000000e+00 2.311023308720905334e-06 8.994218774205364753e-07 5.963301646261243150e-06 0.000000000000000000e+00 0.000000000000000000e+00 1.010207370200078003e-06 0.000000000000000000e+00 1.958698021553573199e-06 0.000000000000000000e+00
