0.000000000000000000e+00 0.000000000000000000e+00 1.546818064525723457e-03 0.000000000000000000e+00 0.000000000000000000e+00 0.000000000000000000e+00 0.000000000000000000e+00 1.048810663633048534e-03 0.000000000000000000e+00 0.000000000000000000e+00 0.000000000000000000e+00
2.151562087237834930e-02 0.000000000000000000e+00 1.425529946573078632e-03 0.000000000000000000e+00 0.000000000000000000e+00 0.000000000000000000e+00 2.345531480386853218e-03 3.320898395031690598e-03 0.000000000000000000e+00 4.730190150439739227e-03 0.000000000000000000e+00
0.000000000000000000e+00 1.023799180984497070e-02 3.221330931410193443e-03 3.807798493653535843e-04 1.124486047774553299e-02 6.287465337663888931e-03 2.220651367679238319e-03 0.000000000000000000e+00 7.481776643544435501e-03 7.070896215736865997e-03 0.000000000000000000e+00
1.200021523982286453e-02 0.000000000000000000e+00 0.000000000000000000e+00 0.000000000000000000e+00 1.042310893535614014e-02 0.000000000000000000e+00 0.000000000000000000e+00 1.122803241014480591e-02 0.000000000000000000e+00 2.153304638341069221e-03 0.000000000000000000e+00
4.852445999858900905e-05 2.309425908606499434e-04 1.674229570198804140e-04 1.058334601111710072e-04 0.000000000000000000e+00 3.526711370795965195e-04 9.081229654839262366e-05 8.301876368932425976e-05 1.634171640034765005e-04 4.472064319998025894e-04 9.880935540422797203e-04
0.000000000000000000e+00 0.000000000000000000e+00 0.000000000000000000e+00 0.000000000000000000e+00 0.000000000000000000e+00 5.300402408465743065e-04 0.000000000000000000e+00 0.000000000000000000e+00 0.000000000000000000e+00 0.000000000000000000e+00 0.000000000000000000e+00
1.643132418394088745e-02 8.497316390275955200e-03 0.000000000000000000e+00 2.666553249582648277e-03 0.000000000000000000e+00 1.035201270133256912e-02 2.187026198953390121e-03 6.489899475127458572e-03 7.812076713889837265e-03 1.420448417775332928e-03 4.451657179743051529e-03
0.000000000000000000e+00 2.454620320349931717e-03 6.293194019235670567e-04 0.000000000000000000e+00 3.567775245755910873e-03 3.528420638758689165e-04 4.717107396572828293e-03 3.021378688572440296e-05 5.690541584044694901e-03 0.000000000000000000e+00 0.000000000000000000e+00
5.148168187588453293e-03 5.999344866722822189e-03 3.446575254201889038e-03 0.000000000000000000e+00 0.000000000000000000e+00 9.682252071797847748e-03 1.198203302919864655e-02 0.000000000000000000e+00 0.000000000000000000e+00 9.464849717915058136e-03 1.446096459403634071e-03
9.371318854391574860e-03 2.935479627922177315e-03 8.777903392910957336e-03 0.000000000000000000e+00 4.378498345613479614e-02 0.000000000000000000e+00 0.000000000000000000e+00 1.437584869563579559e-04 9.543799795210361481e-03 0.000000000000000000e+00 1.328942272812128067e-02
0.000000000000000000e+00 7.443304070875456091e-07 7.591101166326552629e-06 3.115986828561290167e-06 1.051931212714407593e-05 0.000000000000000000e+00 1.630344627301383298e-06 3.276636789451004006e-06 3.915164597856346518e-06 3.422382405915413983e-06 0.000000000000000000e+00
