0.000000000000000000e+00 0.000000000000000000e+00 4.630233161151409149e-03 0.000000000000000000e+00 0.000000000000000000e+00 0.000000000000000000e+00 0.000000000000000000e+00 5.213127005845308304e-03 0.000000000000000000e+00 0.000000000000000000e+00 0.000000000000000000e+00
5.520043428987264633e-03 0.000000000000000000e+00 9.705038974061608315e-04 0.000000000000000000e+00 0.000000000000000000e+00 0.000000000000000000e+00 0.000000000000000000e+00 1.195044023916125298e-03 8.117035758914425969e-05 2.949689049273729324e-03 0.000000000000000000e+00
0.000000000000000000e+00 2.972061745822429657e-03 0.000000000000000000e+00 0.000000000000000000e+00 0.000000000000000000e+00 4.795399028807878494e-03 6.198734510689973831e-03 5.266488878987729549e-04 0.000000000000000000e+00 7.572708651423454285e-03 0.000000000000000000e+00
5.732711870223283768e-03 0.000000000000000000e+00 0.000000000000000000e+00 8.595904335379600525e-03 3.392612794414162636e-03 1.037558307871222496e-03 0.000000000000000000e+00 4.135321825742721558e-03 3.688320051878690720e-03 0.000000000000000000e+00 1.805513631552457809e-03
8.000013622222468257e-05 1.315436238655820489e-04 1.095886254915967584e-04 2.255129656987264752e-04 0.000000000000000000e+00 3.021144948434084654e-04 1.308161736233159900e-04 9.265601693186908960e-05 1.235347590409219265e-04 2.618242870084941387e-04 4.418322350829839706e-04
0.000000000000000000e+00 0.000000000000000000e+00 0.000000000000000000e+00 0.000000000000000000e+00 0.000000000000000000e+00 0.000000000000000000e+00 0.000000000000000000e+00 0.000000000000000000e+00 0.000000000000000000e+00 0.000000000000000000e+00 0.000000000000000000e+00
1.192705053836107254e-02 1.110356184653937817e-03 0.000000000000000000e+00 0.000000000000000000e+00 0.000000000000000000e+00 3.610985586419701576e-03 0.000000000000000000e+00 0.000000000000000000e+00 1.470603863708674908e-03 4.593816585838794708e-03 1.004422362893819809e-02
0.000000000000000000e+00 1.858543022535741329e-03 0.000000000000000000e+00 2.348386682569980621e-03 4.424074664711952209e-03 0.000000000000000000e+00 6.361718988046050072e-04 0.000000000000000000e+00 9.678063914179801941e-03 0.000000000000000000e+00 0.000000000000000000e+00
0.000000000000000000e+00 1.369617413729429245e-03 0.000000000000000000e+00 1.200920232804492116e-04 2.370023867115378380e-04 0.000000000000000000e+00 6.601657718420028687e-03 3.687815973535180092e-03 0.000000000000000000e+00 0.000000000000000000e+00 9.893435053527355194e-04
2.903349464759230614e-03 1.815952127799391747e-03 4.459283314645290375e-03 0.000000000000000000e+00 2.954998612403869629e-02 4.266639007255434990e-04 0.000000000000000000e+00 0.000000000000000000e+00 3.088803961873054504e-03 0.000000000000000000e+00 8.127224631607532501e-03
0.000000000000000000e+00 0.000000000000000000e+00 2.794373813230777159e-06 4.894717164916073671e-08 9.327208317699842155e-06 0.000000000000000000e+00 1.321421223110519350e-06 0.000000000000000000e+00 0.000000000000000000e+00 1.183735548693221062e-06 0.000000000000000000e+00
