0.000000000000000000e+00 0.000000000000000000e+00 0.000000000000000000e+00 0.000000000000000000e+00 0.000000000000000000e+00 0.000000000000000000e+00 0.000000000000000000e+00 1.381498947739601135e-02 2.271262696012854576e-03 0.000000000000000000e+00 0.000000000000000000e+00
1.170485280454158783e-02 0.000000000000000000e+00 2.027352107688784599e-03 1.791570684872567654e-03 2.533341059461236000e-03 0.000000000000000000e+00 2.803785260766744614e-03 6.550452089868485928e-04 0.000000000000000000e+00 1.912548090331256390e-03 0.000000000000000000e+00
0.000000000000000000e+00 0.000000000000000000e+00 0.000000000000000000e+00 3.501801751554012299e-03 0.000000000000000000e+00 4.080695100128650665e-03 6.816510576754808426e-03 0.000000000000000000e+00 1.100339810363948345e-03 5.183034809306263924e-04 0.000000000000000000e+00
7.037326693534851074e-03 0.000000000000000000e+00 0.000000000000000000e+00 6.222633179277181625e-03 9.164263494312763214e-03 0.000000000000000000e+00 0.000000000000000000e+00 5.163572262972593307e-03 1.811163616366684437e-03 0.000000000000000000e+00 0.000000000000000000e+00
7.563662802567705512e-05 4.383714622235856950e-05 3.249969086027704179e-05 0.000000000000000000e+00 0.000000000000000000e+00 9.206639515468850732e-05 0.000000000000000000e+00 0.000000000000000000e+00 0.000000000000000000e+00 1.982865069294348359e-05 2.975695824716240168e-04
0.000000000000000000e+00 0.000000000000000000e+00 0.000000000000000000e+00 0.000000000000000000e+00 0.000000000000000000e+00 0.000000000000000000e+00 0.000000000000000000e+00 0.000000000000000000e+00 0.000000000000000000e+00 0.000000000000000000e+00 0.000000000000000000e+00
6.418932694941759109e-03 5.085530225187540054e-03 1.811689289752393961e-04 0.000000000000000000e+00 0.000000000000000000e+00 1.867874991148710251e-03 2.761548617854714394e-03 0.000000000000000000e+00 0.000000000000000000e+00 1.243406720459461212e-02 4.348913673311471939e-03
0.000000000000000000e+00 0.000000000000000000e+00 0.000000000000000000e+00 0.000000000000000000e+00 0.000000000000000000e+00 0.000000000000000000e+00 0.000000000000000000e+00 0.000000000000000000e+00 5.867802072316408157e-03 0.000000000000000000e+00 0.000000000000000000e+00
0.000000000000000000e+00 0.000000000000000000e+00 0.000000000000000000e+00 2.605369081720709801e-03 0.000000000000000000e+00 0.000000000000000000e+00 3.538607386872172356e-03 0.000000000000000000e+00 0.000000000000000000e+00 2.327609574422240257e-03 5.813610740005970001e-03
7.052781525999307632e-03 0.000000000000000000e+00 3.633282147347927094e-03 0.000000000000000000e+00 2.542594633996486664e-02 0.000000000000000000e+00 0.000000000000000000e+00 0.000000000000000000e+00 1.049278303980827332e-02 0.000000000000000000e+00 6.567751523107290268e-03
0.000000000000000000e+00 3.483692808003979735e-06 5.583648999163415283e-06 2.060181486740475520e-06 8.763838195591233671e-06 0.000000000000000000e+00 4.406599600770277902e-06 3.875560196320293471e-06 0.000000000000000000e+00 5.469118150358553976e-06 0.000000000000000000e+00
