0.000000000000000000e+00 0.000000000000000000e+00 2.488295547664165497e-03 0.000000000000000000e+00 0.000000000000000000e+00 0.000000000000000000e+00 1.196147059090435505e-04 0.000000000000000000e+00 0.000000000000000000e+00 0.000000000000000000e+00 0.000000000000000000e+00
1.879093423485755920e-02 0.000000000000000000e+00 9.060876909643411636e-04 8.093813434243202209e-03 0.000000000000000000e+00 0.000000000000000000e+00 2.244847128167748451e-03 6.331512238830327988e-03 4.601554479449987411e-03 0.000000000000000000e+00 4.911965224891901016e-03
0.000000000000000000e+00 0.000000000000000000e+00 1.603919430635869503e-03 0.000000000000000000e+00 1.242233626544475555e-02 4.526914563030004501e-03 4.201197065412998199e-03 0.000000000000000000e+00 0.000000000000000000e+00 1.192293129861354828e-02 3.268666332587599754e-03
1.863371767103672028e-02 5.849895998835563660e-03 0.000000000000000000e+00 0.000000000000000000e+00 0.000000000000000000e+00 0.000000000000000000e+00 0.000000000000000000e+00 1.622501015663146973e-02 9.441797621548175812e-03 0.000000000000000000e+00 0.000000000000000000e+00
9.257493366021662951e-05 1.523920072941109538e-04 2.340987703064456582e-04 7.050205749692395329e-05 0.000000000000000000e+00 1.689173222985118628e-04 1.447217655368149281e-04 0.000000000000000000e+00 3.487648209556937218e-04 3.734930651262402534e-04 6.441051955334842205e-04
0.000000000000000000e+00 0.000000000000000000e+00 0.000000000000000000e+00 0.000000000000000000e+00 0.000000000000000000e+00 0.000000000000000000e+00 0.000000000000000000e+00 0.000000000000000000e+00 0.000000000000000000e+00 0.000000000000000000e+00 1.823104103095829487e-03
5.238583777099847794e-03 4.776117391884326935e-03 0.000000000000000000e+00 7.426168769598007202e-03 0.000000000000000000e+00 0.000000000000000000e+00 0.000000000000000000e+00 1.476289355196058750e-03 1.534935669042170048e-03 1.060024369508028030e-02 2.276059938594698906e-03
0.000000000000000000e+00 0.000000000000000000e+00 0.000000000000000000e+00 0.000000000000000000e+00 5.313678411766886711e-04 9.964586934074759483e-05 0.000000000000000000e+00 1.048638718202710152e-03 1.800892408937215805e-03 0.000000000000000000e+00 0.000000000000000000e+00
0.000000000000000000e+00 9.452223457628861070e-05 6.086019333451986313e-03 0.000000000000000000e+00 0.000000000000000000e+00 5.609577056020498276e-03 0.000000000000000000e+00 3.804923733696341515e-03 3.582251025363802910e-03 0.000000000000000000e+00 3.669084282591938972e-03
1.433727052062749863e-02 9.763012640178203583e-03 1.695850491523742676e-02 0.000000000000000000e+00 4.353693872690200806e-02 0.000000000000000000e+00 0.000000000000000000e+00 0.000000000000000000e+00 1.080126594752073288e-02 4.300257191061973572e-03 2.135575376451015472e-02
0.000000000000000000e+00 0.000000000000000000e+00 3.216754294044221751e-06 2.348672751395497471e-06 5.117238288221415132e-06 0.000000000000000000e+00 2.039269475062610582e-06 2.336918896617135033e-06 0.000000000000000000e+00 2.867997409339295700e-06 0.000000000000000000e+00
