0.000000000000000000e+00 0.000000000000000000e+00 2.633435069583356380e-04 0.000000000000000000e+00 0.000000000000000000e+00 0.000000000000000000e+00 0.000000000000000000e+00 0.000000000000000000e+00 0.000000000000000000e+00 0.000000000000000000e+00 0.000000000000000000e+00
1.703078672289848328e-02 0.000000000000000000e+00 7.841493003070354462e-03 5.127366166561841965e-03 1.229437883011996746e-03 0.000000000000000000e+00 0.000000000000000000e+00 0.000000000000000000e+00 2.303820103406906128e-03 5.410884041339159012e-03 0.000000000000000000e+00
0.000000000000000000e+00 6.901173852384090424e-03 7.209833711385726929e-04 4.434030037373304367e-03 0.000000000000000000e+00 7.429135497659444809e-03 3.494994016364216805e-03 0.000000000000000000e+00 4.998681833967566490e-04 8.449395187199115753e-03 0.000000000000000000e+00
1.648403354920446873e-03 0.000000000000000000e+00 0.000000000000000000e+00 6.854772072983905673e-05 2.159068593755364418e-03 4.199575341772288084e-04 4.282805602997541428e-03 1.357448101043701172e-02 0.000000000000000000e+00 0.000000000000000000e+00 0.000000000000000000e+00
0.000000000000000000e+00 0.000000000000000000e+00 0.000000000000000000e+00 3.265645136707462370e-05 0.000000000000000000e+00 1.604789758857805282e-05 0.000000000000000000e+00 6.151909019536105916e-06 0.000000000000000000e+00 6.281983223743736744e-05 2.004915731959044933e-04
0.000000000000000000e+00 0.000000000000000000e+00 0.000000000000000000e+00 0.000000000000000000e+00 0.000000000000000000e+00 0.000000000000000000e+00 0.000000000000000000e+00 0.000000000000000000e+00 0.000000000000000000e+00 0.000000000000000000e+00 0.000000000000000000e+00
9.596555493772029877e-03 8.471191860735416412e-03 0.000000000000000000e+00 3.941250499337911606e-03 0.000000000000000000e+00 5.664110183715820312e-03 1.253798836842179298e-03 4.801108036190271378e-03 6.413714028894901276e-03 9.486348368227481842e-03 1.335667259991168976e-02
0.000000000000000000e+00 1.994380494579672813e-03 0.000000000000000000e+00 3.528983332216739655e-03 0.000000000000000000e+00 0.000000000000000000e+00 2.808420453220605850e-03 0.000000000000000000e+00 1.529057137668132782e-02 8.498296374455094337e-04 0.000000000000000000e+00
0.000000000000000000e+00 4.696570802479982376e-03 1.161469772341661155e-04 0.000000000000000000e+00 3.353264648467302322e-03 0.000000000000000000e+00 6.021031644195318222e-03 5.097246728837490082e-03 0.000000000000000000e+00 4.481289535760879517e-03 3.789258189499378204e-04
7.829733192920684814e-03 1.022701035253703594e-03 1.276598684489727020e-02 0.000000000000000000e+00 3.800524398684501648e-02 0.000000000000000000e+00 0.000000000000000000e+00 0.000000000000000000e+00 1.838982570916414261e-03 0.000000000000000000e+00 1.262717135250568390e-02
0.000000000000000000e+00 1.112889663090754766e-06 3.596440365072339773e-06 2.646876282597077079e-06 6.923693035787437111e-06 0.000000000000000000e+00 3.020579242729581892e-06 1.045121280185412616e-06 2.297714900123537518e-06 1.457534381188452244e-06 0.000000000000000000e+00
