0.000000000000000000e+00 0.000000000000000000e+00 1.188351539894938469e-03 0.000000000000000000e+00 0.000000000000000000e+00 0.000000000000000000e+00 2.065419452264904976e-03 8.199598523788154125e-04 0.000000000000000000e+00 0.000000000000000000e+00 0.000000000000000000e+00
2.407638588920235634e-03 0.000000000000000000e+00 0.000000000000000000e+00 0.000000000000000000e+00 0.000000000000000000e+00 0.000000000000000000e+00 0.000000000000000000e+00 0.000000000000000000e+00 0.000000000000000000e+00 0.000000000000000000e+00 0.000000000000000000e+00
0.000000000000000000e+00 1.232355600222945213e-03 0.000000000000000000e+00 0.000000000000000000e+00 1.059358241036534309e-03 1.836290583014488220e-03 9.454549872316420078e-04 0.000000000000000000e+00 0.000000000000000000e+00 0.000000000000000000e+00 0.000000000000000000e+00
2.503917086869478226e-03 9.482774185016751289e-04 5.188242066651582718e-04 0.000000000000000000e+00 4.799645685125142336e-04 0.000000000000000000e+00 6.114469724707305431e-04 1.016573165543377399e-03 1.440859283320605755e-03 1.345582772046327591e-03 0.000000000000000000e+00
7.977573841344565153e-05 1.347207144135609269e-04 1.130433447542600334e-04 1.589780440554022789e-04 0.000000000000000000e+00 1.452216238249093294e-04 1.376486325170844793e-04 9.521342872176319361e-05 2.011819160543382168e-04 2.485285513103008270e-04 2.930900955107063055e-04
0.000000000000000000e+00 0.000000000000000000e+00 0.000000000000000000e+00 1.206696499139070511e-03 0.000000000000000000e+00 6.920151412487030029e-03 0.000000000000000000e+00 1.336748828180134296e-03 0.000000000000000000e+00 5.674891290254890919e-04 9.704517200589179993e-03
2.147976309061050415e-03 7.046732935123145580e-04 0.000000000000000000e+00 5.894261412322521210e-04 0.000000000000000000e+00 2.210824604844674468e-04 6.790339830331504345e-04 3.533151757437735796e-04 0.000000000000000000e+00 7.452191493939608335e-05 8.571026846766471863e-04
0.000000000000000000e+00 2.302570035681128502e-03 0.000000000000000000e+00 1.973018952412530780e-04 1.514831208623945713e-03 1.797765144146978855e-03 7.452489226125180721e-04 4.772188549395650625e-05 0.000000000000000000e+00 0.000000000000000000e+00 8.171569788828492165e-05
1.095168874599039555e-03 1.116868734243325889e-04 0.000000000000000000e+00 1.020745839923620224e-03 0.000000000000000000e+00 9.193224832415580750e-04 1.371706719510257244e-03 0.000000000000000000e+00 0.000000000000000000e+00 9.925476042553782463e-04 0.000000000000000000e+00
1.081369468010962009e-03 1.328829239355400205e-04 2.844409318640828133e-03 0.000000000000000000e+00 6.296408362686634064e-03 0.000000000000000000e+00 0.000000000000000000e+00 1.157725273515097797e-04 1.422767527401447296e-03 0.000000000000000000e+00 4.029546398669481277e-03
0.000000000000000000e+00 5.129739406584121753e-07 2.679361159607651643e-06 1.732848886604188010e-06 2.311377556907245889e-06 0.000000000000000000e+00 2.114959407606420427e-08 1.668536015131394379e-06 0.000000000000000000e+00 1.642156689740659203e-06 0.000000000000000000e+00
