0.000000000000000000e+00 0.000000000000000000e+00 1.319369417615234852e-03 0.000000000000000000e+00 0.000000000000000000e+00 0.000000000000000000e+00 0.000000000000000000e+00 2.711915876716375351e-04 0.000000000000000000e+00 0.000000000000000000e+00 0.000000000000000000e+00
8.577591739594936371e-03 0.000000000000000000e+00 6.146357394754886627e-03 0.000000000000000000e+00 3.415291430428624153e-03 0.000000000000000000e+00 3.283197525888681412e-03 0.000000000000000000e+00 1.052116022037807852e-05 0.000000000000000000e+00 0.000000000000000000e+00
2.959130797535181046e-03 0.000000000000000000e+00 2.819378569256514311e-04 1.943507086252793670e-04 0.000000000000000000e+00 7.241822779178619385e-03 6.557546090334653854e-03 0.000000000000000000e+00 1.174674020148813725e-03 2.405772684141993523e-03 8.439930970780551434e-04
8.157759904861450195e-03 0.000000000000000000e+00 0.000000000000000000e+00 8.834604173898696899e-03 8.124765008687973022e-03 3.649027552455663681e-03 0.000000000000000000e+00 3.023575758561491966e-03 0.000000000000000000e+00 0.000000000000000000e+00 0.000000000000000000e+00
1.157772931037470698e-04 1.272518275072798133e-04 1.376328000333160162e-04 7.086846017045900226e-05 1.355252715606880543e-20 1.442234497517347336e-04 2.610072260722517967e-05 1.309951476287096739e-04 0.000000000000000000e+00 2.307749673491343856e-04 5.421399837359786034e-04
0.000000000000000000e+00 0.000000000000000000e+00 0.000000000000000000e+00 0.000000000000000000e+00 0.000000000000000000e+00 4.973016679286956787e-03 0.000000000000000000e+00 0.000000000000000000e+00 0.000000000000000000e+00 0.000000000000000000e+00 0.000000000000000000e+00
9.339652024209499359e-04 0.000000000000000000e+00 0.000000000000000000e+00 0.000000000000000000e+00 0.000000000000000000e+00 2.458991017192602158e-03 6.039788015186786652e-03 8.162810467183589935e-03 0.000000000000000000e+00 2.731462940573692322e-03 1.610279548913240433e-03
0.000000000000000000e+00 3.318524104543030262e-04 5.616567097604274750e-03 2.179275266826152802e-03 1.289644511416554451e-03 3.861914738081395626e-04 0.000000000000000000e+00 5.512755829840898514e-03 7.326764520257711411e-03 0.000000000000000000e+00 0.000000000000000000e+00
3.411435754969716072e-03 5.052112508565187454e-03 0.000000000000000000e+00 0.000000000000000000e+00 7.675121014472097158e-05 0.000000000000000000e+00 6.846859119832515717e-03 0.000000000000000000e+00 2.430480381008237600e-04 3.733146004378795624e-04 3.957728389650583267e-03
2.457866910845041275e-03 0.000000000000000000e+00 7.068227045238018036e-03 0.000000000000000000e+00 2.814908698201179504e-02 0.000000000000000000e+00 2.205239376053214073e-03 2.121152647305279970e-04 2.540760673582553864e-03 0.000000000000000000e+00 1.363176573067903519e-02
0.000000000000000000e+00 0.000000000000000000e+00 5.514699751074658707e-06 0.000000000000000000e+00 1.353629431832814589e-05 0.000000000000000000e+00 0.000000000000000000e+00 1.878606099126045592e-06 0.000000000000000000e+00 1.747602595969510730e-07 0.000000000000000000e+00
