0.000000000000000000e+00 0.000000000000000000e+00 9.843388397712260485e-05 0.000000000000000000e+00 0.000000000000000000e+00 0.000000000000000000e+00 0.000000000000000000e+00 2.020449144765734673e-03 2.221055765403434634e-04 0.000000000000000000e+00 0.000000000000000000e+00
4.353310912847518921e-03 0.000000000000000000e+00 1.136001199483871460e-03 5.527206230908632278e-04 0.000000000000000000e+00 0.000000000000000000e+00 7.450252305716276169e-04 0.000000000000000000e+00 0.000000000000000000e+00 0.000000000000000000e+00 0.000000000000000000e+00
0.000000000000000000e+00 2.497528621461242437e-04 2.168216044083237648e-03 2.912562631536275148e-04 3.149831434711813927e-03 8.116217213682830334e-05 1.667493721470236778e-03 0.000000000000000000e+00 0.000000000000000000e+00 1.431053504347801208e-03 0.000000000000000000e+00
4.059126600623130798e-03 0.000000000000000000e+00 5.929748294875025749e-04 0.000000000000000000e+00 4.266759206075221300e-04 0.000000000000000000e+00 2.904781373217701912e-03 1.715882564894855022e-03 3.178603947162628174e-03 1.932469895109534264e-04 0.000000000000000000e+00
0.000000000000000000e+00 1.259402197320014238e-04 1.595341600477695465e-04 0.000000000000000000e+00 0.000000000000000000e+00 0.000000000000000000e+00 4.302035813452675939e-05 1.675802195677533746e-04 1.386443327646702528e-04 9.306566789746284485e-05 4.246878961566835642e-04
0.000000000000000000e+00 0.000000000000000000e+00 3.477746155112981796e-03 2.447497798129916191e-03 0.000000000000000000e+00 1.110178325325250626e-02 0.000000000000000000e+00 5.801858424092642963e-05 0.000000000000000000e+00 2.867875620722770691e-03 1.551639474928379059e-02
4.336274228990077972e-03 0.000000000000000000e+00 0.000000000000000000e+00 9.129508398473262787e-04 2.983318991027772427e-04 0.000000000000000000e+00 0.000000000000000000e+00 9.971401887014508247e-04 1.994090387597680092e-03 2.933618379756808281e-03 0.000000000000000000e+00
0.000000000000000000e+00 3.419355489313602448e-03 1.681242065387777984e-05 6.349188624881207943e-04 0.000000000000000000e+00 0.000000000000000000e+00 8.404529653489589691e-04 0.000000000000000000e+00 8.937156526371836662e-04 0.000000000000000000e+00 0.000000000000000000e+00
9.717207285575568676e-04 2.462847623974084854e-03 8.289269753731787205e-04 2.693556714802980423e-03 0.000000000000000000e+00 0.000000000000000000e+00 1.515813346486538649e-04 0.000000000000000000e+00 0.000000000000000000e+00 0.000000000000000000e+00 0.000000000000000000e+00
1.372998696751892567e-03 0.000000000000000000e+00 3.660285612568259239e-03 0.000000000000000000e+00 1.197826769202947617e-02 1.562735706102102995e-04 9.238633792847394943e-04 3.630636783782392740e-04 1.338251982815563679e-03 0.000000000000000000e+00 3.887767205014824867e-03
0.000000000000000000e+00 1.754174490997684188e-06 9.403603144164662808e-06 3.205396978955832310e-06 1.069866630132310092e-05 0.000000000000000000e+00 1.576854515406012069e-06 5.881826382392318919e-06 0.000000000000000000e+00 7.174166967160999775e-06 3.988812409261299763e-07
