0.000000000000000000e+00 0.000000000000000000e+00 0.000000000000000000e+00 0.000000000000000000e+00 0.000000000000000000e+00 0.000000000000000000e+00 0.000000000000000000e+00 7.878287695348262787e-03 0.000000000000000000e+00 0.000000000000000000e+00 0.000000000000000000e+00
2.233030740171670914e-03 0.000000000000000000e+00 0.000000000000000000e+00 0.000000000000000000e+00 6.418379023671150208e-03 0.000000000000000000e+00 7.104063406586647034e-03 0.000000000000000000e+00 3.029284067451953888e-03 2.677593845874071121e-03 0.000000000000000000e+00
0.000000000000000000e+00 7.066632620990276337e-03 0.000000000000000000e+00 0.000000000000000000e+00 0.000000000000000000e+00 1.857374422252178192e-02 4.733971320092678070e-03 1.862376462668180466e-03 0.000000000000000000e+00 6.812010891735553741e-03 8.872057311236858368e-03
3.898779861629009247e-03 0.000000000000000000e+00 0.000000000000000000e+00 0.000000000000000000e+00 1.199074741452932358e-02 0.000000000000000000e+00 0.000000000000000000e+00 0.000000000000000000e+00 8.037085644900798798e-03 0.000000000000000000e+00 0.000000000000000000e+00
3.878685674862936139e-05 7.556491618743166327e-05 1.821026526158675551e-04 2.527004107832908630e-04 0.000000000000000000e+00 1.927853882079944015e-04 2.701374469324946404e-04 1.634633226785808802e-04 1.694772508926689625e-04 2.780130598694086075e-04 5.167268100194633007e-04
0.000000000000000000e+00 0.000000000000000000e+00 0.000000000000000000e+00 0.000000000000000000e+00 0.000000000000000000e+00 2.433106274111196399e-04 0.000000000000000000e+00 0.000000000000000000e+00 0.000000000000000000e+00 0.000000000000000000e+00 0.000000000000000000e+00
3.020571544766426086e-03 0.000000000000000000e+00 1.992456149309873581e-03 7.888632535468786955e-05 0.000000000000000000e+00 1.158229168504476547e-02 1.804390223696827888e-03 1.321032736450433731e-02 1.003950182348489761e-02 1.531000528484582901e-02 1.433142088353633881e-02
0.000000000000000000e+00 1.171294250525534153e-03 0.000000000000000000e+00 3.322265343740582466e-03 1.211100257933139801e-02 0.000000000000000000e+00 0.000000000000000000e+00 0.000000000000000000e+00 1.060048304498195648e-02 0.000000000000000000e+00 0.000000000000000000e+00
6.630764342844486237e-03 3.689517499879002571e-03 0.000000000000000000e+00 0.000000000000000000e+00 2.881026826798915863e-03 3.310208441689610481e-03 0.000000000000000000e+00 0.000000000000000000e+00 1.495896372944116592e-03 0.000000000000000000e+00 1.809597597457468510e-03
1.378812827169895172e-02 2.928189700469374657e-03 8.155466988682746887e-03 0.000000000000000000e+00 3.921297565102577209e-02 0.000000000000000000e+00 0.000000000000000000e+00 0.000000000000000000e+00 3.128333715721964836e-03 0.000000000000000000e+00 1.099155098199844360e-02
0.000000000000000000e+00 4.065261123287200462e-07 3.466546331765130162e-06 1.362361786050314549e-06 5.841155598318437114e-06 0.000000000000000000e+00 2.741917569437646307e-06 7.072419521136907861e-07 0.000000000000000000e+00 6.028659527146373875e-07 0.000000000000000000e+00
