0.000000000000000000e+00 0.000000000000000000e+00 6.476687267422676086e-03 0.000000000000000000e+00 0.000000000000000000e+00 0.000000000000000000e+00 4.852445796132087708e-03 9.665343677625060081e-04 1.677333377301692963e-03 0.000000000000000000e+00 0.000000000000000000e+00
1.630396395921707153e-02 0.000000000000000000e+00 7.545278873294591904e-03 1.004355493932962418e-02 0.000000000000000000e+00 0.000000000000000000e+00 2.471954096108675003e-03 0.000000000000000000e+00 0.000000000000000000e+00 0.000000000000000000e+00 0.000000000000000000e+00
0.000000000000000000e+00 1.307152211666107178e-02 3.332842607051134109e-03 5.301617551594972610e-03 2.593987737782299519e-04 0.000000000000000000e+00 7.697125896811485291e-03 0.000000000000000000e+00 8.631422184407711029e-03 6.895025260746479034e-03 5.066298414021730423e-03
6.540676578879356384e-03 0.000000000000000000e+00 0.000000000000000000e+00 0.000000000000000000e+00 2.272547455504536629e-03 5.860058590769767761e-03 0.000000000000000000e+00 1.393384765833616257e-02 2.375178970396518707e-03 0.000000000000000000e+00 0.000000000000000000e+00
0.000000000000000000e+00 2.086955209961161017e-04 1.297828566748648882e-04 4.020071064587682486e-04 0.000000000000000000e+00 2.715474984142929316e-04 2.118733100360259414e-04 2.855399507097899914e-04 2.139243006240576506e-04 5.015254137106239796e-04 6.422625156119465828e-04
0.000000000000000000e+00 0.000000000000000000e+00 0.000000000000000000e+00 0.000000000000000000e+00 0.000000000000000000e+00 0.000000000000000000e+00 0.000000000000000000e+00 0.000000000000000000e+00 0.000000000000000000e+00 0.000000000000000000e+00 0.000000000000000000e+00
1.137708127498626709e-02 6.138225551694631577e-03 0.000000000000000000e+00 0.000000000000000000e+00 0.000000000000000000e+00 4.336359445005655289e-03 2.686131745576858521e-03 1.052437443286180496e-02 1.289764046669006348e-02 9.011581540107727051e-03 2.769089769572019577e-03
0.000000000000000000e+00 8.457915857434272766e-03 0.000000000000000000e+00 0.000000000000000000e+00 1.069516525603830814e-03 0.000000000000000000e+00 4.149297717958688736e-03 0.000000000000000000e+00 1.035431027412414551e-02 0.000000000000000000e+00 0.000000000000000000e+00
0.000000000000000000e+00 0.000000000000000000e+00 0.000000000000000000e+00 0.000000000000000000e+00 0.000000000000000000e+00 0.000000000000000000e+00 6.760749034583568573e-03 1.475779223255813122e-03 0.000000000000000000e+00 7.306169718503952026e-04 0.000000000000000000e+00
3.959994297474622726e-03 3.995473962277173996e-03 1.005274709314107895e-02 0.000000000000000000e+00 3.834652528166770935e-02 6.996253505349159241e-04 5.496846279129385948e-04 0.000000000000000000e+00 9.001628495752811432e-03 0.000000000000000000e+00 8.663950487971305847e-03
0.000000000000000000e+00 1.587035399097658228e-06 1.188029636978171766e-05 2.199689561166451313e-06 1.310072457272326574e-05 0.000000000000000000e+00 5.810282345919404179e-06 5.673277428286382928e-06 0.000000000000000000e+00 4.537020686257164925e-06 0.000000000000000000e+00
