2.596638069007894956e-06 1.134661670221248642e-05 1.034561682899948210e-05 3.162886287100263871e-06 0.000000000000000000e+00 1.501030851613904815e-06 1.107462139771087095e-05 1.084466475731460378e-05 1.022437845676904544e-05 8.182702003978192806e-06 4.817036369786364958e-07
5.503014661371707916e-03 0.000000000000000000e+00 5.972933955490589142e-03 0.000000000000000000e+00 1.212428556755185127e-03 0.000000000000000000e+00 1.393882557749748230e-03 0.000000000000000000e+00 0.000000000000000000e+00 0.000000000000000000e+00 0.000000000000000000e+00
0.000000000000000000e+00 3.588387975469231606e-03 0.000000000000000000e+00 1.480679609812796116e-03 1.262645702809095383e-03 4.916287492960691452e-03 2.683965023607015610e-03 0.000000000000000000e+00 5.194973200559616089e-04 2.745571546256542206e-03 0.000000000000000000e+00
6.955913268029689789e-03 0.000000000000000000e+00 5.375276086851954460e-04 0.000000000000000000e+00 1.022046431899070740e-03 0.000000000000000000e+00 0.000000000000000000e+00 2.778833964839577675e-03 1.258473726920783520e-03 1.843143021687865257e-03 0.000000000000000000e+00
0.000000000000000000e+00 1.743022767186630517e-05 3.243132596253417432e-05 0.000000000000000000e+00 0.000000000000000000e+00 1.662976501393131912e-05 2.397658317931927741e-05 1.275856561733235139e-06 4.365649510873481631e-05 2.973384653159882873e-05 1.518633944215252995e-04
0.000000000000000000e+00 0.000000000000000000e+00 0.000000000000000000e+00 0.000000000000000000e+00 0.000000000000000000e+00 0.000000000000000000e+00 0.000000000000000000e+00 0.000000000000000000e+00 0.000000000000000000e+00 0.000000000000000000e+00 1.113448670366778970e-04
4.029949486721307039e-04 2.551617799326777458e-03 0.000000000000000000e+00 3.237089607864618301e-03 0.000000000000000000e+00 0.000000000000000000e+00 2.985481638461351395e-03 2.754410728812217712e-03 1.397235784679651260e-03 3.267336403951048851e-03 1.110050128772854805e-03
0.000000000000000000e+00 2.007519593462347984e-03 0.000000000000000000e+00 0.000000000000000000e+00 0.000000000000000000e+00 0.000000000000000000e+00 0.000000000000000000e+00 0.000000000000000000e+00 1.884331344626843929e-03 0.000000000000000000e+00 0.000000000000000000e+00
0.000000000000000000e+00 2.944574691355228424e-03 0.000000000000000000e+00 0.000000000000000000e+00 0.000000000000000000e+00 0.000000000000000000e+00 1.713670790195465088e-03 0.000000000000000000e+00 0.000000000000000000e+00 1.133907790062949061e-04 0.000000000000000000e+00
2.323216525837779045e-03 1.738857128657400608e-03 5.791560746729373932e-03 0.000000000000000000e+00 1.468822080641984940e-02 0.000000000000000000e+00 0.000000000000000000e+00 4.596626968123018742e-04 4.193314351141452789e-03 2.476802328601479530e-03 6.968467496335506439e-03
0.000000000000000000e+00 1.449223674399036099e-08 1.361067575089691672e-06 4.393607184738357319e-07 2.180943738494534045e-06 0.000000000000000000e+00 6.314843403742997907e-07 1.500613052485277876e-06 2.658194375726452563e-07 1.323384822171647102e-06 0.000000000000000000e+00
