0.000000000000000000e+00 0.000000000000000000e+00 0.000000000000000000e+00 0.000000000000000000e+00 0.000000000000000000e+00 0.000000000000000000e+00 7.916235364973545074e-03 0.000000000000000000e+00 0.000000000000000000e+00 0.000000000000000000e+00 0.000000000000000000e+00
1.063707377761602402e-02 0.000000000000000000e+00 0.000000000000000000e+00 0.000000000000000000e+00 4.372982657514512539e-04 0.000000000000000000e+00 5.666615441441535950e-03 3.717824802151881158e-05 0.000000000000000000e+00 0.000000000000000000e+00 0.000000000000000000e+00
0.000000000000000000e+00 6.806267774663865566e-04 0.000000000000000000e+00 4.865163005888462067e-03 1.466614566743373871e-02 3.544517792761325836e-03 8.152765221893787384e-03 0.000000000000000000e+00 6.415027193725109100e-03 3.557355143129825592e-03 0.000000000000000000e+00
1.527930516749620438e-02 0.000000000000000000e+00 6.533917970955371857e-03 0.000000000000000000e+00 8.795276284217834473e-03 0.000000000000000000e+00 0.000000000000000000e+00 2.578058047220110893e-03 2.470618055667728186e-04 1.438612584024667740e-03 0.000000000000000000e+00
0.000000000000000000e+00 0.000000000000000000e+00 3.495192504487931728e-04 2.407378779025748372e-04 0.000000000000000000e+00 1.732412201818078756e-04 1.816748554119840264e-04 2.801579285005573183e-05 1.543885737191885710e-04 2.411130699329078197e-04 6.651533185504376888e-04
0.000000000000000000e+00 0.000000000000000000e+00 0.000000000000000000e+00 0.000000000000000000e+00 0.000000000000000000e+00 6.699189543724060059e-05 0.000000000000000000e+00 0.000000000000000000e+00 0.000000000000000000e+00 0.000000000000000000e+00 0.000000000000000000e+00
8.081689476966857910e-03 1.244076900184154510e-02 0.000000000000000000e+00 0.000000000000000000e+00 0.000000000000000000e+00 1.665331219555810094e-04 0.000000000000000000e+00 5.816984921693801880e-03 0.000000000000000000e+00 0.000000000000000000e+00 5.996746011078357697e-03
0.000000000000000000e+00 2.922848565503954887e-03 0.000000000000000000e+00 0.000000000000000000e+00 3.311351872980594635e-03 0.000000000000000000e+00 0.000000000000000000e+00 4.523749463260173798e-03 5.878006108105182648e-03 0.000000000000000000e+00 0.000000000000000000e+00
3.601164557039737701e-03 4.196638707071542740e-03 1.067109173163771629e-03 0.000000000000000000e+00 0.000000000000000000e+00 2.455000532791018486e-03 2.996423747390508652e-03 0.000000000000000000e+00 3.339392365887761116e-03 2.255805535241961479e-03 5.466762464493513107e-03
4.681841935962438583e-03 4.566852294374257326e-04 1.417677104473114014e-02 1.932518207468092442e-03 4.691607877612113953e-02 0.000000000000000000e+00 0.000000000000000000e+00 4.187052603811025620e-03 8.142356760799884796e-03 2.408513246336951852e-04 1.569263450801372528e-02
0.000000000000000000e+00 4.809052143173175864e-07 3.285681032139109448e-06 1.265433070329891052e-06 7.737517080386169255e-06 0.000000000000000000e+00 2.939538944701780565e-06 3.678752364066895097e-06 2.676606754903332330e-06 4.070184786542085931e-06 0.000000000000000000e+00
