0.000000000000000000e+00 0.000000000000000000e+00 3.369960933923721313e-03 0.000000000000000000e+00 0.000000000000000000e+00 0.000000000000000000e+00 3.910632804036140442e-03 7.737043313682079315e-03 0.000000000000000000e+00 5.635213572531938553e-03 0.000000000000000000e+00
5.339087452739477158e-03 0.000000000000000000e+00 3.964033443480730057e-03 2.170940395444631577e-03 0.000000000000000000e+00 0.000000000000000000e+00 1.584895770065486431e-03 0.000000000000000000e+00 0.000000000000000000e+00 0.000000000000000000e+00 4.728859057649970055e-04
0.000000000000000000e+00 5.748875439167022705e-03 3.912347834557294846e-03 1.410710276104509830e-03 0.000000000000000000e+00 5.226364359259605408e-03 0.000000000000000000e+00 0.000000000000000000e+00 0.000000000000000000e+00 9.080189280211925507e-03 0.000000000000000000e+00
3.134959551971405745e-04 2.488852245733141899e-03 0.000000000000000000e+00 2.609267830848693848e-03 0.000000000000000000e+00 8.940010331571102142e-03 1.462411833927035332e-03 0.000000000000000000e+00 2.192254643887281418e-03 2.507355762645602226e-03 0.000000000000000000e+00
1.428896066499873996e-04 4.324458423070609570e-04 1.528276043245568871e-04 1.860550983110442758e-04 0.000000000000000000e+00 3.278547374065965414e-04 1.882056676549836993e-04 0.000000000000000000e+00 4.699418423115275800e-05 2.484830911271274090e-04 5.844674305990338326e-04
0.000000000000000000e+00 0.000000000000000000e+00 0.000000000000000000e+00 0.000000000000000000e+00 0.000000000000000000e+00 3.071784973144531250e-03 0.000000000000000000e+00 0.000000000000000000e+00 0.000000000000000000e+00 0.000000000000000000e+00 0.000000000000000000e+00
4.619823768734931946e-03 7.519314065575599670e-03 9.855560492724180222e-04 4.478651098906993866e-03 0.000000000000000000e+00 5.593598354607820511e-03 1.055480167269706726e-02 0.000000000000000000e+00 1.187621522694826126e-02 0.000000000000000000e+00 6.054918281733989716e-03
0.000000000000000000e+00 5.660959985107183456e-03 0.000000000000000000e+00 0.000000000000000000e+00 4.514266620390117168e-04 5.067308433353900909e-03 0.000000000000000000e+00 0.000000000000000000e+00 0.000000000000000000e+00 0.000000000000000000e+00 0.000000000000000000e+00
0.000000000000000000e+00 2.894220640882849693e-03 2.989878412336111069e-03 0.000000000000000000e+00 0.000000000000000000e+00 5.232025869190692902e-03 6.613508332520723343e-03 7.454868318745866418e-05 0.000000000000000000e+00 0.000000000000000000e+00 0.000000000000000000e+00
0.000000000000000000e+00 0.000000000000000000e+00 4.985213745385408401e-04 0.000000000000000000e+00 3.661413490772247314e-02 0.000000000000000000e+00 0.000000000000000000e+00 0.000000000000000000e+00 1.519526168704032898e-02 1.845027087256312370e-03 1.579525135457515717e-02
0.000000000000000000e+00 0.000000000000000000e+00 7.983679097378626466e-06 0.000000000000000000e+00 1.057858025887981057e-05 0.000000000000000000e+00 1.297452968174184207e-06 9.228855901710630860e-07 0.000000000000000000e+00 7.205392762443807442e-07 0.000000000000000000e+00
