0.000000000000000000e+00 1.748704101562500000e+04 1.483896064758300781e+01 0.000000000000000000e+00 0.000000000000000000e+00 0.000000000000000000e+00 1.523838348388671875e+02 1.133273339843750000e+04 7.609136962890625000e+01 4.128037597656250000e+03 0.000000000000000000e+00
3.143574462890625000e+03 1.153615812654606998e-04 1.019505920410156250e+02 4.637187194824218750e+01 1.769321799278259277e+00 1.576028060913085938e+01 3.517828515625000000e+04 4.805818750000000000e+04 2.570155858993530273e+00 1.030130078125000000e+04 2.718602943420410156e+01
2.543667411804199219e+01 9.877825195312500000e+03 4.609309434890747070e-01 9.612295150756835938e+00 2.420914453125000000e+04 2.515747656250000000e+04 1.462517968750000000e+04 4.951855659484863281e+00 2.787228759765625000e+03 1.209131445312500000e+04 4.763577599078416824e-03
5.381330078125000000e+03 1.088178222656250000e+03 1.731120483398437500e+03 1.211165313720703125e+02 3.701563476562500000e+03 7.309575378894805908e-02 1.278346679687500000e+04 1.970449951171875000e+03 7.537472167968750000e+03 4.069343994140625000e+03 9.363038635253906250e+01
3.513842344284057617e+00 9.789928436279296875e+00 6.813019514083862305e-01 3.871527612209320068e-01 0.000000000000000000e+00 1.052657216787338257e-01 8.413419723510742188e-01 3.714786767959594727e-01 2.388782240450382233e-02 7.474606037139892578e+00 1.801368331909179688e+01
0.000000000000000000e+00 0.000000000000000000e+00 0.000000000000000000e+00 0.000000000000000000e+00 0.000000000000000000e+00 1.783571578562259674e-02 0.000000000000000000e+00 0.000000000000000000e+00 0.000000000000000000e+00 0.000000000000000000e+00 4.871496003033826128e-06
2.747917578125000000e+04 5.519876953125000000e+04 3.364129296875000000e+04 6.282645703125000000e+04 2.787099218750000000e+04 3.432840625000000000e+04 2.721588867187500000e+04 5.328018218278884888e-02 1.776198632812500000e+04 2.329497070312500000e+04 2.046607055664062500e+02
3.754205468750000000e+04 9.138789843750000000e+04 1.186164375000000000e+05 8.696562957763671875e+01 6.136202343750000000e+04 6.474049218750000000e+04 8.154039843750000000e+04 8.943899218750000000e+04 2.371529687500000000e+04 7.377923437500000000e+04 9.386875000000000000e+04
7.844784022381645627e-08 1.071477355957031250e+02 7.577447753906250000e+03 4.436264648437500000e+03 3.460369491577148438e+01 2.469669726562500000e+04 1.826238708496093750e+02 1.474739013671875000e+03 4.215650558471679688e+00 3.550381660461425781e+00 3.937383300781250000e+03
0.000000000000000000e+00 0.000000000000000000e+00 0.000000000000000000e+00 0.000000000000000000e+00 1.708668518066406250e+01 0.000000000000000000e+00 0.000000000000000000e+00 0.000000000000000000e+00 0.000000000000000000e+00 0.000000000000000000e+00 0.000000000000000000e+00
0.000000000000000000e+00 2.620921470224857330e-03 1.275794208049774170e-01 2.206771075725555420e-02 2.389762103557586670e-01 0.000000000000000000e+00 7.929521799087524414e-02 5.190259218215942383e-02 4.633113276213407516e-04 7.542838156223297119e-02 2.197534195147454739e-05
