0.000000000000000000e+00 0.000000000000000000e+00 1.810368732549250126e-03 0.000000000000000000e+00 0.000000000000000000e+00 0.000000000000000000e+00 1.225029770284891129e-02 4.638280253857374191e-03 2.370327711105346680e-03 0.000000000000000000e+00 0.000000000000000000e+00
1.003783475607633591e-02 0.000000000000000000e+00 5.286459811031818390e-03 0.000000000000000000e+00 0.000000000000000000e+00 5.490056239068508148e-03 0.000000000000000000e+00 0.000000000000000000e+00 6.662566214799880981e-03 0.000000000000000000e+00 0.000000000000000000e+00
0.000000000000000000e+00 7.067074067890644073e-03 3.475290024653077126e-03 5.651308223605155945e-03 0.000000000000000000e+00 2.539965137839317322e-02 2.656807191669940948e-03 0.000000000000000000e+00 0.000000000000000000e+00 1.644586399197578430e-02 3.068011254072189331e-03
2.004181034862995148e-02 0.000000000000000000e+00 0.000000000000000000e+00 0.000000000000000000e+00 0.000000000000000000e+00 0.000000000000000000e+00 0.000000000000000000e+00 0.000000000000000000e+00 1.059824507683515549e-02 0.000000000000000000e+00 0.000000000000000000e+00
0.000000000000000000e+00 1.683670416241511703e-04 1.477630576118826866e-04 7.748003554297611117e-05 0.000000000000000000e+00 0.000000000000000000e+00 2.790136495605111122e-04 5.645530836773104966e-05 8.065839210757985711e-05 2.850896853487938643e-04 7.703388109803199768e-04
0.000000000000000000e+00 0.000000000000000000e+00 0.000000000000000000e+00 0.000000000000000000e+00 0.000000000000000000e+00 0.000000000000000000e+00 0.000000000000000000e+00 0.000000000000000000e+00 0.000000000000000000e+00 0.000000000000000000e+00 8.879397995769977570e-03
0.000000000000000000e+00 7.971423678100109100e-03 0.000000000000000000e+00 8.974757976830005646e-03 2.561496570706367493e-03 5.317470058798789978e-03 0.000000000000000000e+00 2.610280644148588181e-04 0.000000000000000000e+00 0.000000000000000000e+00 8.538876660168170929e-03
0.000000000000000000e+00 0.000000000000000000e+00 0.000000000000000000e+00 0.000000000000000000e+00 9.074087254703044891e-03 0.000000000000000000e+00 0.000000000000000000e+00 5.733234807848930359e-03 9.085762314498424530e-03 0.000000000000000000e+00 1.705110189504921436e-04
0.000000000000000000e+00 5.216903053224086761e-03 1.320361346006393433e-02 7.293289061635732651e-03 0.000000000000000000e+00 1.971440389752388000e-03 1.994453137740492821e-03 0.000000000000000000e+00 7.685762830078601837e-03 0.000000000000000000e+00 0.000000000000000000e+00
4.009054042398929596e-03 2.259670291095972061e-03 1.380832400172948837e-02 0.000000000000000000e+00 6.272787600755691528e-02 2.484010765329003334e-03 3.322988748550415039e-03 0.000000000000000000e+00 1.387329213321208954e-02 2.488352824002504349e-03 2.463153004646301270e-02
0.000000000000000000e+00 0.000000000000000000e+00 8.564587915316224098e-06 5.010354470869060606e-06 1.159696785180130973e-05 0.000000000000000000e+00 4.292452558729564771e-06 0.000000000000000000e+00 0.000000000000000000e+00 4.568516942526912317e-06 0.000000000000000000e+00
