0.000000000000000000e+00 7.188196294009685516e-03 3.377161221578717232e-03 0.000000000000000000e+00 0.000000000000000000e+00 0.000000000000000000e+00 7.547901012003421783e-03 0.000000000000000000e+00 7.537407800555229187e-03 0.000000000000000000e+00 0.000000000000000000e+00
6.872450001537799835e-03 0.000000000000000000e+00 1.263810042291879654e-02 2.358542988076806068e-04 0.000000000000000000e+00 0.000000000000000000e+00 2.182960277423262596e-03 8.652494288980960846e-03 0.000000000000000000e+00 0.000000000000000000e+00 0.000000000000000000e+00
0.000000000000000000e+00 4.705336410552263260e-03 1.381778740324079990e-03 2.222998300567269325e-03 0.000000000000000000e+00 1.360443048179149628e-02 1.176155824214220047e-02 0.000000000000000000e+00 0.000000000000000000e+00 9.482117602601647377e-04 1.026893220841884613e-02
1.284496765583753586e-02 0.000000000000000000e+00 0.000000000000000000e+00 0.000000000000000000e+00 8.852617815136909485e-03 4.115749150514602661e-03 2.852629870176315308e-03 6.687009241431951523e-03 1.031303685158491135e-02 5.492369178682565689e-03 0.000000000000000000e+00
1.114105180022306740e-04 1.836062729125842452e-04 3.223278326913714409e-05 2.627770591061562300e-04 0.000000000000000000e+00 2.565172908362001181e-04 3.868614439852535725e-04 4.236898530507460237e-05 2.411514578852802515e-04 2.291504351887851954e-04 6.694478797726333141e-04
0.000000000000000000e+00 0.000000000000000000e+00 0.000000000000000000e+00 0.000000000000000000e+00 0.000000000000000000e+00 0.000000000000000000e+00 0.000000000000000000e+00 0.000000000000000000e+00 0.000000000000000000e+00 0.000000000000000000e+00 0.000000000000000000e+00
3.930489532649517059e-03 1.183693762868642807e-02 0.000000000000000000e+00 2.498003654181957245e-03 0.000000000000000000e+00 1.268701255321502686e-02 0.000000000000000000e+00 6.502707256004214287e-04 6.449994165450334549e-03 1.266244333237409592e-02 9.659904055297374725e-03
0.000000000000000000e+00 2.637911587953567505e-03 0.000000000000000000e+00 0.000000000000000000e+00 0.000000000000000000e+00 0.000000000000000000e+00 0.000000000000000000e+00 0.000000000000000000e+00 3.640353912487626076e-03 0.000000000000000000e+00 2.967469161376357079e-03
0.000000000000000000e+00 0.000000000000000000e+00 7.925577228888869286e-04 5.447889561764895916e-04 0.000000000000000000e+00 0.000000000000000000e+00 0.000000000000000000e+00 2.979179844260215759e-03 4.812659695744514465e-03 0.000000000000000000e+00 1.873276545666158199e-03
5.737855099141597748e-03 7.554651238024234772e-03 1.332463114522397518e-03 0.000000000000000000e+00 4.333311691880226135e-02 0.000000000000000000e+00 0.000000000000000000e+00 0.000000000000000000e+00 3.363843774423003197e-03 2.012033015489578247e-03 3.850287059321999550e-03
0.000000000000000000e+00 0.000000000000000000e+00 1.366126070934114978e-05 7.153217211453011259e-06 1.508682635176228359e-05 0.000000000000000000e+00 1.434301611880073324e-05 8.064697794907260686e-06 0.000000000000000000e+00 1.181604693556437269e-05 7.511741273447114509e-07
