0.000000000000000000e+00 0.000000000000000000e+00 4.961568862199783325e-03 0.000000000000000000e+00 0.000000000000000000e+00 0.000000000000000000e+00 1.954861450940370560e-03 0.000000000000000000e+00 3.350004844833165407e-04 0.000000000000000000e+00 0.000000000000000000e+00
1.065482851117849350e-02 0.000000000000000000e+00 7.984970696270465851e-03 0.000000000000000000e+00 0.000000000000000000e+00 0.000000000000000000e+00 3.343897406011819839e-03 6.178218405693769455e-03 9.365272126160562038e-04 0.000000000000000000e+00 0.000000000000000000e+00
1.213121809996664524e-03 6.006166804581880569e-03 1.795630902051925659e-03 1.472100149840116501e-03 1.258851843886077404e-03 0.000000000000000000e+00 3.192802658304572105e-03 0.000000000000000000e+00 0.000000000000000000e+00 1.161954645067453384e-02 0.000000000000000000e+00
7.378644659183919430e-04 0.000000000000000000e+00 0.000000000000000000e+00 8.461038232780992985e-04 8.133487775921821594e-03 0.000000000000000000e+00 2.927980618551373482e-03 3.053334774449467659e-03 1.729134528432041407e-04 0.000000000000000000e+00 0.000000000000000000e+00
1.189452973449078854e-06 1.134857375291176140e-04 7.281977559614460915e-06 7.581312092952430248e-05 0.000000000000000000e+00 2.099939156323671341e-04 8.767286635702475905e-05 0.000000000000000000e+00 2.693862188607454300e-05 1.776568533387035131e-04 2.694191643968224525e-04
0.000000000000000000e+00 0.000000000000000000e+00 0.000000000000000000e+00 0.000000000000000000e+00 0.000000000000000000e+00 0.000000000000000000e+00 0.000000000000000000e+00 0.000000000000000000e+00 0.000000000000000000e+00 0.000000000000000000e+00 0.000000000000000000e+00
1.051167026162147522e-02 0.000000000000000000e+00 4.148104693740606308e-03 5.968828219920396805e-03 0.000000000000000000e+00 8.492727763950824738e-03 6.830377969890832901e-03 1.345810451311990619e-04 6.986648775637149811e-03 2.781548770144581795e-03 1.249192748218774796e-02
0.000000000000000000e+00 4.852360580116510391e-03 0.000000000000000000e+00 0.000000000000000000e+00 2.798842964693903923e-03 4.545900039374828339e-03 4.136188887059688568e-03 0.000000000000000000e+00 3.403470152989029884e-03 0.000000000000000000e+00 0.000000000000000000e+00
0.000000000000000000e+00 0.000000000000000000e+00 1.200596569105982780e-03 0.000000000000000000e+00 0.000000000000000000e+00 2.881521359086036682e-04 7.402385585010051727e-03 7.500099949538707733e-03 0.000000000000000000e+00 6.327910523395985365e-05 0.000000000000000000e+00
0.000000000000000000e+00 0.000000000000000000e+00 7.684018346481025219e-04 0.000000000000000000e+00 2.785166166722774506e-02 0.000000000000000000e+00 0.000000000000000000e+00 0.000000000000000000e+00 5.497251171618700027e-03 0.000000000000000000e+00 1.758727431297302246e-02
0.000000000000000000e+00 0.000000000000000000e+00 1.720129944260406774e-06 7.974711024871794507e-07 1.822007789087365381e-06 0.000000000000000000e+00 1.478141257393872365e-06 1.564200260872894432e-06 9.183424367620318662e-07 1.834794147725915536e-06 0.000000000000000000e+00
