0.000000000000000000e+00 2.055987482890486717e-03 0.000000000000000000e+00 0.000000000000000000e+00 0.000000000000000000e+00 0.000000000000000000e+00 3.217866469640284777e-04 0.000000000000000000e+00 3.141243068967014551e-04 0.000000000000000000e+00 0.000000000000000000e+00
3.670272184535861015e-03 0.000000000000000000e+00 3.538076998665928841e-03 0.000000000000000000e+00 0.000000000000000000e+00 0.000000000000000000e+00 1.870151492767035961e-03 1.659511937759816647e-03 2.652203431352972984e-03 0.000000000000000000e+00 2.829555422067642212e-03
0.000000000000000000e+00 4.830280784517526627e-03 0.000000000000000000e+00 1.038143411278724670e-03 0.000000000000000000e+00 3.963429480791091919e-03 2.620385959744453430e-03 0.000000000000000000e+00 0.000000000000000000e+00 2.235910156741738319e-03 0.000000000000000000e+00
0.000000000000000000e+00 0.000000000000000000e+00 0.000000000000000000e+00 1.208183821290731430e-03 8.527274243533611298e-03 0.000000000000000000e+00 2.379879821091890335e-03 3.494310425594449043e-03 0.000000000000000000e+00 0.000000000000000000e+00 0.000000000000000000e+00
3.249830842833034694e-05 0.000000000000000000e+00 0.000000000000000000e+00 0.000000000000000000e+00 0.000000000000000000e+00 0.000000000000000000e+00 0.000000000000000000e+00 0.000000000000000000e+00 0.000000000000000000e+00 1.073269777407404035e-05 6.981976184761151671e-05
0.000000000000000000e+00 0.000000000000000000e+00 0.000000000000000000e+00 0.000000000000000000e+00 0.000000000000000000e+00 0.000000000000000000e+00 0.000000000000000000e+00 0.000000000000000000e+00 0.000000000000000000e+00 0.000000000000000000e+00 0.000000000000000000e+00
3.551998641341924667e-03 5.770932184532284737e-04 1.767686568200588226e-03 9.856161195784807205e-04 0.000000000000000000e+00 0.000000000000000000e+00 3.314231289550662041e-03 0.000000000000000000e+00 0.000000000000000000e+00 9.230314753949642181e-04 5.510714370757341385e-03
0.000000000000000000e+00 0.000000000000000000e+00 0.000000000000000000e+00 0.000000000000000000e+00 0.000000000000000000e+00 8.214088738895952702e-04 3.944798838347196579e-03 0.000000000000000000e+00 3.682715585455298424e-03 2.691399131435900927e-04 9.477569838054478168e-04
0.000000000000000000e+00 1.865372876636683941e-03 1.337341382168233395e-03 0.000000000000000000e+00 8.466438157483935356e-04 1.277476549148559570e-03 1.528636319562792778e-03 0.000000000000000000e+00 0.000000000000000000e+00 0.000000000000000000e+00 0.000000000000000000e+00
0.000000000000000000e+00 2.645614091306924820e-03 9.028305066749453545e-04 0.000000000000000000e+00 1.448593288660049438e-02 1.514530158601701260e-03 0.000000000000000000e+00 4.299402236938476562e-03 0.000000000000000000e+00 1.422524102963507175e-03 5.593684036284685135e-03
0.000000000000000000e+00 0.000000000000000000e+00 1.100521558328182437e-06 0.000000000000000000e+00 1.404236058988317382e-06 0.000000000000000000e+00 0.000000000000000000e+00 7.267299224622547626e-07 0.000000000000000000e+00 2.699267440675612306e-07 0.000000000000000000e+00
