0.000000000000000000e+00 0.000000000000000000e+00 0.000000000000000000e+00 0.000000000000000000e+00 0.000000000000000000e+00 0.000000000000000000e+00 4.898005165159702301e-03 0.000000000000000000e+00 9.860068559646606445e-03 0.000000000000000000e+00 0.000000000000000000e+00
9.851260110735893250e-03 0.000000000000000000e+00 1.405901821271982044e-05 8.119444362819194794e-03 0.000000000000000000e+00 0.000000000000000000e+00 2.943795174360275269e-03 0.000000000000000000e+00 0.000000000000000000e+00 0.000000000000000000e+00 1.636206754483282566e-03
4.191699903458356857e-03 7.184438407421112061e-03 8.202865137718617916e-04 0.000000000000000000e+00 0.000000000000000000e+00 1.039180532097816467e-02 7.755043450742959976e-03 0.000000000000000000e+00 7.497978396713733673e-03 0.000000000000000000e+00 3.889457148034125566e-04
8.633638732135295868e-03 0.000000000000000000e+00 0.000000000000000000e+00 1.229060930199921131e-03 5.339847994036972523e-04 1.543508260510861874e-03 1.828271662816405296e-03 6.681703496724367142e-03 0.000000000000000000e+00 5.017046816647052765e-03 0.000000000000000000e+00
1.100158078770618886e-05 7.616959919687360525e-05 1.095655316021293402e-04 4.102216189494356513e-05 0.000000000000000000e+00 0.000000000000000000e+00 8.455823262920603156e-06 4.817265653400681913e-05 3.913306863978505135e-05 0.000000000000000000e+00 3.056195564568042755e-04
0.000000000000000000e+00 0.000000000000000000e+00 0.000000000000000000e+00 0.000000000000000000e+00 0.000000000000000000e+00 0.000000000000000000e+00 0.000000000000000000e+00 0.000000000000000000e+00 0.000000000000000000e+00 0.000000000000000000e+00 0.000000000000000000e+00
4.482062999159097672e-03 3.454950405284762383e-03 0.000000000000000000e+00 6.188316270709037781e-03 0.000000000000000000e+00 1.761111663654446602e-03 3.056947607547044754e-03 0.000000000000000000e+00 1.943738199770450592e-03 6.998589262366294861e-03 8.700980106368660927e-04
0.000000000000000000e+00 0.000000000000000000e+00 0.000000000000000000e+00 0.000000000000000000e+00 1.474223448894917965e-03 0.000000000000000000e+00 0.000000000000000000e+00 7.121590897440910339e-04 6.237640045583248138e-03 0.000000000000000000e+00 0.000000000000000000e+00
0.000000000000000000e+00 0.000000000000000000e+00 2.142611192539334297e-03 1.081831520423293114e-03 0.000000000000000000e+00 0.000000000000000000e+00 0.000000000000000000e+00 0.000000000000000000e+00 0.000000000000000000e+00 6.563848000951111317e-04 7.851449772715568542e-03
2.677974058315157890e-03 1.790170208550989628e-03 7.169623859226703644e-03 0.000000000000000000e+00 3.920375555753707886e-02 0.000000000000000000e+00 0.000000000000000000e+00 1.600930700078606606e-04 2.482400741428136826e-03 0.000000000000000000e+00 1.416168734431266785e-02
0.000000000000000000e+00 0.000000000000000000e+00 3.863086931232828647e-06 9.646492316051080707e-08 4.270521003491012380e-06 0.000000000000000000e+00 1.062173396348953247e-06 2.363521218740061158e-07 0.000000000000000000e+00 2.472742153258877806e-06 0.000000000000000000e+00
