0.000000000000000000e+00 0.000000000000000000e+00 1.303169527091085911e-03 0.000000000000000000e+00 0.000000000000000000e+00 0.000000000000000000e+00 0.000000000000000000e+00 4.490712657570838928e-03 0.000000000000000000e+00 0.000000000000000000e+00 0.000000000000000000e+00
9.794018231332302094e-03 0.000000000000000000e+00 2.229399251518771052e-04 1.814801798900589347e-04 1.468025962822139263e-03 0.000000000000000000e+00 0.000000000000000000e+00 0.000000000000000000e+00 6.520181777887046337e-04 0.000000000000000000e+00 0.000000000000000000e+00
2.130891894921660423e-03 5.094748921692371368e-04 2.132898080162703991e-04 3.107445372734218836e-04 0.000000000000000000e+00 4.468591883778572083e-03 4.654807504266500473e-03 0.000000000000000000e+00 0.000000000000000000e+00 2.006554277613759041e-03 0.000000000000000000e+00
5.061706528067588806e-03 0.000000000000000000e+00 0.000000000000000000e+00 4.341693129390478134e-03 2.955864649266004562e-03 0.000000000000000000e+00 4.328466020524501801e-03 4.299965221434831619e-04 0.000000000000000000e+00 0.000000000000000000e+00 0.000000000000000000e+00
5.074586806586012244e-05 1.072724335244856775e-04 1.089823563233949244e-04 1.051031940733082592e-04 0.000000000000000000e+00 7.753170939395204186e-05 7.820736936992034316e-05 1.116691346396692097e-04 5.070330007583834231e-05 1.740136649459600449e-04 3.215430187992751598e-04
0.000000000000000000e+00 0.000000000000000000e+00 6.646565161645412445e-04 0.000000000000000000e+00 0.000000000000000000e+00 2.112842351198196411e-02 0.000000000000000000e+00 0.000000000000000000e+00 0.000000000000000000e+00 3.397308988496661186e-03 2.604308910667896271e-02
3.131296718493103981e-03 6.868781929370015860e-05 0.000000000000000000e+00 3.424025606364011765e-03 0.000000000000000000e+00 8.596568368375301361e-04 0.000000000000000000e+00 4.198831971734762192e-03 5.342735443264245987e-03 8.680931292474269867e-03 7.629594765603542328e-04
0.000000000000000000e+00 4.501864779740571976e-03 2.129565225914120674e-03 4.479266353882849216e-04 2.518308814615011215e-03 0.000000000000000000e+00 2.815192099660634995e-03 1.230865134857594967e-03 3.904776414856314659e-03 0.000000000000000000e+00 0.000000000000000000e+00
3.577008377760648727e-03 2.912273863330483437e-03 0.000000000000000000e+00 0.000000000000000000e+00 0.000000000000000000e+00 0.000000000000000000e+00 1.211430993862450123e-03 0.000000000000000000e+00 0.000000000000000000e+00 0.000000000000000000e+00 0.000000000000000000e+00
7.761358283460140228e-04 4.490333376452326775e-04 5.124487448483705521e-03 0.000000000000000000e+00 2.381776832044124603e-02 0.000000000000000000e+00 0.000000000000000000e+00 0.000000000000000000e+00 8.791836444288492203e-04 0.000000000000000000e+00 1.051541976630687714e-02
0.000000000000000000e+00 0.000000000000000000e+00 1.888400902316789143e-06 0.000000000000000000e+00 2.746130121522583067e-06 0.000000000000000000e+00 6.332083302140745218e-09 2.262837028865760658e-07 0.000000000000000000e+00 2.981231261856009951e-07 0.000000000000000000e+00
