0.000000000000000000e+00 4.274296516086906195e-04 2.043556189164519310e-03 0.000000000000000000e+00 0.000000000000000000e+00 0.000000000000000000e+00 0.000000000000000000e+00 7.473291829228401184e-03 1.277411356568336487e-03 0.000000000000000000e+00 0.000000000000000000e+00
6.113378796726465225e-03 0.000000000000000000e+00 2.021393273025751114e-03 1.339557929895818233e-03 0.000000000000000000e+00 0.000000000000000000e+00 0.000000000000000000e+00 0.000000000000000000e+00 0.000000000000000000e+00 0.000000000000000000e+00 0.000000000000000000e+00
0.000000000000000000e+00 0.000000000000000000e+00 0.000000000000000000e+00 0.000000000000000000e+00 2.480799099430441856e-03 5.249744281172752380e-04 0.000000000000000000e+00 0.000000000000000000e+00 0.000000000000000000e+00 1.617246889509260654e-03 1.095741288736462593e-03
6.110508460551500320e-03 0.000000000000000000e+00 0.000000000000000000e+00 9.274299954995512962e-04 1.575935282744467258e-03 0.000000000000000000e+00 1.579502015374600887e-03 3.800285980105400085e-03 1.130778808146715164e-03 5.949029000476002693e-04 0.000000000000000000e+00
6.048630166333168745e-05 1.035242021316662431e-04 6.738650699844583869e-05 1.163816559710539877e-04 0.000000000000000000e+00 1.186960435006767511e-04 1.382158661726862192e-04 6.753052002750337124e-05 1.162013359135016799e-04 1.508501445641741157e-04 2.148830681107938290e-04
0.000000000000000000e+00 0.000000000000000000e+00 3.079386660829186440e-03 0.000000000000000000e+00 0.000000000000000000e+00 1.533639803528785706e-02 1.252871239557862282e-03 2.010018331930041313e-03 0.000000000000000000e+00 3.089652862399816513e-03 2.211244963109493256e-02
3.675994230434298515e-03 1.712425379082560539e-03 4.917586920782923698e-04 0.000000000000000000e+00 0.000000000000000000e+00 7.696575485169887543e-04 4.286720650270581245e-04 2.410562476143240929e-03 2.997354371473193169e-03 6.397669203579425812e-03 0.000000000000000000e+00
0.000000000000000000e+00 2.883149427361786366e-04 0.000000000000000000e+00 5.272842245176434517e-04 1.192008028738200665e-03 0.000000000000000000e+00 0.000000000000000000e+00 0.000000000000000000e+00 5.635647103190422058e-04 0.000000000000000000e+00 7.788299117237329483e-04
8.470823522657155991e-04 1.229585614055395126e-03 0.000000000000000000e+00 0.000000000000000000e+00 0.000000000000000000e+00 2.146651968359947205e-03 3.010866930708289146e-03 0.000000000000000000e+00 0.000000000000000000e+00 1.604666817001998425e-03 3.133371472358703613e-03
2.527572995347782125e-08 0.000000000000000000e+00 0.000000000000000000e+00 0.000000000000000000e+00 1.600665768819453660e-06 0.000000000000000000e+00 0.000000000000000000e+00 0.000000000000000000e+00 0.000000000000000000e+00 0.000000000000000000e+00 0.000000000000000000e+00
0.000000000000000000e+00 5.608122819467098452e-07 2.468500042596133426e-06 5.161982130630349275e-07 2.104351551679428667e-06 0.000000000000000000e+00 1.408766138411010616e-06 7.740735554762068205e-07 0.000000000000000000e+00 1.629249595680448692e-06 0.000000000000000000e+00
