0.000000000000000000e+00 2.070897025987505913e-03 9.809472830966114998e-04 0.000000000000000000e+00 0.000000000000000000e+00 0.000000000000000000e+00 1.680093235336244106e-03 2.603471977636218071e-03 2.516123000532388687e-03 0.000000000000000000e+00 0.000000000000000000e+00
4.934168886393308640e-03 0.000000000000000000e+00 1.905816025100648403e-03 0.000000000000000000e+00 0.000000000000000000e+00 0.000000000000000000e+00 1.925267744809389114e-03 0.000000000000000000e+00 0.000000000000000000e+00 0.000000000000000000e+00 0.000000000000000000e+00
0.000000000000000000e+00 1.096084946766495705e-03 1.493934891186654568e-03 1.406745053827762604e-03 8.554349769838154316e-04 0.000000000000000000e+00 5.501084378920495510e-04 0.000000000000000000e+00 0.000000000000000000e+00 2.568183233961462975e-03 1.574491965584456921e-03
3.057749243453145027e-03 0.000000000000000000e+00 0.000000000000000000e+00 0.000000000000000000e+00 2.304278081282973289e-03 0.000000000000000000e+00 0.000000000000000000e+00 3.670741105452179909e-03 2.657650504261255264e-03 9.104402852244675159e-04 0.000000000000000000e+00
8.165261533576995134e-06 1.227042230311781168e-04 2.013958510360680521e-05 6.614179437747225165e-05 0.000000000000000000e+00 9.109904203796759248e-05 8.622477616881951690e-05 3.628384729381650686e-05 8.192678069462999701e-05 8.948379399953410029e-05 2.398717333562672138e-04
0.000000000000000000e+00 6.171669811010360718e-03 9.545805864036083221e-03 1.684821909293532372e-03 0.000000000000000000e+00 9.361770004034042358e-03 3.305926918983459473e-03 3.288731211796402931e-03 0.000000000000000000e+00 2.646063687279820442e-03 1.676144823431968689e-02
5.059988703578710556e-03 0.000000000000000000e+00 0.000000000000000000e+00 0.000000000000000000e+00 0.000000000000000000e+00 3.716597100719809532e-03 0.000000000000000000e+00 8.705785148777067661e-04 3.911776468157768250e-03 1.220866921357810497e-03 1.095154904760420322e-03
0.000000000000000000e+00 1.187737099826335907e-03 0.000000000000000000e+00 0.000000000000000000e+00 6.132078124210238457e-04 0.000000000000000000e+00 2.699417236726731062e-04 0.000000000000000000e+00 2.811331651173532009e-04 0.000000000000000000e+00 1.514928764663636684e-03
7.033906877040863037e-04 4.179981187917292118e-04 4.422430414706468582e-03 0.000000000000000000e+00 0.000000000000000000e+00 0.000000000000000000e+00 3.480279352515935898e-03 0.000000000000000000e+00 0.000000000000000000e+00 0.000000000000000000e+00 2.869842341169714928e-03
1.063238945789635181e-03 1.901080366224050522e-03 5.782443098723888397e-03 0.000000000000000000e+00 1.133113354444503784e-02 0.000000000000000000e+00 1.270295819267630577e-03 0.000000000000000000e+00 1.435864483937621117e-03 0.000000000000000000e+00 0.000000000000000000e+00
0.000000000000000000e+00 0.000000000000000000e+00 1.431519763173128013e-06 8.023449282745787059e-08 1.741706682878430001e-06 0.000000000000000000e+00 5.222453296482854057e-07 9.625335906093823723e-07 0.000000000000000000e+00 3.528293177623709198e-07 0.000000000000000000e+00
