0.000000000000000000e+00 0.000000000000000000e+00 6.332702003419399261e-03 0.000000000000000000e+00 0.000000000000000000e+00 0.000000000000000000e+00 1.173241646029055119e-03 4.940079990774393082e-03 6.027851253747940063e-03 0.000000000000000000e+00 0.000000000000000000e+00
3.749286523088812828e-03 0.000000000000000000e+00 3.577036084607243538e-03 0.000000000000000000e+00 0.000000000000000000e+00 0.000000000000000000e+00 0.000000000000000000e+00 2.518290886655449867e-03 0.000000000000000000e+00 0.000000000000000000e+00 0.000000000000000000e+00
0.000000000000000000e+00 2.971438225358724594e-03 0.000000000000000000e+00 2.681189216673374176e-03 0.000000000000000000e+00 6.870085839182138443e-03 0.000000000000000000e+00 0.000000000000000000e+00 0.000000000000000000e+00 3.744127228856086731e-03 0.000000000000000000e+00
3.869375446811318398e-03 0.000000000000000000e+00 0.000000000000000000e+00 0.000000000000000000e+00 2.782576950266957283e-03 0.000000000000000000e+00 5.842926912009716034e-04 5.935962777584791183e-03 7.324762409552931786e-04 2.878219122067093849e-03 0.000000000000000000e+00
0.000000000000000000e+00 1.695199171081185341e-04 0.000000000000000000e+00 5.456735379993915558e-05 0.000000000000000000e+00 9.755603241501376033e-05 0.000000000000000000e+00 2.929228685388807207e-05 5.454215715872123837e-05 5.672751285601407290e-05 2.429120941087603569e-04
0.000000000000000000e+00 0.000000000000000000e+00 2.333415206521749496e-03 0.000000000000000000e+00 0.000000000000000000e+00 1.443349011242389679e-02 9.014346869662404060e-04 0.000000000000000000e+00 0.000000000000000000e+00 4.602277185767889023e-03 2.319827675819396973e-02
6.675346288830041885e-03 4.431344568729400635e-03 2.045883331447839737e-03 1.601765630766749382e-03 0.000000000000000000e+00 5.415543913841247559e-03 0.000000000000000000e+00 0.000000000000000000e+00 3.781418316066265106e-03 7.986526936292648315e-03 0.000000000000000000e+00
0.000000000000000000e+00 2.252028061775490642e-04 0.000000000000000000e+00 0.000000000000000000e+00 3.600408090278506279e-04 0.000000000000000000e+00 1.779539277777075768e-03 0.000000000000000000e+00 4.098042380064725876e-03 0.000000000000000000e+00 0.000000000000000000e+00
0.000000000000000000e+00 4.947928828187286854e-04 4.141499521210789680e-04 0.000000000000000000e+00 0.000000000000000000e+00 0.000000000000000000e+00 3.392737125977873802e-03 5.299515905790030956e-04 0.000000000000000000e+00 0.000000000000000000e+00 0.000000000000000000e+00
3.050920320674777031e-03 4.934500902891159058e-03 3.950573969632387161e-03 0.000000000000000000e+00 1.844459958374500275e-02 6.993141141720116138e-04 1.416777842678129673e-03 9.405269520357251167e-04 3.143576206639409065e-03 0.000000000000000000e+00 5.294010508805513382e-03
0.000000000000000000e+00 0.000000000000000000e+00 5.951100092715932988e-07 0.000000000000000000e+00 1.688567635937943123e-06 0.000000000000000000e+00 0.000000000000000000e+00 1.343154053756734356e-06 0.000000000000000000e+00 5.774270448455354199e-07 0.000000000000000000e+00
