0.000000000000000000e+00 0.000000000000000000e+00 0.000000000000000000e+00 0.000000000000000000e+00 0.000000000000000000e+00 0.000000000000000000e+00 0.000000000000000000e+00 1.042239088565111160e-02 7.755376864224672318e-03 0.000000000000000000e+00 0.000000000000000000e+00
1.271194685250520706e-02 0.000000000000000000e+00 3.203727304935455322e-03 2.621542895212769508e-03 2.588875824585556984e-03 0.000000000000000000e+00 7.090308237820863724e-03 0.000000000000000000e+00 6.208091508597135544e-03 0.000000000000000000e+00 8.148708730004727840e-04
0.000000000000000000e+00 2.882115310057997704e-03 0.000000000000000000e+00 2.831632038578391075e-03 4.475614055991172791e-03 3.859938122332096100e-03 0.000000000000000000e+00 3.178496146574616432e-03 6.323538254946470261e-03 5.120645277202129364e-03 6.893010344356298447e-03
1.125216577202081680e-02 0.000000000000000000e+00 0.000000000000000000e+00 2.320923376828432083e-03 4.884105641394853592e-03 0.000000000000000000e+00 0.000000000000000000e+00 2.310344949364662170e-03 1.278294716030359268e-03 0.000000000000000000e+00 0.000000000000000000e+00
0.000000000000000000e+00 0.000000000000000000e+00 3.039552757400088012e-05 7.446681411238387227e-05 0.000000000000000000e+00 4.879337939200922847e-05 2.826112722686957568e-05 0.000000000000000000e+00 0.000000000000000000e+00 1.178990642074495554e-04 3.525429347064346075e-04
0.000000000000000000e+00 0.000000000000000000e+00 0.000000000000000000e+00 0.000000000000000000e+00 0.000000000000000000e+00 0.000000000000000000e+00 0.000000000000000000e+00 0.000000000000000000e+00 0.000000000000000000e+00 0.000000000000000000e+00 0.000000000000000000e+00
2.033698838204145432e-03 2.369144232943654060e-03 0.000000000000000000e+00 8.661819738335907459e-04 0.000000000000000000e+00 0.000000000000000000e+00 3.952758386731147766e-03 5.147379357367753983e-03 5.425695329904556274e-03 9.448737837374210358e-03 6.777810864150524139e-03
0.000000000000000000e+00 7.605957216583192348e-04 0.000000000000000000e+00 0.000000000000000000e+00 5.307472776621580124e-03 0.000000000000000000e+00 0.000000000000000000e+00 1.006003352813422680e-03 0.000000000000000000e+00 0.000000000000000000e+00 0.000000000000000000e+00
0.000000000000000000e+00 5.424137227237224579e-03 0.000000000000000000e+00 0.000000000000000000e+00 1.515124691650271416e-03 2.369609894230961800e-03 0.000000000000000000e+00 0.000000000000000000e+00 2.790870144963264465e-03 6.441632285714149475e-03 0.000000000000000000e+00
6.064174231141805649e-03 8.698223158717155457e-03 9.863980114459991455e-03 0.000000000000000000e+00 3.178364783525466919e-02 0.000000000000000000e+00 0.000000000000000000e+00 0.000000000000000000e+00 5.361754447221755981e-03 0.000000000000000000e+00 1.552592031657695770e-02
0.000000000000000000e+00 1.755919853962950583e-08 3.344428250784403645e-06 0.000000000000000000e+00 5.517567387869348750e-06 0.000000000000000000e+00 1.831327949730621185e-06 1.479935463066794910e-06 4.795056156581267715e-07 5.793904733764065895e-07 0.000000000000000000e+00
