0.000000000000000000e+00 8.922859095036983490e-03 4.297635269165039062e+01 0.000000000000000000e+00 0.000000000000000000e+00 0.000000000000000000e+00 5.097119808197021484e+00 1.466371289062500000e+04 1.103472265625000000e+04 9.451580810546875000e+01 0.000000000000000000e+00
2.230839843750000000e+04 0.000000000000000000e+00 6.790951728820800781e+00 8.436404418945312500e+01 4.240248046875000000e+04 2.880963683128356934e-01 1.570666503906250000e+01 1.365163476562500000e+04 1.495787695312500000e+04 2.073709869384765625e+01 3.300950390625000000e+04
2.883268359375000000e+04 1.580617675781250000e+04 4.509383392333984375e+01 2.823652734375000000e+04 2.355299890041351318e-01 1.630968457031250000e+04 5.779495312500000000e+04 5.253907293081283569e-02 2.609967422485351562e+01 3.694840576171875000e+03 1.057571792602539062e+01
1.701739843750000000e+04 6.560311279296875000e+02 4.167165570834185928e-06 5.985428237915039062e+01 9.108316802978515625e+01 1.076121875000000000e+04 6.818528320312500000e+03 1.241430468750000000e+04 2.044169531250000000e+04 0.000000000000000000e+00 9.641892242431640625e+01
1.542625546455383301e+00 6.232651710510253906e+00 4.727920055389404297e+00 2.919381141662597656e+00 7.314886715903412551e-06 1.240631341934204102e+00 3.210594654083251953e+00 3.136743068695068359e+00 2.536947250366210938e+00 1.548196697235107422e+01 2.285462570190429688e+01
0.000000000000000000e+00 0.000000000000000000e+00 0.000000000000000000e+00 0.000000000000000000e+00 0.000000000000000000e+00 4.026188980787992477e-05 0.000000000000000000e+00 0.000000000000000000e+00 0.000000000000000000e+00 0.000000000000000000e+00 3.719318542039218300e-08
1.177449035644531250e+01 1.119259667968750000e+04 3.413115052808279870e-07 1.618404199218750000e+04 0.000000000000000000e+00 7.626870117187500000e+03 9.524357421875000000e+03 1.012237243652343750e+02 1.954226562500000000e+04 1.930061914062500000e+04 2.926656188964843750e+02
0.000000000000000000e+00 4.159855468750000000e+04 4.628092578125000000e+04 6.960126953125000000e+03 1.199841156005859375e+02 2.640808007812500000e+04 3.492965698242187500e+01 2.124747460937500000e+04 2.011139648437500000e+04 9.348912109375000000e+03 1.253895410156250000e+04
0.000000000000000000e+00 2.437768936157226562e+01 4.611783203125000000e+03 2.047534423828125000e+03 5.029565386394097004e-08 1.249156640625000000e+04 6.013704299926757812e+01 2.709706495807040483e-05 6.268498535156250000e+03 1.268334674835205078e+01 7.745934082031250000e+03
0.000000000000000000e+00 0.000000000000000000e+00 0.000000000000000000e+00 0.000000000000000000e+00 2.276763534545898438e+01 0.000000000000000000e+00 0.000000000000000000e+00 0.000000000000000000e+00 0.000000000000000000e+00 0.000000000000000000e+00 0.000000000000000000e+00
0.000000000000000000e+00 2.226592550869099796e-05 3.029173053801059723e-02 9.158483706414699554e-03 1.677620410919189453e-01 0.000000000000000000e+00 6.063008680939674377e-03 2.143895626068115234e-02 7.604505469771538628e-09 3.289309144020080566e-02 2.556239167006424395e-07
