0.000000000000000000e+00 0.000000000000000000e+00 0.000000000000000000e+00 0.000000000000000000e+00 0.000000000000000000e+00 0.000000000000000000e+00 8.711936883628368378e-03 0.000000000000000000e+00 3.230678150430321693e-03 0.000000000000000000e+00 0.000000000000000000e+00
4.468672908842563629e-03 0.000000000000000000e+00 0.000000000000000000e+00 2.060583326965570450e-03 0.000000000000000000e+00 0.000000000000000000e+00 0.000000000000000000e+00 0.000000000000000000e+00 1.504316576756536961e-03 0.000000000000000000e+00 1.948233461007475853e-03
0.000000000000000000e+00 2.203116891905665398e-03 0.000000000000000000e+00 5.127515178173780441e-03 3.460111329331994057e-03 1.819841796532273293e-03 3.628579434007406235e-03 0.000000000000000000e+00 2.352034905925393105e-03 2.364651998504996300e-03 5.209924653172492981e-03
3.567368257790803909e-03 0.000000000000000000e+00 0.000000000000000000e+00 0.000000000000000000e+00 0.000000000000000000e+00 0.000000000000000000e+00 0.000000000000000000e+00 3.112192731350660324e-03 1.399643602780997753e-03 6.512059830129146576e-03 0.000000000000000000e+00
0.000000000000000000e+00 6.529899837914854288e-05 1.455957099096849561e-04 1.050238060997799039e-04 0.000000000000000000e+00 6.206497346283867955e-05 1.004945588647387922e-04 7.666464807698503137e-05 1.053184314514510334e-04 1.798530138330534101e-04 3.334313805680721998e-04
0.000000000000000000e+00 0.000000000000000000e+00 0.000000000000000000e+00 0.000000000000000000e+00 0.000000000000000000e+00 0.000000000000000000e+00 0.000000000000000000e+00 0.000000000000000000e+00 0.000000000000000000e+00 0.000000000000000000e+00 0.000000000000000000e+00
6.766830570995807648e-03 3.340577939525246620e-03 0.000000000000000000e+00 0.000000000000000000e+00 0.000000000000000000e+00 0.000000000000000000e+00 0.000000000000000000e+00 0.000000000000000000e+00 1.194286858662962914e-03 1.549160107970237732e-03 2.909654518589377403e-03
0.000000000000000000e+00 2.532189711928367615e-03 0.000000000000000000e+00 0.000000000000000000e+00 1.265513128601014614e-03 0.000000000000000000e+00 0.000000000000000000e+00 0.000000000000000000e+00 6.135964300483465195e-03 0.000000000000000000e+00 0.000000000000000000e+00
9.728513541631400585e-04 5.790686700493097305e-03 4.881210159510374069e-03 0.000000000000000000e+00 0.000000000000000000e+00 0.000000000000000000e+00 0.000000000000000000e+00 0.000000000000000000e+00 4.078670099261216819e-05 0.000000000000000000e+00 1.965227071195840836e-03
7.998801767826080322e-03 6.260384805500507355e-03 7.886854931712150574e-03 2.630603848956525326e-04 2.518862299621105194e-02 1.611610641703009605e-03 1.731198746711015701e-03 0.000000000000000000e+00 1.250745845027267933e-03 1.250739907845854759e-03 4.321554210036993027e-03
0.000000000000000000e+00 0.000000000000000000e+00 1.636570004848181270e-06 0.000000000000000000e+00 4.002278274128912017e-06 0.000000000000000000e+00 6.279320814428501762e-07 2.838702073404419934e-07 0.000000000000000000e+00 4.307193890440430550e-08 0.000000000000000000e+00
