0.000000000000000000e+00 6.404889747500419617e-03 7.511989213526248932e-03 0.000000000000000000e+00 0.000000000000000000e+00 0.000000000000000000e+00 0.000000000000000000e+00 3.484602551907300949e-03 1.630465267226099968e-03 0.000000000000000000e+00 0.000000000000000000e+00
6.855397019535303116e-03 0.000000000000000000e+00 1.630102749913930893e-03 0.000000000000000000e+00 0.000000000000000000e+00 6.772157503291964531e-04 8.153174072504043579e-03 2.424238715320825577e-03 0.000000000000000000e+00 0.000000000000000000e+00 0.000000000000000000e+00
0.000000000000000000e+00 7.843740284442901611e-03 2.700720215216279030e-03 5.306568928062915802e-04 0.000000000000000000e+00 0.000000000000000000e+00 0.000000000000000000e+00 0.000000000000000000e+00 4.242784809321165085e-03 9.431826882064342499e-03 0.000000000000000000e+00
3.058384871110320091e-03 5.076184868812561035e-03 0.000000000000000000e+00 0.000000000000000000e+00 2.420139964669942856e-03 8.866321877576410770e-04 4.609414376318454742e-03 1.066749356687068939e-02 2.597449580207467079e-03 0.000000000000000000e+00 0.000000000000000000e+00
0.000000000000000000e+00 1.136896753450855613e-04 1.338418951490893960e-04 1.681645226199179888e-04 0.000000000000000000e+00 8.733262075111269951e-05 6.583210051758214831e-06 2.519069494155701250e-05 0.000000000000000000e+00 2.120278659276664257e-04 2.628898655530065298e-04
0.000000000000000000e+00 0.000000000000000000e+00 0.000000000000000000e+00 0.000000000000000000e+00 0.000000000000000000e+00 2.870447933673858643e-04 0.000000000000000000e+00 0.000000000000000000e+00 0.000000000000000000e+00 0.000000000000000000e+00 0.000000000000000000e+00
5.621665623039007187e-03 1.025029923766851425e-02 0.000000000000000000e+00 3.385462332516908646e-03 0.000000000000000000e+00 8.221577852964401245e-03 2.937342505902051926e-03 5.503796506673097610e-03 0.000000000000000000e+00 4.248645622283220291e-03 6.066878326237201691e-03
0.000000000000000000e+00 4.969691392034292221e-03 0.000000000000000000e+00 0.000000000000000000e+00 1.781828701496124268e-03 0.000000000000000000e+00 0.000000000000000000e+00 0.000000000000000000e+00 2.677527489140629768e-03 1.261484721908345819e-04 8.820079965516924858e-04
0.000000000000000000e+00 8.829847793094813824e-04 0.000000000000000000e+00 3.873876761645078659e-03 0.000000000000000000e+00 0.000000000000000000e+00 8.433565497398376465e-03 4.230681341141462326e-03 0.000000000000000000e+00 0.000000000000000000e+00 5.145851173438131809e-04
8.513978682458400726e-03 5.151997538632713258e-05 0.000000000000000000e+00 0.000000000000000000e+00 2.902086079120635986e-02 5.496473517268896103e-03 7.501381449401378632e-03 0.000000000000000000e+00 4.227088298648595810e-03 0.000000000000000000e+00 6.359708029776811600e-03
0.000000000000000000e+00 0.000000000000000000e+00 1.575070655235322192e-06 2.840070578713493887e-07 5.910980235057650134e-06 0.000000000000000000e+00 4.233213815041381167e-07 2.167353841286967508e-06 0.000000000000000000e+00 1.439424863747262862e-06 0.000000000000000000e+00
