0.000000000000000000e+00 0.000000000000000000e+00 0.000000000000000000e+00 0.000000000000000000e+00 0.000000000000000000e+00 0.000000000000000000e+00 0.000000000000000000e+00 3.420063061639666557e-03 4.071260336786508560e-03 0.000000000000000000e+00 0.000000000000000000e+00
1.524611376225948334e-02 0.000000000000000000e+00 4.196949303150177002e-03 2.246744465082883835e-03 0.000000000000000000e+00 0.000000000000000000e+00 7.666071178391575813e-04 8.586688782088458538e-04 0.000000000000000000e+00 0.000000000000000000e+00 0.000000000000000000e+00
0.000000000000000000e+00 6.840002723038196564e-03 0.000000000000000000e+00 1.826876774430274963e-03 5.920526571571826935e-03 0.000000000000000000e+00 1.866944599896669388e-03 0.000000000000000000e+00 0.000000000000000000e+00 1.024527382105588913e-02 0.000000000000000000e+00
2.322883810847997665e-04 0.000000000000000000e+00 0.000000000000000000e+00 0.000000000000000000e+00 0.000000000000000000e+00 0.000000000000000000e+00 1.767441746778786182e-03 9.194130077958106995e-03 2.251951489597558975e-03 0.000000000000000000e+00 0.000000000000000000e+00
0.000000000000000000e+00 1.355272252112627029e-04 3.532214395818300545e-05 0.000000000000000000e+00 6.776263578034402713e-21 4.863738649873994291e-05 5.004745253245346248e-05 0.000000000000000000e+00 1.139782398240640759e-04 2.010104071814566851e-04 4.642609856091439724e-04
0.000000000000000000e+00 0.000000000000000000e+00 0.000000000000000000e+00 0.000000000000000000e+00 0.000000000000000000e+00 0.000000000000000000e+00 0.000000000000000000e+00 0.000000000000000000e+00 0.000000000000000000e+00 0.000000000000000000e+00 0.000000000000000000e+00
9.425196796655654907e-03 1.515088020823895931e-03 0.000000000000000000e+00 0.000000000000000000e+00 0.000000000000000000e+00 0.000000000000000000e+00 0.000000000000000000e+00 5.282546859234571457e-03 6.280804518610239029e-03 9.295142255723476410e-03 8.158322423696517944e-03
0.000000000000000000e+00 4.986380692571401596e-03 6.651345756836235523e-04 5.519927013665437698e-03 0.000000000000000000e+00 0.000000000000000000e+00 0.000000000000000000e+00 0.000000000000000000e+00 5.693084094673395157e-03 5.082856398075819016e-03 0.000000000000000000e+00
4.235368221998214722e-03 5.314839538186788559e-03 2.250914694741368294e-03 0.000000000000000000e+00 0.000000000000000000e+00 0.000000000000000000e+00 6.996360141783952713e-03 3.790574846789240837e-03 0.000000000000000000e+00 7.735414430499076843e-03 4.038275219500064850e-03
1.106119342148303986e-02 4.400424659252166748e-03 1.699262997135519981e-03 2.556293620727956295e-04 3.835199773311614990e-02 0.000000000000000000e+00 0.000000000000000000e+00 2.322763204574584961e-03 0.000000000000000000e+00 0.000000000000000000e+00 8.766028098762035370e-03
0.000000000000000000e+00 3.077944484175532125e-06 1.034712840919382870e-05 4.632572938589873957e-07 1.532671740278601646e-05 0.000000000000000000e+00 1.968217702597030438e-06 2.431126631563529372e-06 0.000000000000000000e+00 5.473428700497606769e-06 0.000000000000000000e+00
