0.000000000000000000e+00 5.200435989536345005e-04 8.815324865281581879e-03 0.000000000000000000e+00 0.000000000000000000e+00 0.000000000000000000e+00 0.000000000000000000e+00 0.000000000000000000e+00 7.005069870501756668e-03 0.000000000000000000e+00 0.000000000000000000e+00
2.923256484791636467e-03 0.000000000000000000e+00 5.092357750982046127e-04 7.644799537956714630e-03 0.000000000000000000e+00 0.000000000000000000e+00 1.383609510958194733e-02 7.790866948198527098e-05 0.000000000000000000e+00 0.000000000000000000e+00 1.048868801444768906e-02
1.391922705806791782e-03 9.358276613056659698e-03 0.000000000000000000e+00 6.167176179587841034e-04 0.000000000000000000e+00 7.526681758463382721e-03 2.297549508512020111e-03 0.000000000000000000e+00 5.423931404948234558e-03 8.195049129426479340e-03 0.000000000000000000e+00
8.311206474900245667e-03 0.000000000000000000e+00 0.000000000000000000e+00 0.000000000000000000e+00 2.994961105287075043e-03 1.702927867881953716e-03 3.656692337244749069e-03 7.925122044980525970e-03 2.165020210668444633e-03 0.000000000000000000e+00 0.000000000000000000e+00
0.000000000000000000e+00 1.342597388429567218e-04 4.413363640196621418e-04 1.945902331499382854e-04 0.000000000000000000e+00 0.000000000000000000e+00 0.000000000000000000e+00 0.000000000000000000e+00 0.000000000000000000e+00 1.025542660499922931e-04 1.522101345472037792e-03
0.000000000000000000e+00 0.000000000000000000e+00 0.000000000000000000e+00 0.000000000000000000e+00 0.000000000000000000e+00 0.000000000000000000e+00 0.000000000000000000e+00 0.000000000000000000e+00 0.000000000000000000e+00 0.000000000000000000e+00 0.000000000000000000e+00
0.000000000000000000e+00 4.433272406458854675e-03 0.000000000000000000e+00 4.962899256497621536e-03 0.000000000000000000e+00 0.000000000000000000e+00 3.573549445718526840e-03 3.755026045837439597e-05 0.000000000000000000e+00 0.000000000000000000e+00 0.000000000000000000e+00
0.000000000000000000e+00 4.163281992077827454e-03 4.841844085603952408e-03 0.000000000000000000e+00 1.044180942699313164e-03 0.000000000000000000e+00 0.000000000000000000e+00 1.097800210118293762e-03 0.000000000000000000e+00 0.000000000000000000e+00 0.000000000000000000e+00
0.000000000000000000e+00 0.000000000000000000e+00 0.000000000000000000e+00 0.000000000000000000e+00 0.000000000000000000e+00 1.155511476099491119e-03 2.008973853662610054e-03 0.000000000000000000e+00 0.000000000000000000e+00 0.000000000000000000e+00 4.868107382208108902e-03
4.130960442125797272e-04 5.340038798749446869e-03 2.224944066256284714e-03 0.000000000000000000e+00 3.143439069390296936e-02 0.000000000000000000e+00 4.882517270743846893e-03 1.527305343188345432e-03 1.260267850011587143e-02 9.430823847651481628e-04 1.309573277831077576e-02
0.000000000000000000e+00 9.132475611295376439e-07 2.135075555997900665e-05 3.514144509608740918e-06 2.352957199036609381e-05 0.000000000000000000e+00 9.767569281393662095e-06 1.507009073975495994e-05 0.000000000000000000e+00 1.352553772449027747e-05 0.000000000000000000e+00
