0.000000000000000000e+00 0.000000000000000000e+00 6.408041343092918396e-03 0.000000000000000000e+00 0.000000000000000000e+00 0.000000000000000000e+00 2.893163124099373817e-03 7.602313999086618423e-03 0.000000000000000000e+00 0.000000000000000000e+00 0.000000000000000000e+00
1.754442229866981506e-02 0.000000000000000000e+00 1.592325977981090546e-03 5.979088600724935532e-03 0.000000000000000000e+00 0.000000000000000000e+00 5.332188215106725693e-03 0.000000000000000000e+00 3.303030040115118027e-03 0.000000000000000000e+00 0.000000000000000000e+00
0.000000000000000000e+00 9.004831314086914062e-03 0.000000000000000000e+00 0.000000000000000000e+00 0.000000000000000000e+00 1.116083003580570221e-02 1.793737895786762238e-02 0.000000000000000000e+00 6.235953886061906815e-03 0.000000000000000000e+00 0.000000000000000000e+00
1.316669490188360214e-02 4.569392331177368760e-06 0.000000000000000000e+00 2.161801559850573540e-03 1.083376724272966385e-02 2.393722534179687500e-03 7.678961381316184998e-03 1.696858555078506470e-02 0.000000000000000000e+00 0.000000000000000000e+00 0.000000000000000000e+00
5.672352926922030747e-05 1.505352411186322570e-04 3.321610347484238446e-05 9.645183308748528361e-05 0.000000000000000000e+00 1.019746923702768981e-04 3.287364233983680606e-05 0.000000000000000000e+00 1.011001222650520504e-05 1.943482347996905446e-04 4.674141528084874153e-04
0.000000000000000000e+00 0.000000000000000000e+00 0.000000000000000000e+00 0.000000000000000000e+00 0.000000000000000000e+00 2.293635159730911255e-03 0.000000000000000000e+00 0.000000000000000000e+00 0.000000000000000000e+00 0.000000000000000000e+00 0.000000000000000000e+00
9.543298743665218353e-03 4.199163522571325302e-03 0.000000000000000000e+00 0.000000000000000000e+00 0.000000000000000000e+00 3.481709631159901619e-03 6.938659586012363434e-03 5.769805051386356354e-03 1.584764977451413870e-04 1.162878982722759247e-02 1.739071868360042572e-02
0.000000000000000000e+00 2.342553489143028855e-04 0.000000000000000000e+00 0.000000000000000000e+00 0.000000000000000000e+00 2.552860416471958160e-03 7.089516613632440567e-03 0.000000000000000000e+00 1.227169111371040344e-02 0.000000000000000000e+00 2.486727433279156685e-03
0.000000000000000000e+00 5.794877652078866959e-03 0.000000000000000000e+00 4.022276028990745544e-03 0.000000000000000000e+00 0.000000000000000000e+00 6.979904603213071823e-03 0.000000000000000000e+00 0.000000000000000000e+00 1.818899181671440601e-03 1.095764571800827980e-03
1.029463019222021103e-02 0.000000000000000000e+00 9.851798415184020996e-03 0.000000000000000000e+00 5.915686860680580139e-02 3.194332530256360769e-04 0.000000000000000000e+00 2.206843579187989235e-03 0.000000000000000000e+00 0.000000000000000000e+00 2.381943538784980774e-02
0.000000000000000000e+00 0.000000000000000000e+00 7.625897978869033977e-06 0.000000000000000000e+00 1.020082891045603901e-05 0.000000000000000000e+00 1.500469238635560032e-06 6.207819183146057185e-07 0.000000000000000000e+00 2.843428092091926374e-06 0.000000000000000000e+00
