0.000000000000000000e+00 7.379910093732178211e-04 4.360345657914876938e-03 0.000000000000000000e+00 0.000000000000000000e+00 0.000000000000000000e+00 2.007045224308967590e-02 0.000000000000000000e+00 0.000000000000000000e+00 0.000000000000000000e+00 0.000000000000000000e+00
2.840653527528047562e-03 0.000000000000000000e+00 0.000000000000000000e+00 0.000000000000000000e+00 0.000000000000000000e+00 0.000000000000000000e+00 0.000000000000000000e+00 0.000000000000000000e+00 0.000000000000000000e+00 3.599417163059115410e-03 0.000000000000000000e+00
0.000000000000000000e+00 7.841422222554683685e-03 5.690364632755517960e-03 1.517991907894611359e-02 0.000000000000000000e+00 6.193527951836585999e-03 8.244957774877548218e-03 0.000000000000000000e+00 0.000000000000000000e+00 0.000000000000000000e+00 0.000000000000000000e+00
6.219606380909681320e-03 4.763580509461462498e-04 1.017548982053995132e-02 0.000000000000000000e+00 0.000000000000000000e+00 5.572627764195203781e-03 0.000000000000000000e+00 5.419288296252489090e-03 1.069118082523345947e-02 4.955406184308230877e-04 0.000000000000000000e+00
0.000000000000000000e+00 1.998832158278673887e-04 2.259883913211524487e-04 1.958839129656553268e-04 0.000000000000000000e+00 1.171145631815306842e-04 2.034256322076544166e-04 1.461083011236041784e-04 2.326553076272830367e-04 2.312197320861741900e-04 5.236121360212564468e-04
0.000000000000000000e+00 0.000000000000000000e+00 0.000000000000000000e+00 0.000000000000000000e+00 0.000000000000000000e+00 0.000000000000000000e+00 0.000000000000000000e+00 0.000000000000000000e+00 0.000000000000000000e+00 0.000000000000000000e+00 4.732052329927682877e-03
4.730581771582365036e-03 0.000000000000000000e+00 0.000000000000000000e+00 0.000000000000000000e+00 0.000000000000000000e+00 8.494828944094479084e-04 0.000000000000000000e+00 0.000000000000000000e+00 3.931745886802673340e-03 0.000000000000000000e+00 5.807150620967149734e-03
0.000000000000000000e+00 9.040414355695247650e-03 0.000000000000000000e+00 0.000000000000000000e+00 0.000000000000000000e+00 0.000000000000000000e+00 0.000000000000000000e+00 0.000000000000000000e+00 1.840214128606021404e-03 0.000000000000000000e+00 0.000000000000000000e+00
1.051483210176229477e-02 5.127496086061000824e-03 0.000000000000000000e+00 2.574688754975795746e-03 0.000000000000000000e+00 2.466382458806037903e-03 0.000000000000000000e+00 0.000000000000000000e+00 2.535762963816523552e-03 0.000000000000000000e+00 9.302212856709957123e-03
0.000000000000000000e+00 0.000000000000000000e+00 1.270766369998455048e-02 0.000000000000000000e+00 2.735331095755100250e-02 6.408952642232179642e-03 0.000000000000000000e+00 0.000000000000000000e+00 7.981840521097183228e-03 0.000000000000000000e+00 6.747687235474586487e-03
0.000000000000000000e+00 0.000000000000000000e+00 2.624526587169384584e-06 1.637932427911437117e-06 6.227013273019110784e-06 0.000000000000000000e+00 1.725118636386469007e-06 5.701776899513788521e-06 0.000000000000000000e+00 2.361546421525417827e-06 0.000000000000000000e+00
