0.000000000000000000e+00 3.058918762207031250e+01 2.677689062500000000e+04 0.000000000000000000e+00 0.000000000000000000e+00 0.000000000000000000e+00 1.649675445556640625e+02 1.783042773437500000e+04 6.304299163818359375e+01 1.334966552734375000e+03 0.000000000000000000e+00
2.169849365234375000e+03 0.000000000000000000e+00 5.101399993896484375e+01 3.291156005859375000e+03 3.348334503173828125e+01 9.182180404663085938e+00 3.121227416992187500e+02 3.383154049515724182e-02 2.104428291320800781e+01 7.497065917968750000e+03 1.260393554687500000e+04
4.678714843750000000e+03 1.857677764892578125e+02 4.691234588623046875e+00 2.509035186767578125e+02 1.149797973632812500e+02 6.174919921875000000e+03 1.629335937500000000e+02 2.628778320312500000e+03 1.265789794921875000e+02 1.824549560546875000e+02 2.438663177490234375e+02
9.981295898437500000e+03 1.039140014648437500e+02 1.478918250086280750e-07 8.218861328125000000e+03 8.294759765625000000e+03 2.269746704101562500e+02 1.477402587890625000e+03 6.520318603515625000e+02 3.964980468750000000e+03 1.709220123291015625e+01 3.327386140823364258e+00
7.974101066589355469e+00 7.079238891601562500e+00 7.482766151428222656e+00 1.436968898773193359e+01 1.174042040474887472e-06 1.787553548812866211e+00 3.775469779968261719e+00 5.698214530944824219e+00 8.739054203033447266e-01 1.273000717163085938e+01 2.526715850830078125e+01
0.000000000000000000e+00 0.000000000000000000e+00 0.000000000000000000e+00 0.000000000000000000e+00 0.000000000000000000e+00 0.000000000000000000e+00 0.000000000000000000e+00 0.000000000000000000e+00 0.000000000000000000e+00 0.000000000000000000e+00 0.000000000000000000e+00
1.070613037109375000e+03 6.138749599456787109e+00 8.655347482999786735e-05 2.225653686523437500e+02 8.649683837890625000e+02 2.169038727879524231e-02 2.249776367187500000e+03 1.473344309488311410e-05 4.671541137695312500e+02 8.292308593750000000e+03 1.868989715576171875e+02
1.539856064880495978e-08 2.481096875000000000e+04 7.075705078125000000e+03 5.800570579594932497e-05 1.432082824707031250e+02 8.400926208496093750e+01 7.479301147460937500e+02 2.197794140625000000e+04 3.238174218750000000e+04 1.350966015625000000e+04 2.001648535951972008e-03
0.000000000000000000e+00 1.806866406250000000e+04 1.290019836425781250e+02 4.320370117187500000e+03 4.661989974975585938e+01 3.413190612792968750e+02 1.580126586914062500e+03 1.831852555274963379e+00 1.009584960937500000e+02 1.004306213378906250e+03 1.746220397949218750e+02
0.000000000000000000e+00 0.000000000000000000e+00 0.000000000000000000e+00 0.000000000000000000e+00 1.773691558837890625e+01 0.000000000000000000e+00 0.000000000000000000e+00 0.000000000000000000e+00 0.000000000000000000e+00 0.000000000000000000e+00 0.000000000000000000e+00
0.000000000000000000e+00 1.486329128965735435e-03 8.396849036216735840e-02 1.774654025211930275e-03 2.212062031030654907e-01 0.000000000000000000e+00 2.027968410402536392e-03 7.716692239046096802e-02 3.753277007490396500e-03 8.407506346702575684e-02 0.000000000000000000e+00
