3.549420833587646484e+00 2.702404212951660156e+01 3.179079818725585938e+01 9.661876678466796875e+00 2.929231524467468262e-02 1.981956064701080322e-01 3.300461959838867188e+01 3.179583930969238281e+01 3.286187744140625000e+01 2.094763565063476562e+01 2.185537219047546387e-01
1.204281933593750000e+04 0.000000000000000000e+00 6.341964111328125000e+02 5.084811523437500000e+03 4.577083496093750000e+03 6.824677276611328125e+01 6.046405029296875000e+02 4.703215026855468750e+01 6.565111816406250000e+03 7.868448486328125000e+02 5.812868164062500000e+03
6.726679229736328125e+01 4.106871093750000000e+03 3.359858819749206305e-04 4.233632812500000000e+02 1.817977577447891235e-01 9.999362182617187500e+02 5.107776855468750000e+03 4.543757438659667969e-01 1.158123626708984375e+02 5.009714843750000000e+03 1.614700317382812500e+01
2.733226562500000000e+03 1.658291015625000000e+02 1.292212486267089844e+00 1.117100585937500000e+03 3.110819702148437500e+02 1.893293334960937500e+03 1.354494384765625000e+03 2.948693847656250000e+03 6.616825195312500000e+03 1.064124755859375000e+03 1.818973396439105272e-05
2.093802642822265625e+01 5.301558303833007812e+01 1.700867462158203125e+01 3.667964553833007812e+01 3.395662133698351681e-06 4.098680114746093750e+01 3.621513748168945312e+01 2.776276588439941406e+01 3.456892013549804688e+01 5.488388824462890625e+01 8.502881622314453125e+01
0.000000000000000000e+00 0.000000000000000000e+00 0.000000000000000000e+00 0.000000000000000000e+00 0.000000000000000000e+00 5.202718602959066629e-05 0.000000000000000000e+00 0.000000000000000000e+00 0.000000000000000000e+00 0.000000000000000000e+00 1.751437375787645578e-04
2.350683105468750000e+03 1.085733947753906250e+02 3.056032562255859375e+01 1.049125585937500000e+04 1.322594642639160156e+01 4.027955017089843750e+02 2.633899536132812500e+02 4.863678222656250000e+03 4.650879821777343750e+02 2.750851562500000000e+03 5.580244140625000000e+03
0.000000000000000000e+00 2.366063476562500000e+04 2.407053515625000000e+04 4.838462890625000000e+03 2.111333770751953125e+02 1.170864550781250000e+04 4.053313476562500000e+03 8.271948242187500000e+03 3.934202880859375000e+02 5.338835937500000000e+03 1.339347265625000000e+04
2.988236956298351288e-04 5.950418853759765625e+01 5.135678710937500000e+03 2.657012329101562500e+02 1.035594940185546875e-01 2.619575119018554688e+01 1.109004296875000000e+04 6.281611323356628418e-02 9.866932617187500000e+03 4.759813308715820312e+00 1.388931152343750000e+04
0.000000000000000000e+00 0.000000000000000000e+00 0.000000000000000000e+00 0.000000000000000000e+00 6.046101379394531250e+01 0.000000000000000000e+00 0.000000000000000000e+00 0.000000000000000000e+00 0.000000000000000000e+00 0.000000000000000000e+00 1.502251398051157594e-04
0.000000000000000000e+00 1.267790366910048760e-06 5.207647681236267090e-01 4.020734690129756927e-03 6.931724548339843750e-01 0.000000000000000000e+00 2.970652841031551361e-02 2.710436880588531494e-01 4.408109930409409571e-07 2.397762835025787354e-01 3.344605283928103745e-05
