0.000000000000000000e+00 0.000000000000000000e+00 8.016754873096942902e-04 0.000000000000000000e+00 0.000000000000000000e+00 0.000000000000000000e+00 5.869248881936073303e-03 3.659756155684590340e-03 2.972017042338848114e-03 0.000000000000000000e+00 0.000000000000000000e+00
5.030560307204723358e-03 0.000000000000000000e+00 1.860850490629673004e-03 1.642707502469420433e-03 6.259899120777845383e-03 0.000000000000000000e+00 1.873774453997612000e-03 1.166300498880445957e-03 1.338637201115489006e-03 1.774156466126441956e-03 0.000000000000000000e+00
0.000000000000000000e+00 9.869774803519248962e-03 0.000000000000000000e+00 2.899566898122429848e-03 0.000000000000000000e+00 0.000000000000000000e+00 2.901671687141060829e-03 8.075765334069728851e-03 3.534467658028006554e-03 6.739099044352769852e-03 4.542300943285226822e-03
9.477953426539897919e-04 0.000000000000000000e+00 0.000000000000000000e+00 0.000000000000000000e+00 4.527524113655090332e-03 5.786822643131017685e-03 0.000000000000000000e+00 9.090792387723922729e-03 0.000000000000000000e+00 0.000000000000000000e+00 0.000000000000000000e+00
2.335806129849515855e-05 1.489311980549246073e-04 5.559448254643939435e-05 4.538096254691481590e-04 0.000000000000000000e+00 1.728171046124771237e-04 2.648285008035600185e-04 0.000000000000000000e+00 0.000000000000000000e+00 2.859387313947081566e-04 3.358801768627017736e-04
0.000000000000000000e+00 0.000000000000000000e+00 0.000000000000000000e+00 0.000000000000000000e+00 0.000000000000000000e+00 3.120895475149154663e-03 0.000000000000000000e+00 0.000000000000000000e+00 0.000000000000000000e+00 0.000000000000000000e+00 0.000000000000000000e+00
5.968859884887933731e-03 5.121359601616859436e-03 3.915964625775814056e-03 0.000000000000000000e+00 0.000000000000000000e+00 7.311638444662094116e-03 6.869184784591197968e-03 1.452367636375129223e-03 0.000000000000000000e+00 3.560306038707494736e-03 1.718652248382568359e-02
0.000000000000000000e+00 2.412965521216392517e-03 0.000000000000000000e+00 0.000000000000000000e+00 5.453184712678194046e-03 0.000000000000000000e+00 0.000000000000000000e+00 0.000000000000000000e+00 2.184540033340454102e-03 0.000000000000000000e+00 0.000000000000000000e+00
0.000000000000000000e+00 6.490962550742551684e-05 3.645124088507145643e-04 0.000000000000000000e+00 1.186834997497498989e-03 6.472680252045392990e-03 1.491722534410655499e-03 2.464435994625091553e-03 0.000000000000000000e+00 0.000000000000000000e+00 3.301819786429405212e-03
7.470212411135435104e-03 3.544736653566360474e-03 0.000000000000000000e+00 2.037970116361975670e-03 3.178178519010543823e-02 0.000000000000000000e+00 0.000000000000000000e+00 0.000000000000000000e+00 3.243600949645042419e-03 0.000000000000000000e+00 7.537168450653553009e-03
0.000000000000000000e+00 6.651383728240034543e-07 1.680825107541750185e-06 0.000000000000000000e+00 9.228729140886571258e-06 0.000000000000000000e+00 2.222825060016475618e-06 1.774202473825425841e-06 0.000000000000000000e+00 0.000000000000000000e+00 0.000000000000000000e+00
