0.000000000000000000e+00 1.818086719140410423e-03 1.369772711768746376e-03 0.000000000000000000e+00 0.000000000000000000e+00 0.000000000000000000e+00 3.714030841365456581e-03 0.000000000000000000e+00 7.656717789359390736e-04 0.000000000000000000e+00 0.000000000000000000e+00
3.395047271624207497e-03 0.000000000000000000e+00 0.000000000000000000e+00 0.000000000000000000e+00 0.000000000000000000e+00 0.000000000000000000e+00 0.000000000000000000e+00 0.000000000000000000e+00 1.383092370815575123e-03 0.000000000000000000e+00 0.000000000000000000e+00
1.188342692330479622e-03 2.604918088763952255e-03 1.755270990543067455e-03 1.369099598377943039e-03 0.000000000000000000e+00 6.214907392859458923e-03 1.828261185437440872e-03 0.000000000000000000e+00 0.000000000000000000e+00 0.000000000000000000e+00 1.475124881835654378e-04
4.055174998939037323e-03 6.869836943224072456e-04 0.000000000000000000e+00 0.000000000000000000e+00 2.232670318335294724e-03 5.274507566355168819e-04 0.000000000000000000e+00 2.940368372946977615e-03 1.200932194478809834e-03 0.000000000000000000e+00 0.000000000000000000e+00
2.155454712919890881e-04 3.470970259513705969e-04 3.312059852760285139e-04 2.938197576440870762e-04 0.000000000000000000e+00 2.739841584116220474e-04 3.855976101476699114e-04 3.101102483924478292e-04 3.013327368535101414e-04 3.966621879953891039e-04 8.146488689817488194e-04
0.000000000000000000e+00 5.323268851498141885e-05 1.529245171695947647e-03 1.118365325964987278e-03 0.000000000000000000e+00 1.334094069898128510e-02 0.000000000000000000e+00 8.833796018734574318e-04 0.000000000000000000e+00 3.758552018553018570e-03 1.710016466677188873e-02
0.000000000000000000e+00 0.000000000000000000e+00 0.000000000000000000e+00 1.715143298497423530e-05 0.000000000000000000e+00 2.269873628392815590e-03 8.388479473069310188e-04 1.215992379002273083e-03 3.485679393634200096e-03 2.087562577798962593e-03 0.000000000000000000e+00
0.000000000000000000e+00 6.652113515883684158e-04 0.000000000000000000e+00 0.000000000000000000e+00 1.470072893425822258e-03 0.000000000000000000e+00 0.000000000000000000e+00 0.000000000000000000e+00 1.139594707638025284e-03 0.000000000000000000e+00 0.000000000000000000e+00
1.863579382188618183e-03 0.000000000000000000e+00 2.867943607270717621e-03 9.428589255549013615e-04 0.000000000000000000e+00 0.000000000000000000e+00 0.000000000000000000e+00 0.000000000000000000e+00 0.000000000000000000e+00 0.000000000000000000e+00 9.539700695313513279e-04
1.641525159357115626e-05 3.382973838597536087e-03 5.808026529848575592e-03 0.000000000000000000e+00 1.514061726629734039e-02 1.946371863596141338e-03 0.000000000000000000e+00 0.000000000000000000e+00 2.256199251860380173e-03 0.000000000000000000e+00 3.776267403736710548e-03
0.000000000000000000e+00 0.000000000000000000e+00 1.950923069671262056e-05 9.500654414296150208e-06 2.182140815421007574e-05 0.000000000000000000e+00 5.420039997261483222e-06 1.370206882711499929e-05 0.000000000000000000e+00 9.254255928681232035e-06 0.000000000000000000e+00
