1.400942855980247259e-04 7.397045264951884747e-04 9.285316336899995804e-04 1.244925224455073476e-04 3.657809202195494436e-06 2.431821485515683889e-05 9.912593523040413857e-04 9.362274431623518467e-04 7.872317219153046608e-04 6.780896801501512527e-04 6.214122549863532186e-06
1.153614425659179688e+01 0.000000000000000000e+00 9.046470642089843750e+00 7.456707954406738281e+00 1.040699891746044159e-02 3.360882759094238281e+00 2.680880308151245117e+00 5.181826591491699219e+00 1.016861915588378906e+00 3.025907039642333984e+00 4.128059387207031250e+00
1.625539269298315048e-03 6.905247271060943604e-02 8.351331949234008789e-02 4.405505955219268799e-02 6.345075368881225586e-01 7.944412529468536377e-02 3.134520351886749268e-02 0.000000000000000000e+00 0.000000000000000000e+00 1.476793766021728516e+00 4.388905945234000683e-04
3.391815662384033203e+00 0.000000000000000000e+00 0.000000000000000000e+00 3.944735508412122726e-03 4.594314843416213989e-03 4.909835406579077244e-04 8.946242928504943848e-01 1.023875474929809570e+00 1.043896074406802654e-03 1.598066329956054688e+00 6.583948433399200439e-02
1.640274655073881149e-03 2.136302646249532700e-03 1.848974730819463730e-03 1.439453451894223690e-03 0.000000000000000000e+00 1.553812064230442047e-03 2.301760716363787651e-03 9.395440574735403061e-04 2.142931800335645676e-03 2.547581680119037628e-03 6.282510701566934586e-03
0.000000000000000000e+00 3.565370279829949141e-04 0.000000000000000000e+00 1.084143877960741520e-03 0.000000000000000000e+00 4.198464751243591309e-02 0.000000000000000000e+00 0.000000000000000000e+00 0.000000000000000000e+00 0.000000000000000000e+00 5.608782172203063965e-02
1.230966567993164062e+00 1.386775016784667969e+00 4.761634171009063721e-01 3.659686565399169922e+00 4.957455992698669434e-01 1.420567333698272705e-01 9.615592658519744873e-03 9.600670076906681061e-03 1.147560238838195801e+00 9.658645987510681152e-01 6.662968397140502930e-01
0.000000000000000000e+00 3.629195928573608398e+00 3.570710718631744385e-01 0.000000000000000000e+00 1.709426566958427429e-02 0.000000000000000000e+00 9.837552905082702637e-03 5.867445841431617737e-03 3.138883970677852631e-03 0.000000000000000000e+00 8.975072996690869331e-04
7.389762997627258301e-02 1.293376237154006958e-01 1.439372897148132324e-01 1.078286096453666687e-01 0.000000000000000000e+00 1.937667429447174072e-01 1.467869579792022705e-01 9.107178449630737305e-02 4.441412165760993958e-02 6.631455570459365845e-02 2.367255538702011108e-01
6.506076315417885780e-04 0.000000000000000000e+00 5.818025209009647369e-03 0.000000000000000000e+00 1.003008008003234863e+00 8.673514821566641331e-04 0.000000000000000000e+00 0.000000000000000000e+00 1.723359106108546257e-03 0.000000000000000000e+00 5.344884395599365234e-01
0.000000000000000000e+00 0.000000000000000000e+00 6.519181170006049797e-06 8.302802712023549248e-07 3.229247158742509782e-05 0.000000000000000000e+00 0.000000000000000000e+00 7.723201633780263364e-06 0.000000000000000000e+00 1.684189919615164399e-05 1.826969509011178161e-07
