0.000000000000000000e+00 0.000000000000000000e+00 3.501059021800756454e-03 0.000000000000000000e+00 0.000000000000000000e+00 0.000000000000000000e+00 0.000000000000000000e+00 4.824804142117500305e-03 0.000000000000000000e+00 0.000000000000000000e+00 0.000000000000000000e+00
4.842574708163738251e-03 0.000000000000000000e+00 2.057913225144147873e-03 0.000000000000000000e+00 0.000000000000000000e+00 0.000000000000000000e+00 0.000000000000000000e+00 0.000000000000000000e+00 0.000000000000000000e+00 0.000000000000000000e+00 0.000000000000000000e+00
1.758954720571637154e-03 0.000000000000000000e+00 0.000000000000000000e+00 0.000000000000000000e+00 3.893966088071465492e-03 5.869204760529100895e-04 1.894635497592389584e-03 0.000000000000000000e+00 0.000000000000000000e+00 6.195358932018280029e-03 2.403018334007356316e-05
5.411852616816759109e-03 0.000000000000000000e+00 0.000000000000000000e+00 0.000000000000000000e+00 0.000000000000000000e+00 0.000000000000000000e+00 3.139423904940485954e-03 3.019936615601181984e-03 2.686408115550875664e-03 2.485280856490135193e-03 0.000000000000000000e+00
0.000000000000000000e+00 2.142840530723333359e-04 1.454628509236499667e-04 1.540149096399545670e-04 0.000000000000000000e+00 2.411715540802106261e-04 1.806571381166577339e-04 9.455508552491664886e-05 2.039723913185298443e-04 3.957710578106343746e-04 6.917285500094294548e-04
0.000000000000000000e+00 0.000000000000000000e+00 2.905586268752813339e-03 1.086463220417499542e-03 0.000000000000000000e+00 1.929322630167007446e-02 1.853330468293279409e-04 4.106367123313248158e-04 0.000000000000000000e+00 7.331968285143375397e-03 2.251897566020488739e-02
5.270136520266532898e-03 0.000000000000000000e+00 0.000000000000000000e+00 8.500205585733056068e-04 0.000000000000000000e+00 0.000000000000000000e+00 0.000000000000000000e+00 7.365837809629738331e-04 5.088339094072580338e-03 4.203740973025560379e-03 0.000000000000000000e+00
0.000000000000000000e+00 4.060802049934864044e-03 3.220878075808286667e-03 1.391898607835173607e-03 0.000000000000000000e+00 0.000000000000000000e+00 0.000000000000000000e+00 0.000000000000000000e+00 6.015953258611261845e-04 0.000000000000000000e+00 0.000000000000000000e+00
1.677821273915469646e-04 2.024327637627720833e-03 0.000000000000000000e+00 0.000000000000000000e+00 0.000000000000000000e+00 1.667123986408114433e-03 5.910913925617933273e-03 1.056660781614482403e-03 0.000000000000000000e+00 0.000000000000000000e+00 2.450623083859682083e-03
2.496997360140085220e-03 0.000000000000000000e+00 6.559873931109905243e-03 0.000000000000000000e+00 1.988641172647476196e-02 0.000000000000000000e+00 0.000000000000000000e+00 0.000000000000000000e+00 1.500008860602974892e-03 0.000000000000000000e+00 9.515430778264999390e-03
0.000000000000000000e+00 1.936261014634510502e-06 4.347570666141109541e-06 6.432464942918159068e-07 6.395883701770799235e-06 0.000000000000000000e+00 7.531520509473921265e-07 4.340759005572181195e-06 0.000000000000000000e+00 2.926338765973923728e-06 0.000000000000000000e+00
