0.000000000000000000e+00 0.000000000000000000e+00 0.000000000000000000e+00 0.000000000000000000e+00 0.000000000000000000e+00 0.000000000000000000e+00 0.000000000000000000e+00 4.234103951603174210e-03 0.000000000000000000e+00 0.000000000000000000e+00 0.000000000000000000e+00
2.805753145366907120e-03 0.000000000000000000e+00 0.000000000000000000e+00 0.000000000000000000e+00 0.000000000000000000e+00 0.000000000000000000e+00 2.242434071376919746e-03 0.000000000000000000e+00 3.130380064249038696e-03 0.000000000000000000e+00 9.248245623894035816e-04
8.801131043583154678e-04 0.000000000000000000e+00 1.710586366243660450e-03 0.000000000000000000e+00 0.000000000000000000e+00 1.014496758580207825e-02 3.583081299439072609e-03 0.000000000000000000e+00 0.000000000000000000e+00 2.679963828995823860e-03 7.896993774920701981e-04
4.338896833360195160e-03 0.000000000000000000e+00 0.000000000000000000e+00 3.480362007394433022e-03 3.797288984060287476e-03 0.000000000000000000e+00 2.924346830695867538e-03 4.666203632950782776e-03 0.000000000000000000e+00 0.000000000000000000e+00 0.000000000000000000e+00
1.772079849615693092e-04 3.098474408034235239e-04 2.419310330878943205e-04 1.514727046014741063e-04 0.000000000000000000e+00 1.440449559595435858e-04 1.676605024840682745e-04 5.686928489012643695e-05 5.606403647107072175e-05 2.308826806256547570e-04 7.205827278085052967e-04
0.000000000000000000e+00 2.612094860523939133e-03 3.783839056268334389e-03 1.955216052010655403e-03 0.000000000000000000e+00 2.594731189310550690e-02 2.601686166599392891e-03 2.335766796022653580e-03 0.000000000000000000e+00 7.430375553667545319e-03 2.955242060124874115e-02
0.000000000000000000e+00 0.000000000000000000e+00 0.000000000000000000e+00 6.042932160198688507e-03 0.000000000000000000e+00 5.365476827137172222e-04 3.350263228639960289e-03 2.420097443973645568e-04 1.814985414966940880e-03 1.987299416214227676e-03 0.000000000000000000e+00
0.000000000000000000e+00 1.138377701863646507e-03 6.750515662133693695e-03 0.000000000000000000e+00 0.000000000000000000e+00 0.000000000000000000e+00 2.540730638429522514e-03 2.319335471838712692e-03 2.479616319760680199e-03 0.000000000000000000e+00 1.491780392825603485e-03
0.000000000000000000e+00 6.132370908744633198e-04 3.260686527937650681e-03 0.000000000000000000e+00 0.000000000000000000e+00 7.355158682912588120e-03 1.000848016701638699e-03 0.000000000000000000e+00 0.000000000000000000e+00 0.000000000000000000e+00 1.166785950772464275e-03
5.486658308655023575e-03 3.128645708784461021e-03 7.152971811592578888e-03 0.000000000000000000e+00 2.254418842494487762e-02 8.847371209412813187e-04 0.000000000000000000e+00 0.000000000000000000e+00 6.158099044114351273e-03 0.000000000000000000e+00 9.038731455802917480e-03
0.000000000000000000e+00 0.000000000000000000e+00 5.224191227171104401e-06 0.000000000000000000e+00 9.138859240920282900e-06 0.000000000000000000e+00 0.000000000000000000e+00 1.829487587201583665e-06 0.000000000000000000e+00 1.298727397625043523e-06 0.000000000000000000e+00
