0.000000000000000000e+00 0.000000000000000000e+00 1.410370459780097008e-03 0.000000000000000000e+00 0.000000000000000000e+00 0.000000000000000000e+00 4.408583976328372955e-03 7.725031580775976181e-03 1.042128074914216995e-03 0.000000000000000000e+00 0.000000000000000000e+00
1.682193949818611145e-03 0.000000000000000000e+00 1.921543269418179989e-03 1.344313030131161213e-03 3.038624767214059830e-03 0.000000000000000000e+00 0.000000000000000000e+00 0.000000000000000000e+00 1.065181451849639416e-03 0.000000000000000000e+00 0.000000000000000000e+00
0.000000000000000000e+00 0.000000000000000000e+00 0.000000000000000000e+00 6.383672589436173439e-04 0.000000000000000000e+00 2.096610143780708313e-03 1.597414026036858559e-03 0.000000000000000000e+00 0.000000000000000000e+00 3.705424489453434944e-03 1.368932076729834080e-03
4.725179169327020645e-03 0.000000000000000000e+00 0.000000000000000000e+00 1.618526992388069630e-03 1.582193188369274139e-03 0.000000000000000000e+00 2.920660423114895821e-03 2.972927875816822052e-03 3.610166488215327263e-03 0.000000000000000000e+00 0.000000000000000000e+00
2.610582896522828378e-06 5.026538201491348445e-05 3.547835149220190942e-05 6.493883120128884912e-05 0.000000000000000000e+00 5.837703065481036901e-05 7.736006955383345485e-05 0.000000000000000000e+00 9.429280908079817891e-05 7.820362952770665288e-05 2.233824343420565128e-04
0.000000000000000000e+00 0.000000000000000000e+00 0.000000000000000000e+00 2.444528741762042046e-03 0.000000000000000000e+00 1.826450414955615997e-02 1.066067605279386044e-03 0.000000000000000000e+00 0.000000000000000000e+00 7.352427579462528229e-03 2.565301023423671722e-02
1.065630465745925903e-03 1.100003253668546677e-03 1.953878207132220268e-03 6.709213368594646454e-03 0.000000000000000000e+00 5.368036683648824692e-03 2.102601807564496994e-03 2.535918494686484337e-03 3.530138637870550156e-03 5.624016746878623962e-03 4.163003992289304733e-03
0.000000000000000000e+00 1.928216195665299892e-03 2.308357215952128172e-04 0.000000000000000000e+00 5.534722004085779190e-04 0.000000000000000000e+00 1.776569522917270660e-03 0.000000000000000000e+00 0.000000000000000000e+00 0.000000000000000000e+00 1.237450866028666496e-03
1.029319479130208492e-03 0.000000000000000000e+00 0.000000000000000000e+00 2.170937135815620422e-03 0.000000000000000000e+00 5.359616479836404324e-04 4.122854734305292368e-04 2.755586057901382446e-03 2.171583706513047218e-03 0.000000000000000000e+00 0.000000000000000000e+00
6.081624887883663177e-03 3.060255898162722588e-03 6.773028522729873657e-03 0.000000000000000000e+00 1.598365418612957001e-02 0.000000000000000000e+00 0.000000000000000000e+00 0.000000000000000000e+00 4.927000962197780609e-03 0.000000000000000000e+00 7.202126551419496536e-03
0.000000000000000000e+00 0.000000000000000000e+00 3.689963534725393401e-07 3.165309010455530370e-07 2.785126071103150025e-06 0.000000000000000000e+00 9.827899702941067517e-07 1.146589511336060241e-06 0.000000000000000000e+00 1.350127718069416005e-06 0.000000000000000000e+00
