0.000000000000000000e+00 5.106735229492187500e+02 1.113392639160156250e+01 0.000000000000000000e+00 0.000000000000000000e+00 0.000000000000000000e+00 3.082379150390625000e+02 1.259361724853515625e+02 1.637575073242187500e+02 5.132553710937500000e+02 0.000000000000000000e+00
3.732104972004890442e-02 2.678157958984375000e+02 9.355797767639160156e+00 1.776746215820312500e+02 2.972940063476562500e+02 3.485277404785156250e+02 6.361336669921875000e+02 2.884566040039062500e+02 3.009468383789062500e+02 2.828878173828125000e+02 6.540651245117187500e+02
1.445138081908226013e-02 2.231427154541015625e+02 3.156875038146972656e+01 7.983579711914062500e+02 2.484031438827514648e+00 8.115412597656250000e+02 6.352053222656250000e+02 4.264263843651860952e-04 1.149052567780017853e-02 1.762875976562500000e+03 4.836985468864440918e-01
1.872484741210937500e+02 6.885056495666503906e-01 3.429653549194335938e+01 5.295169830322265625e+00 3.084109783172607422e+00 4.897840576171875000e+02 4.121897220611572266e+00 2.286623840332031250e+02 5.563332519531250000e+02 1.454395242035388947e-04 1.783288121223449707e+00
1.890330910682678223e-01 3.447868227958679199e-01 1.816064715385437012e-01 4.227275848388671875e-01 0.000000000000000000e+00 2.072295099496841431e-01 2.591954767704010010e-01 2.074237167835235596e-01 1.741934381425380707e-02 5.440266132354736328e-01 8.474143743515014648e-01
0.000000000000000000e+00 0.000000000000000000e+00 0.000000000000000000e+00 0.000000000000000000e+00 0.000000000000000000e+00 0.000000000000000000e+00 0.000000000000000000e+00 0.000000000000000000e+00 0.000000000000000000e+00 0.000000000000000000e+00 0.000000000000000000e+00
8.302017211914062500e+00 1.874880313873291016e+00 0.000000000000000000e+00 7.640992736816406250e+01 2.586354255676269531e+00 7.214724540710449219e+00 8.135202789306640625e+01 1.074257850646972656e+00 2.998280029296875000e+02 8.723157501220703125e+01 2.487410736083984375e+01
1.727254638671875000e+02 5.279118652343750000e+02 6.324929199218750000e+02 2.291658325195312500e+02 1.239755126953125000e+03 6.200015869140625000e+02 9.338792800903320312e+00 1.248454711914062500e+03 9.751761474609375000e+02 7.685738525390625000e+02 7.904847412109375000e+02
2.659277470229426399e-06 2.330179595947265625e+02 5.066441345214843750e+02 6.322583885776111856e-06 1.640429198741912842e-01 3.995201416015625000e+02 1.174537849426269531e+01 1.530008087158203125e+02 6.766176757812500000e+02 1.244729906320571899e-01 2.036630249023437500e+02
0.000000000000000000e+00 0.000000000000000000e+00 0.000000000000000000e+00 0.000000000000000000e+00 6.082632020115852356e-02 0.000000000000000000e+00 0.000000000000000000e+00 0.000000000000000000e+00 6.327256560325622559e-04 0.000000000000000000e+00 2.492642961442470551e-04
0.000000000000000000e+00 1.259011449292302132e-03 3.204319626092910767e-03 8.515200534020550549e-06 5.189120769500732422e-03 0.000000000000000000e+00 3.048162034247070551e-04 4.075618460774421692e-03 3.216045297449454665e-05 2.902693813666701317e-03 1.796825323253870010e-03
