0.000000000000000000e+00 1.872229003906250000e+02 3.964270019531250000e+02 0.000000000000000000e+00 0.000000000000000000e+00 0.000000000000000000e+00 5.824731445312500000e+02 6.363598022460937500e+02 1.796910705566406250e+02 1.109640502929687500e+02 0.000000000000000000e+00
3.033512695312500000e+04 4.046206640625000000e+04 4.193668359375000000e+04 2.890758593750000000e+04 2.590624218750000000e+04 1.515532910156250000e+04 4.242550659179687500e+01 1.501484765625000000e+04 1.856171875000000000e+04 1.818949414062500000e+04 5.981750781250000000e+04
3.050976318359375000e+03 3.951362228393554688e+01 4.596424102783203125e+00 6.356415527343750000e+03 2.937896347045898438e+01 7.638686523437500000e+03 5.532697265625000000e+03 3.511387634277343750e+01 1.687974901869893074e-03 3.955368896484375000e+03 1.056530857086181641e+01
6.497409667968750000e+03 2.233275413513183594e+00 0.000000000000000000e+00 2.146976562500000000e+03 1.287890991210937500e+03 1.710514892578125000e+03 2.792289062500000000e+03 1.191094848632812500e+03 3.075339355468750000e+03 2.673759841918945312e+01 5.547712707519531250e+01
7.780292510986328125e+00 7.329793453216552734e+00 3.322476863861083984e+00 5.077828884124755859e+00 2.755616037575236987e-07 3.321145296096801758e+00 4.010727882385253906e+00 1.680165052413940430e+00 3.042804002761840820e+00 6.246262073516845703e+00 1.577440261840820312e+01
0.000000000000000000e+00 0.000000000000000000e+00 0.000000000000000000e+00 0.000000000000000000e+00 0.000000000000000000e+00 0.000000000000000000e+00 0.000000000000000000e+00 0.000000000000000000e+00 0.000000000000000000e+00 0.000000000000000000e+00 0.000000000000000000e+00
8.369057464599609375e+01 4.310866210937500000e+03 0.000000000000000000e+00 4.813124511718750000e+03 6.617668759645312093e-07 1.956637788680382073e-05 2.459494140625000000e+03 0.000000000000000000e+00 1.642472900390625000e+03 4.658698242187500000e+03 1.205723876953125000e+02
1.967588900697592180e-07 3.350967041015625000e+03 1.642744140625000000e+04 7.900458812713623047e+00 3.217330169677734375e+01 9.839224815368652344e+00 6.370277696987614036e-05 1.574920312500000000e+04 7.107211112976074219e+00 9.533024579286575317e-02 9.756382703781127930e-01
3.229434469176339917e-06 1.882182884216308594e+01 1.214829711914062500e+02 3.985834598541259766e+00 6.097269058227539062e+01 4.260188964843750000e+03 2.462154785156250000e+03 0.000000000000000000e+00 2.430190673828125000e+03 2.393254089355468750e+01 2.367939453125000000e+03
0.000000000000000000e+00 0.000000000000000000e+00 0.000000000000000000e+00 0.000000000000000000e+00 9.163188934326171875e+00 0.000000000000000000e+00 0.000000000000000000e+00 0.000000000000000000e+00 0.000000000000000000e+00 0.000000000000000000e+00 2.203359872510191053e-05
0.000000000000000000e+00 1.578222436364740133e-04 4.832778498530387878e-02 9.616980989335388585e-09 9.918889403343200684e-02 0.000000000000000000e+00 1.006450504064559937e-02 5.087319016456604004e-02 0.000000000000000000e+00 2.582437172532081604e-02 0.000000000000000000e+00
