0.000000000000000000e+00 0.000000000000000000e+00 1.153187360614538193e-02 0.000000000000000000e+00 0.000000000000000000e+00 0.000000000000000000e+00 3.061887109652161598e-03 0.000000000000000000e+00 2.672743052244186401e-03 0.000000000000000000e+00 0.000000000000000000e+00
1.051927544176578522e-02 0.000000000000000000e+00 9.439199231564998627e-03 7.314571179449558258e-03 0.000000000000000000e+00 0.000000000000000000e+00 7.266640663146972656e-03 0.000000000000000000e+00 0.000000000000000000e+00 0.000000000000000000e+00 0.000000000000000000e+00
0.000000000000000000e+00 2.724827034398913383e-03 9.120553731918334961e-04 0.000000000000000000e+00 0.000000000000000000e+00 6.472778040915727615e-03 0.000000000000000000e+00 0.000000000000000000e+00 2.563246758654713631e-03 0.000000000000000000e+00 2.754528832156211138e-04
8.963372558355331421e-03 1.754489378072321415e-03 0.000000000000000000e+00 0.000000000000000000e+00 1.112223044037818909e-02 0.000000000000000000e+00 2.078238176181912422e-03 1.282336469739675522e-02 9.258476784452795982e-04 3.352251078467816114e-04 0.000000000000000000e+00
1.148012324847513810e-05 1.566824648762121797e-04 2.051189076155424118e-04 9.347795275971293449e-05 0.000000000000000000e+00 9.432805381948128343e-05 8.658697333885356784e-05 3.640961585915647447e-05 1.322177267866209149e-04 3.005475155077874660e-04 5.058697424829006195e-04
0.000000000000000000e+00 0.000000000000000000e+00 0.000000000000000000e+00 0.000000000000000000e+00 0.000000000000000000e+00 0.000000000000000000e+00 0.000000000000000000e+00 0.000000000000000000e+00 0.000000000000000000e+00 0.000000000000000000e+00 0.000000000000000000e+00
2.347850240767002106e-03 6.790204439312219620e-03 0.000000000000000000e+00 1.948403194546699524e-03 2.134217647835612297e-03 0.000000000000000000e+00 1.199049409478902817e-02 5.997928325086832047e-03 2.278737723827362061e-03 3.610528074204921722e-03 0.000000000000000000e+00
0.000000000000000000e+00 0.000000000000000000e+00 0.000000000000000000e+00 0.000000000000000000e+00 2.455288311466574669e-03 4.753075074404478073e-03 1.487939502112567425e-03 4.512953571975231171e-03 1.258476637303829193e-03 0.000000000000000000e+00 1.023902950691990554e-05
0.000000000000000000e+00 1.993594225496053696e-03 2.891261829063296318e-03 4.703196755144745111e-04 0.000000000000000000e+00 0.000000000000000000e+00 4.288225900381803513e-03 1.744332490488886833e-03 1.909952843561768532e-03 0.000000000000000000e+00 0.000000000000000000e+00
0.000000000000000000e+00 6.965227425098419189e-03 1.377183943986892700e-02 0.000000000000000000e+00 3.314314782619476318e-02 4.323001019656658173e-03 2.129795262590050697e-03 2.077655866742134094e-03 3.877642448060214520e-04 0.000000000000000000e+00 9.990468621253967285e-03
0.000000000000000000e+00 0.000000000000000000e+00 3.302359118606545962e-06 9.292955951423209626e-07 6.145543920865748078e-06 0.000000000000000000e+00 0.000000000000000000e+00 1.107114826481847558e-06 0.000000000000000000e+00 2.470751951477723196e-06 0.000000000000000000e+00
