0.000000000000000000e+00 0.000000000000000000e+00 0.000000000000000000e+00 0.000000000000000000e+00 0.000000000000000000e+00 0.000000000000000000e+00 3.291596367489546537e-04 0.000000000000000000e+00 1.042344840243458748e-03 0.000000000000000000e+00 0.000000000000000000e+00
5.185147747397422791e-03 0.000000000000000000e+00 1.283467630855739117e-03 1.102341047953814268e-04 0.000000000000000000e+00 0.000000000000000000e+00 0.000000000000000000e+00 0.000000000000000000e+00 8.866844582371413708e-04 0.000000000000000000e+00 0.000000000000000000e+00
3.760105173569172621e-04 2.133346395567059517e-03 7.178984233178198338e-04 0.000000000000000000e+00 1.055108150467276573e-03 2.543364185839891434e-03 1.950217410922050476e-03 0.000000000000000000e+00 0.000000000000000000e+00 2.448375802487134933e-03 1.011071261018514633e-03
4.435595124959945679e-03 0.000000000000000000e+00 0.000000000000000000e+00 0.000000000000000000e+00 1.541331876069307327e-03 0.000000000000000000e+00 2.577344130259007215e-04 1.680540619418025017e-03 1.297652488574385643e-03 2.409357810392975807e-03 0.000000000000000000e+00
9.798012615647166967e-05 1.895556342788040638e-04 8.153123781085014343e-05 1.189052491099573672e-04 0.000000000000000000e+00 2.023043343797326088e-04 1.687616022536531091e-04 5.916686131968162954e-05 1.627758756512776017e-04 2.149522479157894850e-04 3.472107637207955122e-04
0.000000000000000000e+00 0.000000000000000000e+00 2.261319430544972420e-03 3.534705610945820808e-03 0.000000000000000000e+00 1.026982348412275314e-02 0.000000000000000000e+00 0.000000000000000000e+00 0.000000000000000000e+00 2.286456758156418800e-03 1.551743037998676300e-02
2.864019013941287994e-03 0.000000000000000000e+00 0.000000000000000000e+00 2.102321945130825043e-03 0.000000000000000000e+00 2.816687105223536491e-03 6.775685469619929790e-04 1.540763536468148232e-03 2.849184209480881691e-03 1.619199989363551140e-03 2.379742683842778206e-03
0.000000000000000000e+00 4.086278844624757767e-03 0.000000000000000000e+00 2.174122200813144445e-04 1.756468554958701134e-03 2.322543645277619362e-03 0.000000000000000000e+00 0.000000000000000000e+00 1.904069562442600727e-03 0.000000000000000000e+00 0.000000000000000000e+00
1.140313572250306606e-03 1.636173808947205544e-03 9.963157353922724724e-04 1.136567210778594017e-03 0.000000000000000000e+00 5.531672504730522633e-04 2.259203931316733360e-03 0.000000000000000000e+00 0.000000000000000000e+00 5.674318526871502399e-04 0.000000000000000000e+00
3.429105971008539200e-03 1.279062125831842422e-03 3.940748516470193863e-03 0.000000000000000000e+00 1.340478286147117615e-02 0.000000000000000000e+00 0.000000000000000000e+00 0.000000000000000000e+00 1.134070451371371746e-03 8.315360173583030701e-05 4.386337008327245712e-03
0.000000000000000000e+00 0.000000000000000000e+00 3.840837962343357503e-06 2.861254415620351210e-07 3.997926341980928555e-06 0.000000000000000000e+00 4.611633528384118108e-07 7.395616421490558423e-07 0.000000000000000000e+00 9.491042192166787572e-07 0.000000000000000000e+00
