0.000000000000000000e+00 0.000000000000000000e+00 6.525998935103416443e-03 0.000000000000000000e+00 0.000000000000000000e+00 0.000000000000000000e+00 3.878634888678789139e-03 6.113864947110414505e-03 6.319402600638568401e-04 0.000000000000000000e+00 0.000000000000000000e+00
2.654704730957746506e-03 0.000000000000000000e+00 6.808804813772439957e-03 6.534090265631675720e-03 1.490680384449660778e-03 1.922648632898926735e-03 3.169834613800048828e-03 0.000000000000000000e+00 0.000000000000000000e+00 0.000000000000000000e+00 0.000000000000000000e+00
1.159942126832902431e-03 0.000000000000000000e+00 3.974464721977710724e-03 8.927662274800240993e-04 0.000000000000000000e+00 2.306371694430708885e-03 3.222755156457424164e-03 0.000000000000000000e+00 0.000000000000000000e+00 4.875991959124803543e-03 1.834801398217678070e-03
8.551430888473987579e-03 0.000000000000000000e+00 0.000000000000000000e+00 0.000000000000000000e+00 5.881474819034337997e-03 5.753117147833108902e-04 3.393427934497594833e-03 4.080480895936489105e-03 4.825688432902097702e-03 3.758899401873350143e-03 0.000000000000000000e+00
0.000000000000000000e+00 1.337634894298389554e-04 3.787181049119681120e-05 0.000000000000000000e+00 0.000000000000000000e+00 7.682800060138106346e-05 4.873581929132342339e-05 1.240534329554066062e-04 5.931219493504613638e-05 1.799910241970792413e-04 7.015814189799129963e-04
0.000000000000000000e+00 0.000000000000000000e+00 6.625249050557613373e-03 0.000000000000000000e+00 0.000000000000000000e+00 2.568807080388069153e-02 2.028440125286579132e-03 0.000000000000000000e+00 0.000000000000000000e+00 7.772598881274461746e-03 3.071932122111320496e-02
2.065201522782444954e-03 1.414794474840164185e-03 2.490269798727240413e-05 2.509361598640680313e-03 0.000000000000000000e+00 7.615350186824798584e-03 2.475891029462218285e-03 2.521789632737636566e-03 8.486976847052574158e-03 8.270910941064357758e-03 0.000000000000000000e+00
0.000000000000000000e+00 0.000000000000000000e+00 0.000000000000000000e+00 3.865888284053653479e-04 0.000000000000000000e+00 0.000000000000000000e+00 3.375863423570990562e-03 0.000000000000000000e+00 5.019471049308776855e-03 0.000000000000000000e+00 0.000000000000000000e+00
0.000000000000000000e+00 2.082094317302107811e-03 0.000000000000000000e+00 3.588129533454775810e-03 0.000000000000000000e+00 0.000000000000000000e+00 2.646156353875994682e-03 5.766293499618768692e-03 2.282461617141962051e-03 0.000000000000000000e+00 6.932010874152183533e-04
4.818350076675415039e-03 4.230068589095026255e-04 5.590992048382759094e-03 0.000000000000000000e+00 1.876134052872657776e-02 0.000000000000000000e+00 0.000000000000000000e+00 1.675804494880139828e-03 9.301237761974334717e-03 0.000000000000000000e+00 7.820832543075084686e-03
0.000000000000000000e+00 0.000000000000000000e+00 7.836026270524598658e-06 0.000000000000000000e+00 1.298622464673826471e-05 0.000000000000000000e+00 1.617194925529474858e-06 4.935646302328677848e-06 0.000000000000000000e+00 3.732929599209455773e-06 0.000000000000000000e+00
