0.000000000000000000e+00 1.703608781099319458e-03 2.472453285008668900e-03 0.000000000000000000e+00 0.000000000000000000e+00 0.000000000000000000e+00 6.320754997432231903e-03 0.000000000000000000e+00 0.000000000000000000e+00 7.660692062927410007e-05 0.000000000000000000e+00
1.051535177975893021e-02 0.000000000000000000e+00 8.117359131574630737e-03 1.136893872171640396e-02 3.915775101631879807e-03 2.326388377696275711e-03 1.567287952639162540e-03 0.000000000000000000e+00 0.000000000000000000e+00 0.000000000000000000e+00 6.948308437131345272e-04
5.610796622931957245e-03 1.369901839643716812e-02 3.314904868602752686e-03 2.427306259050965309e-03 0.000000000000000000e+00 2.244522050023078918e-02 8.004888892173767090e-03 0.000000000000000000e+00 1.094011310487985611e-02 5.169468466192483902e-03 0.000000000000000000e+00
5.477214697748422623e-03 0.000000000000000000e+00 0.000000000000000000e+00 6.836852990090847015e-04 8.743935613892972469e-04 1.510026049800217152e-03 4.994725808501243591e-03 4.528026096522808075e-03 0.000000000000000000e+00 1.269553415477275848e-02 0.000000000000000000e+00
7.644262950634583831e-05 2.099525299854576588e-04 2.225865464424714446e-04 1.912075822474434972e-05 0.000000000000000000e+00 5.132608202984556556e-05 8.912334124033804983e-06 9.981120820157229900e-05 1.273247180506587029e-04 1.308274804614484310e-04 5.653483094647526741e-04
0.000000000000000000e+00 0.000000000000000000e+00 0.000000000000000000e+00 0.000000000000000000e+00 0.000000000000000000e+00 4.220694303512573242e-03 0.000000000000000000e+00 0.000000000000000000e+00 0.000000000000000000e+00 0.000000000000000000e+00 0.000000000000000000e+00
2.998922718688845634e-03 1.513986731879413128e-03 6.684741820208728313e-04 3.770868759602308273e-03 0.000000000000000000e+00 4.403988365083932877e-03 7.828325964510440826e-03 3.018479328602552414e-03 8.001729846000671387e-03 3.962637856602668762e-03 0.000000000000000000e+00
0.000000000000000000e+00 0.000000000000000000e+00 0.000000000000000000e+00 0.000000000000000000e+00 0.000000000000000000e+00 0.000000000000000000e+00 0.000000000000000000e+00 3.385334974154829979e-03 1.289136521518230438e-02 0.000000000000000000e+00 0.000000000000000000e+00
0.000000000000000000e+00 1.418332685716450214e-03 4.854375030845403671e-03 2.782695228233933449e-03 7.214497309178113937e-04 0.000000000000000000e+00 0.000000000000000000e+00 0.000000000000000000e+00 0.000000000000000000e+00 6.199582014232873917e-03 2.500362752471119165e-04
0.000000000000000000e+00 3.823299659416079521e-03 6.564821116626262665e-03 0.000000000000000000e+00 2.835067734122276306e-02 0.000000000000000000e+00 0.000000000000000000e+00 4.493065178394317627e-03 1.641960255801677704e-02 0.000000000000000000e+00 7.286815904080867767e-03
0.000000000000000000e+00 0.000000000000000000e+00 6.480755018856143579e-06 4.389040441310498863e-06 7.001798167038941756e-06 0.000000000000000000e+00 7.437363365170313045e-07 2.910160674218786880e-06 2.887258006012416445e-06 4.890358923148596659e-06 0.000000000000000000e+00
