0.000000000000000000e+00 0.000000000000000000e+00 0.000000000000000000e+00 0.000000000000000000e+00 0.000000000000000000e+00 0.000000000000000000e+00 0.000000000000000000e+00 2.565406728535890579e-03 0.000000000000000000e+00 0.000000000000000000e+00 0.000000000000000000e+00
6.330584641546010971e-03 0.000000000000000000e+00 8.602195885032415390e-04 3.269835608080029488e-03 0.000000000000000000e+00 0.000000000000000000e+00 0.000000000000000000e+00 0.000000000000000000e+00 2.868829527869820595e-03 0.000000000000000000e+00 1.440333086065948009e-03
7.481914944946765900e-03 3.682483686134219170e-03 0.000000000000000000e+00 0.000000000000000000e+00 0.000000000000000000e+00 9.080747142434120178e-03 7.263849489390850067e-03 0.000000000000000000e+00 1.023162272758781910e-03 3.310460131615400314e-03 0.000000000000000000e+00
6.005023140460252762e-03 0.000000000000000000e+00 0.000000000000000000e+00 3.005191450938582420e-03 5.937574896961450577e-03 2.851448662113398314e-04 3.653486724942922592e-03 4.328150767832994461e-03 0.000000000000000000e+00 0.000000000000000000e+00 0.000000000000000000e+00
4.479025665204972029e-05 5.819138823426328599e-05 1.006323145702481270e-04 1.170387258753180504e-04 0.000000000000000000e+00 0.000000000000000000e+00 0.000000000000000000e+00 0.000000000000000000e+00 0.000000000000000000e+00 1.541522651677951217e-04 4.648923350032418966e-04
0.000000000000000000e+00 0.000000000000000000e+00 0.000000000000000000e+00 0.000000000000000000e+00 0.000000000000000000e+00 0.000000000000000000e+00 0.000000000000000000e+00 0.000000000000000000e+00 0.000000000000000000e+00 0.000000000000000000e+00 0.000000000000000000e+00
9.680747170932590961e-04 0.000000000000000000e+00 0.000000000000000000e+00 0.000000000000000000e+00 0.000000000000000000e+00 0.000000000000000000e+00 7.468713913112878799e-03 4.044508095830678940e-03 8.481435477733612061e-03 4.260454792529344559e-03 6.151686888188123703e-03
0.000000000000000000e+00 3.825004678219556808e-03 1.815895782783627510e-03 0.000000000000000000e+00 0.000000000000000000e+00 0.000000000000000000e+00 0.000000000000000000e+00 4.821663722395896912e-03 7.179013919085264206e-03 0.000000000000000000e+00 0.000000000000000000e+00
0.000000000000000000e+00 5.085139535367488861e-03 0.000000000000000000e+00 0.000000000000000000e+00 0.000000000000000000e+00 4.199966788291931152e-03 0.000000000000000000e+00 1.582800643518567085e-03 0.000000000000000000e+00 0.000000000000000000e+00 1.288736471906304359e-03
0.000000000000000000e+00 0.000000000000000000e+00 1.035358104854822159e-02 0.000000000000000000e+00 3.292214870452880859e-02 7.173069752752780914e-04 0.000000000000000000e+00 0.000000000000000000e+00 6.172080524265766144e-03 0.000000000000000000e+00 1.849726773798465729e-02
0.000000000000000000e+00 0.000000000000000000e+00 5.444665930554037914e-06 1.520803834864636883e-06 6.929360552021535113e-06 0.000000000000000000e+00 3.491687948553590104e-06 1.523097807876183651e-06 0.000000000000000000e+00 2.089244617309304886e-06 0.000000000000000000e+00
