0.000000000000000000e+00 5.451463378906250000e+03 1.912015429687500000e+04 0.000000000000000000e+00 0.000000000000000000e+00 0.000000000000000000e+00 1.186036230468750000e+04 7.119114685058593750e+01 1.575998046875000000e+03 4.736686523437500000e+03 0.000000000000000000e+00
1.442933496093750000e+04 0.000000000000000000e+00 6.788967895507812500e+01 1.046523828125000000e+04 6.825774414062500000e+03 2.435539453125000000e+04 6.157324218750000000e+03 1.008673925781250000e+04 1.788678906250000000e+04 9.969478515625000000e+03 2.800152343750000000e+04
1.163919677734375000e+03 2.975731506347656250e+02 3.882863525390625000e+03 4.035735351562500000e+03 2.071096181869506836e+00 3.122589111328125000e+03 4.756733703613281250e+01 2.042802125215530396e-01 1.006057739257812500e+02 8.695329101562500000e+03 4.747416973114013672e+00
1.365552001953125000e+03 9.565167236328125000e+01 1.356349731445312500e+03 1.040327682495117188e+02 5.086279678344726562e+01 3.928748474121093750e+02 3.196494483947753906e+01 2.291211181640625000e+03 4.474498535156250000e+03 1.075352554321289062e+02 2.784036621093750000e+03
1.123368024826049805e+00 3.865078687667846680e+00 3.954518795013427734e+00 4.166275501251220703e+00 8.902562512957956642e-06 2.968114852905273438e+00 2.821405887603759766e+00 4.596632957458496094e+00 2.565971374511718750e+00 5.157392978668212891e+00 1.506327629089355469e+01
0.000000000000000000e+00 0.000000000000000000e+00 0.000000000000000000e+00 0.000000000000000000e+00 0.000000000000000000e+00 0.000000000000000000e+00 0.000000000000000000e+00 0.000000000000000000e+00 0.000000000000000000e+00 0.000000000000000000e+00 0.000000000000000000e+00
4.098812866210937500e+01 2.492591308593750000e+03 1.320124231278896332e-02 7.877449218750000000e+03 1.245444361120462418e-02 2.896657226562500000e+03 6.497962474822998047e-01 1.468273758888244629e+00 5.332798828125000000e+03 3.579582977294921875e+01 2.062992675781250000e+03
0.000000000000000000e+00 7.381343750000000000e+03 9.157942382812500000e+03 5.298690032958984375e+01 6.697202148437500000e+03 4.073191223144531250e+02 4.449079895019531250e+01 5.907912597656250000e+03 9.980807495117187500e+01 2.158601760864257812e+00 3.007285156250000000e+03
0.000000000000000000e+00 9.056436767578125000e+02 1.415742382812500000e+04 1.138549900054931641e+01 2.423557281494140625e+01 1.202946679687500000e+04 8.381030273437500000e+03 2.106734619140625000e+03 8.245308593750000000e+03 1.871245002746582031e+01 1.214625585937500000e+04
0.000000000000000000e+00 0.000000000000000000e+00 0.000000000000000000e+00 0.000000000000000000e+00 9.402327537536621094e+00 0.000000000000000000e+00 0.000000000000000000e+00 0.000000000000000000e+00 0.000000000000000000e+00 0.000000000000000000e+00 8.501355478074401617e-05
0.000000000000000000e+00 1.449036062695086002e-04 5.496302619576454163e-02 1.957688255060929805e-05 1.167590767145156860e-01 0.000000000000000000e+00 4.253800143487751484e-04 3.666040301322937012e-02 7.871041307225823402e-04 3.219775110483169556e-02 0.000000000000000000e+00
