0.000000000000000000e+00 0.000000000000000000e+00 2.678336575627326965e-03 0.000000000000000000e+00 0.000000000000000000e+00 0.000000000000000000e+00 4.305358510464429855e-03 3.290803870186209679e-03 3.035399597138166428e-03 0.000000000000000000e+00 0.000000000000000000e+00
1.754846540279686451e-03 0.000000000000000000e+00 4.994444549083709717e-03 0.000000000000000000e+00 3.193807788193225861e-04 0.000000000000000000e+00 0.000000000000000000e+00 0.000000000000000000e+00 1.581779215484857559e-03 0.000000000000000000e+00 0.000000000000000000e+00
0.000000000000000000e+00 5.369716323912143707e-03 0.000000000000000000e+00 0.000000000000000000e+00 0.000000000000000000e+00 9.659701958298683167e-03 4.598711151629686356e-03 0.000000000000000000e+00 7.372377905994653702e-03 4.181572701781988144e-03 0.000000000000000000e+00
4.791747312992811203e-03 0.000000000000000000e+00 0.000000000000000000e+00 7.466944865882396698e-03 4.615075420588254929e-03 4.386707209050655365e-03 0.000000000000000000e+00 1.395918708294630051e-02 0.000000000000000000e+00 1.174266682937741280e-03 0.000000000000000000e+00
0.000000000000000000e+00 4.335138146416284144e-05 7.652911153854802251e-05 3.357771856826730072e-05 0.000000000000000000e+00 1.507071465312037617e-05 0.000000000000000000e+00 0.000000000000000000e+00 0.000000000000000000e+00 3.853047019219957292e-05 2.112732036039233208e-04
0.000000000000000000e+00 0.000000000000000000e+00 0.000000000000000000e+00 0.000000000000000000e+00 0.000000000000000000e+00 4.020309424959123135e-04 0.000000000000000000e+00 0.000000000000000000e+00 0.000000000000000000e+00 0.000000000000000000e+00 4.336808689942017736e-19
7.675217464566230774e-03 5.431660916656255722e-03 1.476968172937631607e-03 0.000000000000000000e+00 0.000000000000000000e+00 1.530377427116036415e-03 0.000000000000000000e+00 0.000000000000000000e+00 2.269721124321222305e-03 1.041541621088981628e-02 7.966095581650733948e-03
0.000000000000000000e+00 0.000000000000000000e+00 0.000000000000000000e+00 0.000000000000000000e+00 0.000000000000000000e+00 0.000000000000000000e+00 0.000000000000000000e+00 2.477642847225070000e-03 9.667735546827316284e-03 0.000000000000000000e+00 0.000000000000000000e+00
0.000000000000000000e+00 5.195188336074352264e-03 3.595666261389851570e-03 0.000000000000000000e+00 4.746878985315561295e-03 0.000000000000000000e+00 3.121294779703021049e-03 0.000000000000000000e+00 1.843273290432989597e-03 5.666621495038270950e-03 3.846755949780344963e-03
4.758445546030998230e-03 0.000000000000000000e+00 1.034891232848167419e-02 0.000000000000000000e+00 2.740355394780635834e-02 4.336082783993333578e-04 0.000000000000000000e+00 0.000000000000000000e+00 5.404650699347257614e-03 0.000000000000000000e+00 2.540099667385220528e-03
0.000000000000000000e+00 0.000000000000000000e+00 1.501892370470159221e-06 4.704815381728622015e-08 2.816659389281994663e-06 0.000000000000000000e+00 5.180224889045348391e-07 1.212769006997405086e-06 6.783710091440298129e-07 1.169396796285582241e-06 0.000000000000000000e+00
