0.000000000000000000e+00 2.667435791015625000e+03 2.216885156250000000e+05 0.000000000000000000e+00 0.000000000000000000e+00 0.000000000000000000e+00 7.664547363281250000e+03 7.329282031250000000e+04 1.275774531250000000e+05 1.480899572372436523e+00 0.000000000000000000e+00
8.396232031250000000e+04 0.000000000000000000e+00 4.938751171875000000e+04 1.746840312500000000e+05 1.364677071571350098e+00 1.160191497802734375e+02 9.008136718750000000e+04 8.976995849609375000e+02 8.834655468750000000e+04 1.903058984375000000e+04 7.064064062500000000e+04
1.152923906250000000e+05 5.397153320312500000e+03 2.937379394531250000e+03 4.430827343750000000e+04 3.079001180594787002e-05 2.021898750000000000e+05 1.366681250000000000e+05 1.850651741027832031e+01 1.831567687988281250e+02 3.186603125000000000e+05 1.165897464752197266e+01
8.418942968750000000e+04 1.878370513916015625e+02 0.000000000000000000e+00 1.135951464843750000e+04 1.174095019531250000e+04 2.250886718750000000e+04 1.472538867187500000e+04 1.319200625000000000e+05 4.734794531250000000e+04 6.665599218750000000e+04 5.683498046875000000e+03
1.718221588134765625e+02 3.819844665527343750e+02 3.923125610351562500e+02 7.308535766601562500e+02 2.772620064206421375e-04 4.305250854492187500e+02 3.800892639160156250e+02 3.272819995880126953e+00 3.348676204681396484e+00 6.015888671875000000e+02 1.242428222656250000e+03
0.000000000000000000e+00 0.000000000000000000e+00 0.000000000000000000e+00 0.000000000000000000e+00 0.000000000000000000e+00 3.856047987937927246e-05 0.000000000000000000e+00 0.000000000000000000e+00 0.000000000000000000e+00 0.000000000000000000e+00 5.290605127811431885e-03
4.302827343750000000e+04 7.325169531250000000e+04 3.125352421307070472e-09 2.656181640625000000e+04 0.000000000000000000e+00 7.051534375000000000e+04 3.198070312500000000e+04 1.207105664062500000e+04 3.188375390625000000e+04 8.753725000000000000e+04 7.120175000000000000e+04
1.957615403114232322e-09 4.093895996093750000e+03 7.558510937500000000e+04 2.291730499267578125e+01 5.265407226562500000e+03 4.666310119628906250e+01 1.746527343750000000e+03 1.835906875000000000e+05 1.075425000000000000e+05 9.096260937500000000e+04 5.163637695312500000e+03
1.404530181884765625e+02 3.677993750000000000e+04 2.815135312500000000e+05 3.915619531250000000e+04 4.088179016113281250e+01 7.459396972656250000e+02 7.737089843750000000e+02 4.057293415069580078e+00 1.725818906250000000e+05 1.418732656250000000e+05 6.054930468750000000e+04
6.991520507812500000e+03 0.000000000000000000e+00 0.000000000000000000e+00 0.000000000000000000e+00 2.856609062500000000e+05 0.000000000000000000e+00 0.000000000000000000e+00 0.000000000000000000e+00 0.000000000000000000e+00 0.000000000000000000e+00 1.872627148437500000e+04
0.000000000000000000e+00 1.834147691726684570e+00 6.686322212219238281e+00 1.525836229324340820e+00 1.184478664398193359e+01 0.000000000000000000e+00 6.930936813354492188e+00 2.221268415451049805e+00 1.042102297788005671e-07 6.199064254760742188e+00 0.000000000000000000e+00
