1.398536586761474609e+01 8.447958374023437500e+01 1.046627197265625000e+02 1.304365825653076172e+01 2.574116177856922150e-02 5.506832122802734375e+00 1.027558441162109375e+02 1.100042800903320312e+02 9.466124725341796875e+01 8.601200866699218750e+01 2.466857147216796875e+01
1.894401171875000000e+04 0.000000000000000000e+00 1.653177246093750000e+03 4.259605407714843750e+02 2.515364227294921875e+02 3.241620483398437500e+02 9.543302917480468750e+01 6.870590732432901859e-04 1.107184753417968750e+02 7.517117309570312500e+01 2.250566406250000000e+04
1.389452734375000000e+04 3.014818115234375000e+03 1.858718109130859375e+01 1.636831250000000000e+04 4.928246498107910156e+00 8.043281250000000000e+02 2.772519042968750000e+03 3.732772544026374817e-02 3.033084716796875000e+02 2.602955468750000000e+04 1.393064689636230469e+01
1.677041406250000000e+04 0.000000000000000000e+00 9.770960314199328423e-04 7.552492187500000000e+03 1.599947265625000000e+03 2.883354127407073975e-01 1.059103149414062500e+03 3.558569824218750000e+03 1.990706542968750000e+03 4.656363677978515625e+01 4.761671752929687500e+02
4.630240631103515625e+01 6.062903213500976562e+01 3.523647308349609375e+01 3.839818572998046875e+01 4.819466539629502222e-06 3.400477600097656250e+01 2.020994186401367188e+01 1.745222473144531250e+01 2.203889465332031250e+01 8.943199157714843750e+01 1.787672271728515625e+02
0.000000000000000000e+00 0.000000000000000000e+00 0.000000000000000000e+00 0.000000000000000000e+00 0.000000000000000000e+00 1.113367974758148193e-01 0.000000000000000000e+00 0.000000000000000000e+00 0.000000000000000000e+00 0.000000000000000000e+00 2.948736572265625000e+01
6.925896972656250000e+03 9.388723754882812500e+02 1.159172097686678171e-04 1.135220605468750000e+04 2.983341932296752930e+00 4.623530432581901550e-03 3.336375732421875000e+03 1.054224243164062500e+03 1.191914843750000000e+04 1.632860107421875000e+03 8.591399414062500000e+03
1.107092597521841526e-03 2.758787695312500000e+04 1.642975390625000000e+04 0.000000000000000000e+00 9.171805572509765625e+01 9.131645507812500000e+03 1.539692626953125000e+03 1.167692871093750000e+04 9.688472900390625000e+02 2.520045898437500000e+03 9.668503417968750000e+02
0.000000000000000000e+00 7.712638183593750000e+03 1.085862548828125000e+03 9.850262451171875000e+02 1.481300423620268703e-04 6.208813476562500000e+03 2.020331640625000000e+04 1.161401596069335938e+02 5.366475677490234375e+01 0.000000000000000000e+00 8.649559936523437500e+02
0.000000000000000000e+00 0.000000000000000000e+00 0.000000000000000000e+00 0.000000000000000000e+00 2.332857360839843750e+02 0.000000000000000000e+00 0.000000000000000000e+00 0.000000000000000000e+00 0.000000000000000000e+00 0.000000000000000000e+00 2.021274566650390625e-01
0.000000000000000000e+00 2.082339953631162643e-03 6.661019325256347656e-01 3.509548492729663849e-03 8.496372699737548828e-01 0.000000000000000000e+00 1.494540553539991379e-02 3.310554325580596924e-01 0.000000000000000000e+00 4.104807972908020020e-01 2.546282296123081323e-08
