0.000000000000000000e+00 1.163709629327058792e-02 1.441976577043533325e-01 0.000000000000000000e+00 0.000000000000000000e+00 0.000000000000000000e+00 1.281030625104904175e-01 4.491729661822319031e-02 4.999700933694839478e-03 0.000000000000000000e+00 0.000000000000000000e+00
6.593610346317291260e-02 0.000000000000000000e+00 1.194756850600242615e-02 1.708035543560981750e-02 7.339572161436080933e-02 1.422174740582704544e-02 1.860000938177108765e-02 6.416050344705581665e-02 9.695189446210861206e-02 6.225231289863586426e-02 3.315617889165878296e-02
0.000000000000000000e+00 9.705929458141326904e-02 3.469135984778404236e-02 1.505855191498994827e-02 0.000000000000000000e+00 9.755268692970275879e-02 7.291151210665702820e-03 0.000000000000000000e+00 7.618286181241273880e-03 1.108448579907417297e-02 4.267718642950057983e-03
3.803479298949241638e-02 5.238048732280731201e-02 5.052456259727478027e-02 2.084844559431076050e-02 2.320534922182559967e-02 8.040811866521835327e-03 5.572841316461563110e-02 4.018840938806533813e-02 6.877011060714721680e-02 2.778897061944007874e-02 5.224748700857162476e-02
2.550640783738344908e-05 1.271293585887178779e-04 1.684256567386910319e-04 3.115316503681242466e-04 0.000000000000000000e+00 2.268188836751505733e-04 6.964594649616628885e-05 9.279869846068322659e-05 6.825698801549151540e-05 5.313657457008957863e-04 1.177723286673426628e-03
0.000000000000000000e+00 0.000000000000000000e+00 0.000000000000000000e+00 0.000000000000000000e+00 0.000000000000000000e+00 0.000000000000000000e+00 0.000000000000000000e+00 0.000000000000000000e+00 0.000000000000000000e+00 0.000000000000000000e+00 0.000000000000000000e+00
3.394403681159019470e-02 4.135392606258392334e-03 0.000000000000000000e+00 3.920127823948860168e-02 0.000000000000000000e+00 4.613179713487625122e-03 3.177127800881862640e-04 4.869844019412994385e-02 6.263601128011941910e-03 4.003352671861648560e-02 6.197554990649223328e-02
0.000000000000000000e+00 1.928138285875320435e-01 1.884623169898986816e-01 0.000000000000000000e+00 6.639818847179412842e-02 4.387885332107543945e-02 7.523325830698013306e-02 6.001901254057884216e-02 7.026991248130798340e-02 1.341680064797401428e-03 0.000000000000000000e+00
2.820343151688575745e-02 1.708682999014854431e-02 1.315198745578527451e-02 0.000000000000000000e+00 0.000000000000000000e+00 7.395370304584503174e-02 5.484608560800552368e-02 3.009790927171707153e-02 4.304406791925430298e-02 3.584875259548425674e-03 1.133500933647155762e-01
2.510203793644905090e-02 1.125390734523534775e-02 1.376314088702201843e-02 0.000000000000000000e+00 1.710171401500701904e-01 3.952634055167436600e-03 5.685945041477680206e-03 2.273217309266328812e-03 7.652725558727979660e-03 0.000000000000000000e+00 4.580881446599960327e-02
0.000000000000000000e+00 1.173000555354519747e-06 7.165332135627977550e-06 0.000000000000000000e+00 1.284590871364343911e-05 0.000000000000000000e+00 1.198088739329250529e-06 6.195507921802345663e-06 1.012789070387043466e-07 2.184823188144946471e-06 0.000000000000000000e+00
