0.000000000000000000e+00 0.000000000000000000e+00 7.004573941230773926e-03 0.000000000000000000e+00 0.000000000000000000e+00 0.000000000000000000e+00 0.000000000000000000e+00 5.802491214126348495e-03 9.365382720716297626e-04 0.000000000000000000e+00 0.000000000000000000e+00
1.468797586858272552e-02 0.000000000000000000e+00 1.556758675724267960e-02 0.000000000000000000e+00 0.000000000000000000e+00 5.317073082551360130e-04 8.432361297309398651e-03 2.704170765355229378e-03 0.000000000000000000e+00 0.000000000000000000e+00 0.000000000000000000e+00
0.000000000000000000e+00 3.363815601915121078e-03 7.252530194818973541e-03 6.076277350075542927e-05 6.079408340156078339e-03 1.039041485637426376e-02 0.000000000000000000e+00 0.000000000000000000e+00 2.655903343111276627e-03 6.969804875552654266e-03 3.101698821410536766e-04
1.109772827476263046e-02 0.000000000000000000e+00 0.000000000000000000e+00 0.000000000000000000e+00 4.239477682858705521e-03 0.000000000000000000e+00 5.331536289304494858e-03 9.029081091284751892e-03 3.928501158952713013e-03 3.185742767527699471e-03 0.000000000000000000e+00
0.000000000000000000e+00 1.363174960715696216e-04 2.670841422514058650e-05 3.286502033006399870e-05 0.000000000000000000e+00 1.580174575792625546e-04 1.108272481360472739e-04 1.381832407787442207e-04 0.000000000000000000e+00 3.284883568994700909e-04 5.580620490945875645e-04
0.000000000000000000e+00 0.000000000000000000e+00 0.000000000000000000e+00 0.000000000000000000e+00 0.000000000000000000e+00 6.303060799837112427e-04 0.000000000000000000e+00 0.000000000000000000e+00 0.000000000000000000e+00 0.000000000000000000e+00 0.000000000000000000e+00
3.434357000514864922e-03 7.298850920051336288e-03 0.000000000000000000e+00 0.000000000000000000e+00 0.000000000000000000e+00 0.000000000000000000e+00 9.199121035635471344e-03 1.532568503171205521e-02 4.614374134689569473e-03 2.109168330207467079e-03 0.000000000000000000e+00
0.000000000000000000e+00 0.000000000000000000e+00 0.000000000000000000e+00 2.618257422000169754e-03 4.192977212369441986e-03 1.944564719451591372e-04 0.000000000000000000e+00 0.000000000000000000e+00 5.872576963156461716e-03 0.000000000000000000e+00 0.000000000000000000e+00
0.000000000000000000e+00 8.312094025313854218e-03 0.000000000000000000e+00 0.000000000000000000e+00 0.000000000000000000e+00 0.000000000000000000e+00 8.917505852878093719e-03 0.000000000000000000e+00 0.000000000000000000e+00 1.427457667887210846e-03 3.452992532402276993e-04
6.095878314226865768e-03 4.113506525754928589e-03 1.427712757140398026e-02 0.000000000000000000e+00 4.746804386377334595e-02 0.000000000000000000e+00 0.000000000000000000e+00 0.000000000000000000e+00 2.736941678449511528e-03 1.984995760722085834e-04 6.161581259220838547e-03
0.000000000000000000e+00 0.000000000000000000e+00 8.000600246305111796e-06 1.964519469765946269e-06 1.253704158443724737e-05 0.000000000000000000e+00 9.889781722449697554e-07 1.511383516117348336e-07 0.000000000000000000e+00 3.973831553594209254e-06 0.000000000000000000e+00
