0.000000000000000000e+00 4.660899162292480469e+00 2.875867968750000000e+04 0.000000000000000000e+00 0.000000000000000000e+00 0.000000000000000000e+00 3.717487890625000000e+04 3.367912902832031250e+02 1.648461181640625000e+03 7.619326114654541016e+00 0.000000000000000000e+00
3.396914672851562500e+01 0.000000000000000000e+00 4.233392968750000000e+04 3.015166992187500000e+04 3.090958671236876398e-07 2.737404108047485352e-01 3.112239257812500000e+03 9.913943359375000000e+03 2.673166406250000000e+04 2.145908832550048828e+00 3.940257031250000000e+04
1.315577087402343750e+02 8.889958984375000000e+03 1.707418414298444986e-04 4.599326660156250000e+03 9.152755141258239746e-03 1.503931579589843750e+02 8.324946289062500000e+03 3.062749385833740234e+00 1.565146636962890625e+02 8.157288085937500000e+03 2.210491657257080078e+00
6.209705078125000000e+03 3.150201171875000000e+03 2.758582519531250000e+03 1.007977294921875000e+02 5.671929931640625000e+01 2.017567055645486107e-07 5.041221679687500000e+03 5.207046386718750000e+03 1.244704882812500000e+04 1.050064843750000000e+04 2.561311950683593750e+02
1.482912302017211914e+00 6.923944950103759766e+00 1.049509620666503906e+01 4.261863231658935547e-01 0.000000000000000000e+00 1.738218707032501698e-03 1.373354196548461914e+00 1.981306791305541992e+00 2.237949818372726440e-01 5.107445716857910156e+00 2.107895088195800781e+01
0.000000000000000000e+00 0.000000000000000000e+00 0.000000000000000000e+00 0.000000000000000000e+00 0.000000000000000000e+00 1.272885128855705261e-05 0.000000000000000000e+00 0.000000000000000000e+00 0.000000000000000000e+00 0.000000000000000000e+00 6.153839937628191592e-11
1.132581152343750000e+04 6.240429199218750000e+03 6.736396471751504578e-07 1.068039453125000000e+04 2.950831413269042969e+00 8.238866925239562988e-03 2.269514083862304688e+00 5.064030885696411133e-01 9.742064453125000000e+03 2.002947998046875000e+02 1.682292846679687500e+03
1.759039150783792138e-05 1.349894140625000000e+04 1.825371093750000000e+04 1.039164428710937500e+02 9.702898437500000000e+03 2.553958007812500000e+04 1.634866406250000000e+04 3.940610546875000000e+04 1.317756054687500000e+04 3.704755306243896484e+00 1.218683300781250000e+04
1.903594295527000213e-07 1.184947363281250000e+04 1.098597363281250000e+04 8.656299591064453125e+01 1.184345703125000000e+03 2.392129325866699219e+01 1.677248779296875000e+03 4.753229492187500000e+03 5.898417480468750000e+03 9.419372558593750000e+01 3.232431030273437500e+02
0.000000000000000000e+00 0.000000000000000000e+00 0.000000000000000000e+00 0.000000000000000000e+00 2.291775321960449219e+01 0.000000000000000000e+00 0.000000000000000000e+00 0.000000000000000000e+00 0.000000000000000000e+00 0.000000000000000000e+00 8.107809117063879967e-04
0.000000000000000000e+00 1.196508528664708138e-04 5.962612852454185486e-02 1.010138248602743261e-06 2.306147217750549316e-01 7.522273790527833626e-07 1.188964862376451492e-02 3.536642342805862427e-02 3.181410022079944611e-03 3.641358762979507446e-02 8.853776733985796454e-08
