0.000000000000000000e+00 2.098255092278122902e-03 7.753911893814802170e-03 0.000000000000000000e+00 0.000000000000000000e+00 0.000000000000000000e+00 0.000000000000000000e+00 9.624459926271811128e-05 0.000000000000000000e+00 0.000000000000000000e+00 0.000000000000000000e+00
1.156957726925611496e-02 0.000000000000000000e+00 7.163828238844871521e-03 5.936343222856521606e-03 0.000000000000000000e+00 2.686626976355910301e-03 7.752007804811000824e-03 0.000000000000000000e+00 0.000000000000000000e+00 0.000000000000000000e+00 0.000000000000000000e+00
1.306887133978307247e-03 1.260142866522073746e-02 4.040931351482868195e-03 1.695639337413012981e-03 7.197476224973797798e-04 8.689017035067081451e-03 5.102764349430799484e-03 0.000000000000000000e+00 1.042735297232866287e-02 9.268807247281074524e-03 1.223186589777469635e-02
1.050642225891351700e-02 0.000000000000000000e+00 0.000000000000000000e+00 0.000000000000000000e+00 5.792930722236633301e-03 1.199402380734682083e-03 2.958894707262516022e-03 1.698647998273372650e-02 7.860061014071106911e-04 0.000000000000000000e+00 0.000000000000000000e+00
2.552625846874434501e-05 1.562597608426585793e-04 2.526142343413084745e-04 3.287215658929198980e-04 0.000000000000000000e+00 1.923972449731081724e-04 2.350916765863075852e-04 8.688784873811528087e-05 3.342113341204822063e-04 3.840289427898824215e-04 7.501833024434745312e-04
0.000000000000000000e+00 0.000000000000000000e+00 0.000000000000000000e+00 0.000000000000000000e+00 0.000000000000000000e+00 0.000000000000000000e+00 0.000000000000000000e+00 0.000000000000000000e+00 0.000000000000000000e+00 0.000000000000000000e+00 0.000000000000000000e+00
0.000000000000000000e+00 1.199117512442171574e-03 0.000000000000000000e+00 0.000000000000000000e+00 0.000000000000000000e+00 1.508140936493873596e-03 1.120334118604660034e-02 5.755580961704254150e-03 5.694015417248010635e-03 8.832979947328567505e-03 1.916645211167633533e-03
0.000000000000000000e+00 6.237965542823076248e-03 0.000000000000000000e+00 0.000000000000000000e+00 4.561939858831465244e-04 0.000000000000000000e+00 0.000000000000000000e+00 2.236680360510945320e-03 0.000000000000000000e+00 0.000000000000000000e+00 0.000000000000000000e+00
0.000000000000000000e+00 3.806360764428973198e-03 0.000000000000000000e+00 1.189188915304839611e-03 0.000000000000000000e+00 0.000000000000000000e+00 4.405156243592500687e-03 0.000000000000000000e+00 0.000000000000000000e+00 2.206259407103061676e-03 6.955006159842014313e-03
3.414496313780546188e-03 4.140273667871952057e-03 1.731977611780166626e-02 0.000000000000000000e+00 5.064209923148155212e-02 7.886917446739971638e-04 0.000000000000000000e+00 0.000000000000000000e+00 4.467665683478116989e-03 0.000000000000000000e+00 6.245134398341178894e-03
0.000000000000000000e+00 0.000000000000000000e+00 6.222995580174028873e-06 4.716096100310096517e-06 1.003534362098434940e-05 0.000000000000000000e+00 1.579204194968042430e-06 3.552974703779909760e-06 3.327510000872280216e-07 5.124307790538296103e-06 0.000000000000000000e+00
