1.230956459045410156e+01 5.409093856811523438e+01 4.693707275390625000e+01 1.413181900978088379e+00 3.371390700340270996e-02 1.148763656616210938e+00 5.970667266845703125e+01 5.940304946899414062e+01 4.175128173828125000e+01 4.236154174804687500e+01 8.296263694763183594e+00
3.901839111328125000e+03 0.000000000000000000e+00 2.000973358154296875e+02 2.210665625000000000e+04 1.290984960937500000e+04 1.937098437500000000e+04 1.691227929687500000e+04 4.894140625000000000e+02 1.495684570312500000e+04 1.744259643554687500e+01 3.253836328125000000e+04
8.946305664062500000e+03 1.255313671875000000e+04 6.413692474365234375e+01 9.512360839843750000e+02 2.413443603515625000e+02 2.211885351562500000e+04 2.213809326171875000e+03 1.759015429687500000e+04 1.343536523437500000e+04 9.626814453125000000e+03 9.010232421875000000e+03
4.104117968750000000e+04 2.100316601562500000e+04 2.077112579345703125e+01 3.074073437500000000e+04 3.083452734375000000e+04 5.853339843750000000e+04 2.683335351562500000e+04 3.051169335937500000e+04 1.173240966796875000e+03 1.298299865722656250e+02 2.652339453125000000e+04
1.425748825073242188e+01 2.884038162231445312e+01 1.312999534606933594e+01 2.010318756103515625e+01 0.000000000000000000e+00 1.325210380554199219e+01 1.365339851379394531e+01 4.791758060455322266e+00 1.843011283874511719e+01 4.565510559082031250e+01 1.150843582153320312e+02
0.000000000000000000e+00 0.000000000000000000e+00 0.000000000000000000e+00 0.000000000000000000e+00 0.000000000000000000e+00 0.000000000000000000e+00 0.000000000000000000e+00 0.000000000000000000e+00 0.000000000000000000e+00 0.000000000000000000e+00 3.464086914062500000e+01
1.836463378906250000e+03 5.396112060546875000e+02 1.837141215801239014e-01 3.675756591796875000e+03 4.119421386718750000e+02 2.317568054199218750e+02 2.098745822906494141e+00 8.141118164062500000e+03 1.831305419921875000e+03 7.679285156250000000e+03 2.846511914062500000e+04
1.693461726404166257e-08 1.783101959228515625e+02 7.971458007812500000e+03 2.506823241710662842e-01 1.437072656250000000e+04 2.501773925781250000e+03 7.106050781250000000e+03 5.665738525390625000e+02 1.959730078125000000e+04 2.310768737792968750e+02 2.140115722656250000e+03
5.746584320068359375e+01 7.238888671875000000e+03 1.664188842773437500e+03 1.378622436523437500e+02 3.511354923248291016e+00 1.484938085937500000e+04 1.882060156250000000e+04 3.531487121582031250e+02 1.150329284667968750e+02 3.635111083984375000e+02 1.720588134765625000e+03
0.000000000000000000e+00 0.000000000000000000e+00 0.000000000000000000e+00 0.000000000000000000e+00 1.594845581054687500e+02 0.000000000000000000e+00 0.000000000000000000e+00 0.000000000000000000e+00 0.000000000000000000e+00 0.000000000000000000e+00 0.000000000000000000e+00
0.000000000000000000e+00 7.174398005008697510e-02 2.919419407844543457e-01 1.528360694646835327e-02 3.958656191825866699e-01 0.000000000000000000e+00 1.367351389490067959e-03 3.427131772041320801e-01 1.340967514806834515e-07 1.472280323505401611e-01 0.000000000000000000e+00
