0.000000000000000000e+00 5.434077465906739235e-04 6.570995319634675980e-04 0.000000000000000000e+00 0.000000000000000000e+00 0.000000000000000000e+00 6.264385301619768143e-03 4.112794063985347748e-03 2.506614895537495613e-03 2.842447021976113319e-03 0.000000000000000000e+00
1.049641706049442291e-02 0.000000000000000000e+00 3.866091370582580566e-03 5.928845144808292389e-03 0.000000000000000000e+00 0.000000000000000000e+00 6.195180467329919338e-04 5.407274235039949417e-03 2.897010650485754013e-03 2.432207111269235611e-04 0.000000000000000000e+00
0.000000000000000000e+00 5.802530795335769653e-03 8.712196140550076962e-04 0.000000000000000000e+00 0.000000000000000000e+00 7.973288185894489288e-03 5.669005680829286575e-03 0.000000000000000000e+00 7.109736907295882702e-05 0.000000000000000000e+00 0.000000000000000000e+00
6.610018666833639145e-03 0.000000000000000000e+00 0.000000000000000000e+00 5.181632470339536667e-03 9.457180276513099670e-03 5.335556124919094145e-05 0.000000000000000000e+00 5.952611682005226612e-04 0.000000000000000000e+00 3.160373773425817490e-03 0.000000000000000000e+00
8.142151637002825737e-05 1.414526777807623148e-04 5.541554855881258845e-05 7.600186654599383473e-05 0.000000000000000000e+00 8.995455573312938213e-05 2.385266998317092657e-05 0.000000000000000000e+00 0.000000000000000000e+00 7.988215656951069832e-05 2.610213123261928558e-04
0.000000000000000000e+00 0.000000000000000000e+00 0.000000000000000000e+00 0.000000000000000000e+00 0.000000000000000000e+00 0.000000000000000000e+00 0.000000000000000000e+00 0.000000000000000000e+00 0.000000000000000000e+00 0.000000000000000000e+00 1.734723475976807094e-18
3.731851233169436455e-03 5.228463094681501389e-03 0.000000000000000000e+00 2.633717958815395832e-04 0.000000000000000000e+00 5.364356096833944321e-03 4.400830715894699097e-03 1.043115858919918537e-03 1.536549651063978672e-03 3.148278454318642616e-03 4.439404234290122986e-03
0.000000000000000000e+00 4.741171724162995815e-04 0.000000000000000000e+00 0.000000000000000000e+00 0.000000000000000000e+00 0.000000000000000000e+00 4.382031504064798355e-03 0.000000000000000000e+00 6.371378898620605469e-03 2.306098213011864573e-05 1.753650838509202003e-03
0.000000000000000000e+00 1.208511603181250393e-04 2.410209737718105316e-03 2.238682471215724945e-03 0.000000000000000000e+00 1.367498654872179031e-03 0.000000000000000000e+00 2.429979154840111732e-03 0.000000000000000000e+00 3.084488562308251858e-04 7.584315608255565166e-04
1.681307679973542690e-03 0.000000000000000000e+00 7.137723150663077831e-04 0.000000000000000000e+00 2.827703207731246948e-02 3.457019920460879803e-04 0.000000000000000000e+00 0.000000000000000000e+00 5.961562972515821457e-03 0.000000000000000000e+00 9.381833486258983612e-03
0.000000000000000000e+00 0.000000000000000000e+00 4.288676791475154459e-06 2.606436169116932433e-07 5.123598384670913219e-06 0.000000000000000000e+00 1.847512749009183608e-06 1.722067167975183111e-06 0.000000000000000000e+00 1.355698145744099747e-06 0.000000000000000000e+00
