0.000000000000000000e+00 2.167163649573922157e-03 0.000000000000000000e+00 0.000000000000000000e+00 0.000000000000000000e+00 0.000000000000000000e+00 0.000000000000000000e+00 1.148935221135616302e-02 5.220060702413320541e-03 0.000000000000000000e+00 0.000000000000000000e+00
6.442020181566476822e-03 0.000000000000000000e+00 5.895518232136964798e-03 8.333737961947917938e-03 0.000000000000000000e+00 0.000000000000000000e+00 7.380034774541854858e-03 0.000000000000000000e+00 8.602087036706507206e-04 0.000000000000000000e+00 7.763195899315178394e-04
2.097430173307657242e-03 3.797334851697087288e-03 0.000000000000000000e+00 5.636626738123595715e-04 0.000000000000000000e+00 5.284879356622695923e-03 1.928616780787706375e-03 0.000000000000000000e+00 4.756036214530467987e-03 5.228961817920207977e-03 1.204984844662249088e-03
0.000000000000000000e+00 0.000000000000000000e+00 0.000000000000000000e+00 7.472254335880279541e-03 6.573880556970834732e-03 4.782431642524898052e-04 0.000000000000000000e+00 1.145294494926929474e-02 0.000000000000000000e+00 1.529983361251652241e-03 0.000000000000000000e+00
9.957341717381495982e-06 1.395626168232411146e-04 1.560951204737648368e-05 2.869344280043151230e-05 0.000000000000000000e+00 8.816736226435750723e-05 2.324349588889162987e-05 0.000000000000000000e+00 0.000000000000000000e+00 1.529086730442941189e-04 4.031688731629401445e-04
0.000000000000000000e+00 0.000000000000000000e+00 0.000000000000000000e+00 0.000000000000000000e+00 0.000000000000000000e+00 0.000000000000000000e+00 0.000000000000000000e+00 0.000000000000000000e+00 0.000000000000000000e+00 0.000000000000000000e+00 4.336808689942017736e-19
2.549377735704183578e-03 0.000000000000000000e+00 0.000000000000000000e+00 0.000000000000000000e+00 0.000000000000000000e+00 1.029617851600050926e-03 3.405140247195959091e-03 2.077470999211072922e-03 1.024231500923633575e-02 1.066832896322011948e-02 3.776000114157795906e-03
0.000000000000000000e+00 0.000000000000000000e+00 2.505562035366892815e-03 0.000000000000000000e+00 0.000000000000000000e+00 0.000000000000000000e+00 1.429590163752436638e-03 0.000000000000000000e+00 5.260887090116739273e-03 0.000000000000000000e+00 4.210116341710090637e-03
0.000000000000000000e+00 1.098432810977101326e-03 1.404469599947333336e-03 0.000000000000000000e+00 1.451746793463826180e-03 5.820877267979085445e-04 8.281479589641094208e-03 2.300703345099464059e-04 0.000000000000000000e+00 1.141323987394571304e-02 0.000000000000000000e+00
1.076192222535610199e-02 1.086211483925580978e-02 4.215509630739688873e-03 0.000000000000000000e+00 3.159320726990699768e-02 3.093084320425987244e-03 0.000000000000000000e+00 0.000000000000000000e+00 3.319569863379001617e-03 0.000000000000000000e+00 4.706053994596004486e-03
0.000000000000000000e+00 0.000000000000000000e+00 2.052130184893030673e-06 0.000000000000000000e+00 3.735142627192544751e-06 0.000000000000000000e+00 7.744317258584487718e-07 3.378170561063598143e-07 0.000000000000000000e+00 0.000000000000000000e+00 0.000000000000000000e+00
