0.000000000000000000e+00 0.000000000000000000e+00 6.746648345142602921e-03 0.000000000000000000e+00 0.000000000000000000e+00 0.000000000000000000e+00 1.888479921035468578e-03 4.198518116027116776e-03 3.683710005134344101e-03 0.000000000000000000e+00 0.000000000000000000e+00
3.119231201708316803e-03 0.000000000000000000e+00 4.367992281913757324e-03 4.845376533921808004e-04 0.000000000000000000e+00 2.427203813567757607e-03 4.513288848102092743e-03 0.000000000000000000e+00 0.000000000000000000e+00 1.683095470070838928e-04 1.106827548937872052e-04
0.000000000000000000e+00 1.846833503805100918e-03 0.000000000000000000e+00 1.664765441091731191e-04 2.729597908910363913e-04 7.658833637833595276e-04 4.994182963855564594e-04 0.000000000000000000e+00 0.000000000000000000e+00 4.855659790337085724e-04 0.000000000000000000e+00
6.998981814831495285e-03 2.047582296654582024e-03 1.711234916001558304e-03 0.000000000000000000e+00 0.000000000000000000e+00 6.859923014417290688e-04 3.469453658908605576e-03 2.926186891272664070e-03 5.227014888077974319e-03 0.000000000000000000e+00 0.000000000000000000e+00
7.874023140175268054e-05 1.579723611939698458e-04 1.184874563477933407e-04 1.108821379602886736e-04 0.000000000000000000e+00 1.197491365019232035e-04 1.047117038979195058e-04 1.568311708979308605e-04 9.196498285746201873e-05 1.750679075485095382e-04 3.588703111745417118e-04
0.000000000000000000e+00 1.604409335413947701e-04 3.593157976865768433e-03 0.000000000000000000e+00 0.000000000000000000e+00 1.862581260502338409e-02 1.398732536472380161e-03 0.000000000000000000e+00 0.000000000000000000e+00 1.973340753465890884e-03 2.601359412074089050e-02
0.000000000000000000e+00 7.223776774480938911e-04 0.000000000000000000e+00 0.000000000000000000e+00 0.000000000000000000e+00 4.093477502465248108e-03 8.233562693931162357e-04 0.000000000000000000e+00 7.416489999741315842e-03 6.111150141805410385e-03 0.000000000000000000e+00
0.000000000000000000e+00 0.000000000000000000e+00 0.000000000000000000e+00 0.000000000000000000e+00 2.745312871411442757e-03 5.452477489598095417e-04 0.000000000000000000e+00 0.000000000000000000e+00 1.198537764139473438e-03 0.000000000000000000e+00 0.000000000000000000e+00
0.000000000000000000e+00 0.000000000000000000e+00 2.245548181235790253e-03 0.000000000000000000e+00 0.000000000000000000e+00 7.200345280580222607e-04 0.000000000000000000e+00 2.021524589508771896e-03 0.000000000000000000e+00 0.000000000000000000e+00 5.136459134519100189e-03
1.557490671984851360e-03 1.478631980717182159e-03 3.960617817938327789e-03 0.000000000000000000e+00 1.257990021258592606e-02 0.000000000000000000e+00 7.945318357087671757e-04 0.000000000000000000e+00 1.320164557546377182e-02 2.588230883702635765e-03 1.025763619691133499e-02
0.000000000000000000e+00 1.370850810644697049e-07 2.413252104815910570e-06 1.657810003052873071e-06 2.183716787840239704e-06 0.000000000000000000e+00 7.380256192845990881e-07 2.121523948517278768e-06 0.000000000000000000e+00 1.266219328499573749e-06 0.000000000000000000e+00
