0.000000000000000000e+00 0.000000000000000000e+00 0.000000000000000000e+00 0.000000000000000000e+00 0.000000000000000000e+00 0.000000000000000000e+00 0.000000000000000000e+00 7.503786124289035797e-03 0.000000000000000000e+00 0.000000000000000000e+00 0.000000000000000000e+00
1.809723302721977234e-02 0.000000000000000000e+00 5.137846339493989944e-03 4.073046147823333740e-03 0.000000000000000000e+00 0.000000000000000000e+00 0.000000000000000000e+00 6.161749362945556641e-03 5.322229582816362381e-03 0.000000000000000000e+00 0.000000000000000000e+00
0.000000000000000000e+00 1.157215214334428310e-03 0.000000000000000000e+00 3.073130501434206963e-04 7.736504776403307915e-04 4.817892840947024524e-05 4.517428111284971237e-03 0.000000000000000000e+00 1.248366432264447212e-03 1.270280033349990845e-02 0.000000000000000000e+00
9.988896548748016357e-03 4.272446502000093460e-03 0.000000000000000000e+00 0.000000000000000000e+00 2.136640716344118118e-03 0.000000000000000000e+00 6.307558622211217880e-03 8.208936080336570740e-03 2.352990908548235893e-03 0.000000000000000000e+00 1.229208428412675858e-03
0.000000000000000000e+00 1.076574189937673509e-04 1.205232692882418633e-04 1.251341564056929201e-05 0.000000000000000000e+00 7.751238445052877069e-05 6.423055310733616352e-05 0.000000000000000000e+00 5.954733569524250925e-05 2.138356358045712113e-04 3.226153785362839699e-04
0.000000000000000000e+00 0.000000000000000000e+00 0.000000000000000000e+00 0.000000000000000000e+00 0.000000000000000000e+00 1.016317764879204333e-04 0.000000000000000000e+00 0.000000000000000000e+00 0.000000000000000000e+00 0.000000000000000000e+00 8.673617379884035472e-19
2.638141857460141182e-03 6.585461087524890900e-03 0.000000000000000000e+00 2.030451083555817604e-03 0.000000000000000000e+00 0.000000000000000000e+00 0.000000000000000000e+00 6.321332417428493500e-03 4.951475188136100769e-03 1.046232413500547409e-02 3.464629407972097397e-03
0.000000000000000000e+00 2.726189559325575829e-03 0.000000000000000000e+00 7.797224679961800575e-04 0.000000000000000000e+00 0.000000000000000000e+00 0.000000000000000000e+00 1.414662576280534267e-03 6.157238967716693878e-03 0.000000000000000000e+00 2.258648164570331573e-03
0.000000000000000000e+00 8.722921833395957947e-03 3.493873402476310730e-03 1.500110724009573460e-03 0.000000000000000000e+00 0.000000000000000000e+00 1.504992018453776836e-03 0.000000000000000000e+00 0.000000000000000000e+00 2.270501572638750076e-03 1.772837946191430092e-03
9.148407727479934692e-03 0.000000000000000000e+00 1.798300817608833313e-02 0.000000000000000000e+00 4.525277391076087952e-02 0.000000000000000000e+00 0.000000000000000000e+00 0.000000000000000000e+00 7.479544263333082199e-03 0.000000000000000000e+00 6.129179615527391434e-03
0.000000000000000000e+00 1.733764491973488475e-07 2.816414053086191416e-06 1.260351154996897094e-06 4.132765297981677577e-06 0.000000000000000000e+00 1.696435106168792117e-06 8.957415502663934603e-07 1.783201923899468966e-06 1.077790784620447084e-06 0.000000000000000000e+00
