0.000000000000000000e+00 0.000000000000000000e+00 4.422744140625000000e+02 0.000000000000000000e+00 0.000000000000000000e+00 0.000000000000000000e+00 3.064002929687500000e+03 1.058197021484375000e+03 7.593698120117187500e+01 6.095877685546875000e+02 0.000000000000000000e+00
3.293992309570312500e+02 8.312688350997632369e-07 6.089785156250000000e+02 5.813094726562500000e+03 3.243450683593750000e+03 1.966406591236591339e-03 3.778422363281250000e+03 3.361929416656494141e+00 5.671753906250000000e+03 1.595478352101054043e-05 2.652801704406738281e+01
4.526370117187500000e+03 2.387746238708496094e+01 1.049481296539306641e+01 1.799255371093750000e+03 6.650406738281250000e+03 1.976615295410156250e+02 1.306053125000000000e+04 7.049516201019287109e+00 8.862091600894927979e-02 5.143986816406250000e+03 2.626528549194335938e+01
1.217878417968750000e+04 4.502458007812500000e+03 9.534550781250000000e+03 7.686673736572265625e+01 1.857123413085937500e+02 9.091110992431640625e+01 1.322318261718750000e+04 7.244479980468750000e+03 1.150833593750000000e+04 1.481404882812500000e+04 2.971112792968750000e+03
2.384334754943847656e+01 2.191833496093750000e+01 1.480903911590576172e+01 1.290087318420410156e+01 1.785244057828094810e-05 1.359056663513183594e+01 8.443073272705078125e+00 5.240302085876464844e+00 6.606611251831054688e+00 2.712564849853515625e+01 4.510683441162109375e+01
0.000000000000000000e+00 0.000000000000000000e+00 0.000000000000000000e+00 0.000000000000000000e+00 0.000000000000000000e+00 3.894880865118466318e-05 0.000000000000000000e+00 0.000000000000000000e+00 0.000000000000000000e+00 0.000000000000000000e+00 5.177579623705241829e-06
1.695794921875000000e+04 7.819661132812500000e+03 5.436978423034588559e-09 1.570865039062500000e+04 3.270447265625000000e+03 1.246827539062500000e+04 3.883818969726562500e+02 9.133112304687500000e+03 1.722763281250000000e+04 6.259356445312500000e+03 7.359696289062500000e+03
2.309380769729614258e+00 4.225335083007812500e+02 5.793158721923828125e+01 2.095595932006835938e+01 6.731268310546875000e+02 6.519965362548828125e+01 1.587816619873046875e+02 8.220177734375000000e+03 3.152551025390625000e+03 4.719927310943603516e-01 1.575312194824218750e+02
0.000000000000000000e+00 7.596248046875000000e+03 1.177953027343750000e+04 6.122536182403564453e+00 1.806889474391937256e-01 2.855221176147460938e+01 3.487507629394531250e+02 3.045173339843750000e+03 1.580009033203125000e+03 3.418735107421875000e+03 2.206481689453125000e+03
0.000000000000000000e+00 0.000000000000000000e+00 0.000000000000000000e+00 0.000000000000000000e+00 1.233348083496093750e+01 0.000000000000000000e+00 0.000000000000000000e+00 0.000000000000000000e+00 0.000000000000000000e+00 0.000000000000000000e+00 1.568423904245719314e-04
0.000000000000000000e+00 2.150038257241249084e-03 2.648114860057830811e-01 6.046260520815849304e-02 2.931469082832336426e-01 1.712857233826525771e-08 5.564727634191513062e-02 2.683238983154296875e-01 2.000714118821633747e-07 2.128907889127731323e-01 7.417364855655250722e-08
