0.000000000000000000e+00 1.443148553371429443e-01 6.093647480010986328e-01 0.000000000000000000e+00 0.000000000000000000e+00 0.000000000000000000e+00 1.833813667297363281e+00 1.271188408136367798e-01 6.957586109638214111e-02 3.789533860981464386e-03 0.000000000000000000e+00
1.982322812080383301e+00 0.000000000000000000e+00 6.702736765146255493e-02 3.220373019576072693e-02 1.928213357925415039e+00 3.475660830736160278e-02 2.026554197072982788e-02 7.765023037791252136e-03 1.074423551559448242e+00 7.089772820472717285e-01 2.347183786332607269e-02
2.148491889238357544e-02 2.189895153045654297e+00 2.912443280220031738e-01 8.477556109428405762e-01 5.052128434181213379e-02 1.042062520980834961e+00 1.265124440193176270e+00 3.761330842971801758e-01 1.982776884688064456e-04 6.411395072937011719e-01 5.239461082965135574e-03
8.417627811431884766e-01 0.000000000000000000e+00 5.544594526290893555e-01 7.640944095328450203e-04 3.005713515449315310e-04 0.000000000000000000e+00 5.725391209125518799e-02 9.815738201141357422e-01 1.953398250043392181e-02 4.425177872180938721e-01 5.252840346656739712e-04
3.877206705510616302e-03 8.071426302194595337e-03 5.509422160685062408e-03 7.334385532885789871e-03 0.000000000000000000e+00 5.688652396202087402e-03 6.491450127214193344e-03 4.850050900131464005e-03 7.269317284226417542e-03 1.079446263611316681e-02 1.964932121336460114e-02
0.000000000000000000e+00 0.000000000000000000e+00 3.666357661131769419e-04 2.264619572088122368e-03 0.000000000000000000e+00 4.589610397815704346e-01 1.034180540591478348e-02 0.000000000000000000e+00 0.000000000000000000e+00 2.744494471698999405e-03 1.622280597686767578e+00
7.292056828737258911e-02 4.145544767379760742e-02 1.855781301856040955e-03 8.473329544067382812e-01 1.413311809301376343e-02 6.187084317207336426e-01 2.239023149013519287e-02 1.200484577566385269e-02 3.046858906745910645e-01 7.191554456949234009e-02 2.213793992996215820e+00
0.000000000000000000e+00 3.755178928375244141e+00 2.022877454757690430e+00 2.332036569714546204e-02 1.220872282981872559e+00 2.241307497024536133e+00 5.415777117013931274e-02 2.055684804916381836e+00 2.266370058059692383e+00 0.000000000000000000e+00 4.678713623434305191e-03
1.077920496463775635e-01 1.824819594621658325e-01 4.978113174438476562e-01 3.339136242866516113e-01 0.000000000000000000e+00 2.836466133594512939e-01 4.068554043769836426e-01 2.301740199327468872e-01 1.603678464889526367e-01 1.966096758842468262e-01 3.544445335865020752e-01
0.000000000000000000e+00 0.000000000000000000e+00 0.000000000000000000e+00 0.000000000000000000e+00 3.440226428210735321e-03 0.000000000000000000e+00 0.000000000000000000e+00 0.000000000000000000e+00 0.000000000000000000e+00 0.000000000000000000e+00 1.083527877199230716e-06
0.000000000000000000e+00 1.696108427040599054e-07 7.934266614029183984e-05 2.954990486614406109e-05 1.667315664235502481e-04 0.000000000000000000e+00 8.143088962242472917e-06 5.216272984398528934e-05 0.000000000000000000e+00 9.403628064319491386e-05 9.209433301293756813e-06
