0.000000000000000000e+00 0.000000000000000000e+00 0.000000000000000000e+00 0.000000000000000000e+00 0.000000000000000000e+00 0.000000000000000000e+00 2.318897983059287071e-03 4.445136524736881256e-03 5.417871288955211639e-03 0.000000000000000000e+00 0.000000000000000000e+00
2.021239697933197021e-02 0.000000000000000000e+00 0.000000000000000000e+00 3.717484418302774429e-03 0.000000000000000000e+00 0.000000000000000000e+00 0.000000000000000000e+00 8.090419694781303406e-03 3.569764783605933189e-03 6.656721699982881546e-03 3.046459518373012543e-03
6.064745597541332245e-03 1.222312916070222855e-02 0.000000000000000000e+00 0.000000000000000000e+00 3.751151496544480324e-03 1.379607478156685829e-03 5.823752842843532562e-03 0.000000000000000000e+00 0.000000000000000000e+00 1.423755381256341934e-02 4.564228293020278215e-04
1.296614296734333038e-02 0.000000000000000000e+00 0.000000000000000000e+00 0.000000000000000000e+00 5.024683661758899689e-03 6.831170176155865192e-04 0.000000000000000000e+00 5.994575098156929016e-03 8.598387241363525391e-03 0.000000000000000000e+00 0.000000000000000000e+00
2.722314093261957169e-04 3.817876277025789022e-04 5.451790639199316502e-04 5.223160260356962681e-04 0.000000000000000000e+00 3.188401751685887575e-04 4.081907973159104586e-04 3.235008916817605495e-04 3.557393793016672134e-04 8.022467372938990593e-04 1.384669449180364609e-03
0.000000000000000000e+00 0.000000000000000000e+00 0.000000000000000000e+00 0.000000000000000000e+00 0.000000000000000000e+00 0.000000000000000000e+00 0.000000000000000000e+00 0.000000000000000000e+00 0.000000000000000000e+00 0.000000000000000000e+00 0.000000000000000000e+00
8.474872447550296783e-03 0.000000000000000000e+00 0.000000000000000000e+00 0.000000000000000000e+00 0.000000000000000000e+00 6.037872284650802612e-03 7.870185072533786297e-04 7.479653228074312210e-03 1.589658856391906738e-02 4.830708785448223352e-04 7.613102905452251434e-03
0.000000000000000000e+00 3.369342302903532982e-04 1.516320626251399517e-03 4.771716194227337837e-04 2.852781675755977631e-03 0.000000000000000000e+00 0.000000000000000000e+00 0.000000000000000000e+00 2.108803164446726441e-04 0.000000000000000000e+00 2.719314536079764366e-03
1.792932511307299137e-03 0.000000000000000000e+00 6.732178386300802231e-03 0.000000000000000000e+00 0.000000000000000000e+00 1.182196009904146194e-02 0.000000000000000000e+00 0.000000000000000000e+00 0.000000000000000000e+00 2.881169086322188377e-03 1.638639532029628754e-02
7.109091617166996002e-03 4.426241852343082428e-03 6.758608855307102203e-03 0.000000000000000000e+00 3.969200327992439270e-02 0.000000000000000000e+00 0.000000000000000000e+00 0.000000000000000000e+00 1.852859370410442352e-02 0.000000000000000000e+00 1.455098390579223633e-02
0.000000000000000000e+00 0.000000000000000000e+00 8.330043783644214272e-06 6.298449534369865432e-06 1.782054459908977151e-05 0.000000000000000000e+00 7.526684839831432328e-06 9.492743629380129278e-06 0.000000000000000000e+00 1.608029947419709060e-06 0.000000000000000000e+00
