0.000000000000000000e+00 0.000000000000000000e+00 0.000000000000000000e+00 0.000000000000000000e+00 0.000000000000000000e+00 0.000000000000000000e+00 5.291110370308160782e-03 1.099739409983158112e-02 1.876987982541322708e-03 0.000000000000000000e+00 0.000000000000000000e+00
6.236983928829431534e-03 0.000000000000000000e+00 7.591248024255037308e-03 0.000000000000000000e+00 0.000000000000000000e+00 0.000000000000000000e+00 1.703195623122155666e-03 0.000000000000000000e+00 7.587660802528262138e-04 0.000000000000000000e+00 0.000000000000000000e+00
0.000000000000000000e+00 1.583128422498703003e-02 0.000000000000000000e+00 0.000000000000000000e+00 0.000000000000000000e+00 1.749290525913238525e-02 1.722477562725543976e-02 0.000000000000000000e+00 2.583808265626430511e-03 1.165504683740437031e-03 0.000000000000000000e+00
5.274209193885326385e-03 0.000000000000000000e+00 2.425978425890207291e-03 3.365138079971075058e-03 5.391455255448818207e-03 1.492252014577388763e-02 3.648317884653806686e-03 9.965037927031517029e-03 6.259756628423929214e-03 2.084442647174000740e-03 0.000000000000000000e+00
6.595976446988061070e-05 2.953241055365651846e-04 2.467403246555477381e-04 3.084641648456454277e-04 0.000000000000000000e+00 2.164430625271052122e-04 1.892567815957590938e-04 2.312993310624733567e-04 2.836989588104188442e-04 2.283464273205026984e-04 7.992547471076250076e-04
0.000000000000000000e+00 0.000000000000000000e+00 0.000000000000000000e+00 0.000000000000000000e+00 0.000000000000000000e+00 0.000000000000000000e+00 0.000000000000000000e+00 0.000000000000000000e+00 0.000000000000000000e+00 0.000000000000000000e+00 2.725027035921812057e-03
3.293723784736357629e-05 0.000000000000000000e+00 0.000000000000000000e+00 1.262903958559036255e-02 0.000000000000000000e+00 6.094377487897872925e-03 4.067487083375453949e-03 1.064494997262954712e-02 1.674324460327625275e-02 7.244608830660581589e-03 7.896190509200096130e-03
0.000000000000000000e+00 5.572360940277576447e-03 8.112813346087932587e-03 0.000000000000000000e+00 0.000000000000000000e+00 0.000000000000000000e+00 1.618387759663164616e-03 0.000000000000000000e+00 4.733260255306959152e-03 0.000000000000000000e+00 0.000000000000000000e+00
5.218858830630779266e-03 0.000000000000000000e+00 0.000000000000000000e+00 0.000000000000000000e+00 0.000000000000000000e+00 6.721457000821828842e-03 2.197106368839740753e-03 0.000000000000000000e+00 0.000000000000000000e+00 0.000000000000000000e+00 5.779429338872432709e-03
7.480370812118053436e-03 0.000000000000000000e+00 7.780468091368675232e-03 2.910734154284000397e-03 5.530428513884544373e-02 2.292794873937964439e-03 0.000000000000000000e+00 0.000000000000000000e+00 7.906652055680751801e-03 0.000000000000000000e+00 3.207096830010414124e-02
0.000000000000000000e+00 0.000000000000000000e+00 4.980715857527684420e-06 0.000000000000000000e+00 7.564224233647109941e-06 0.000000000000000000e+00 0.000000000000000000e+00 3.545053687048493885e-06 0.000000000000000000e+00 0.000000000000000000e+00 0.000000000000000000e+00
