0.000000000000000000e+00 0.000000000000000000e+00 0.000000000000000000e+00 0.000000000000000000e+00 0.000000000000000000e+00 0.000000000000000000e+00 1.119535882025957108e-02 0.000000000000000000e+00 4.108902998268604279e-03 1.341728260740637779e-03 0.000000000000000000e+00
1.004580687731504440e-02 0.000000000000000000e+00 3.534270217642188072e-04 1.520693069323897362e-03 5.547705804929137230e-04 0.000000000000000000e+00 0.000000000000000000e+00 0.000000000000000000e+00 0.000000000000000000e+00 0.000000000000000000e+00 0.000000000000000000e+00
0.000000000000000000e+00 1.975176157429814339e-03 0.000000000000000000e+00 5.644606426358222961e-03 0.000000000000000000e+00 1.452584099024534225e-02 1.235428545624017715e-02 0.000000000000000000e+00 1.035224529914557934e-03 0.000000000000000000e+00 0.000000000000000000e+00
1.691438071429729462e-02 0.000000000000000000e+00 3.336074994876980782e-03 1.816984266042709351e-03 0.000000000000000000e+00 1.486375113017857075e-03 0.000000000000000000e+00 0.000000000000000000e+00 4.829132929444313049e-03 5.746715702116489410e-03 0.000000000000000000e+00
0.000000000000000000e+00 2.493827487342059612e-04 2.075369557132944465e-04 6.806043529650196433e-05 0.000000000000000000e+00 3.560513869160786271e-05 1.256597461178898811e-04 1.478814374422654510e-04 1.304268953390419483e-04 1.385642244713380933e-04 4.789544036611914635e-04
0.000000000000000000e+00 0.000000000000000000e+00 0.000000000000000000e+00 0.000000000000000000e+00 0.000000000000000000e+00 0.000000000000000000e+00 0.000000000000000000e+00 0.000000000000000000e+00 0.000000000000000000e+00 0.000000000000000000e+00 8.002606336958706379e-04
2.287807408720254898e-03 2.588324481621384621e-03 0.000000000000000000e+00 4.104678053408861160e-03 0.000000000000000000e+00 0.000000000000000000e+00 0.000000000000000000e+00 0.000000000000000000e+00 0.000000000000000000e+00 0.000000000000000000e+00 0.000000000000000000e+00
0.000000000000000000e+00 4.415301140397787094e-03 2.414448419585824013e-03 0.000000000000000000e+00 0.000000000000000000e+00 2.281893743202090263e-03 0.000000000000000000e+00 6.895615952089428902e-04 4.435998387634754181e-03 0.000000000000000000e+00 1.136823906563222408e-03
1.586380065418779850e-03 2.031252253800630569e-03 2.151704858988523483e-03 4.129939246922731400e-03 0.000000000000000000e+00 0.000000000000000000e+00 0.000000000000000000e+00 0.000000000000000000e+00 2.189435472246259451e-04 0.000000000000000000e+00 1.275768503546714783e-03
0.000000000000000000e+00 2.464304088789504021e-05 1.173463836312294006e-02 8.429730660282075405e-04 3.049232810735702515e-02 3.753408789634704590e-03 2.973615890368819237e-03 0.000000000000000000e+00 8.336749859154224396e-03 7.331124506890773773e-03 1.130645070225000381e-02
0.000000000000000000e+00 0.000000000000000000e+00 2.720777956710662693e-06 1.418056740476458799e-06 3.542853164617554285e-06 0.000000000000000000e+00 1.607220383448293433e-06 1.767321919032838196e-06 0.000000000000000000e+00 1.577903162797156256e-06 0.000000000000000000e+00
