0.000000000000000000e+00 0.000000000000000000e+00 0.000000000000000000e+00 0.000000000000000000e+00 0.000000000000000000e+00 0.000000000000000000e+00 7.426675874739885330e-04 0.000000000000000000e+00 0.000000000000000000e+00 0.000000000000000000e+00 0.000000000000000000e+00
1.292575150728225708e-02 0.000000000000000000e+00 0.000000000000000000e+00 1.786554348655045033e-03 0.000000000000000000e+00 0.000000000000000000e+00 0.000000000000000000e+00 7.233910262584686279e-03 6.641565356403589249e-03 0.000000000000000000e+00 2.184587763622403145e-03
2.505850745365023613e-03 5.699662491679191589e-03 1.201299834065139294e-03 0.000000000000000000e+00 5.358161404728889465e-03 1.438514445908367634e-03 4.435273818671703339e-03 0.000000000000000000e+00 9.243837557733058929e-03 1.217502728104591370e-02 0.000000000000000000e+00
2.754858694970607758e-03 0.000000000000000000e+00 0.000000000000000000e+00 0.000000000000000000e+00 0.000000000000000000e+00 0.000000000000000000e+00 0.000000000000000000e+00 4.223785363137722015e-03 9.138794848695397377e-04 6.976527161896228790e-03 1.743121189065277576e-03
8.342949149664491415e-05 2.744707453530281782e-04 3.117225423920899630e-04 2.625827910378575325e-04 2.710505431213761085e-20 4.178342642262578011e-04 8.975122182164341211e-05 0.000000000000000000e+00 3.642222145572304726e-04 5.436539067886769772e-04 8.688673842698335648e-04
0.000000000000000000e+00 0.000000000000000000e+00 0.000000000000000000e+00 0.000000000000000000e+00 0.000000000000000000e+00 1.164993271231651306e-03 0.000000000000000000e+00 0.000000000000000000e+00 0.000000000000000000e+00 0.000000000000000000e+00 1.734723475976807094e-18
1.095003541558980942e-02 3.168554743751883507e-03 0.000000000000000000e+00 3.871691005770117044e-04 0.000000000000000000e+00 0.000000000000000000e+00 0.000000000000000000e+00 2.214977983385324478e-03 0.000000000000000000e+00 0.000000000000000000e+00 1.043870672583580017e-02
0.000000000000000000e+00 1.078747119754552841e-02 0.000000000000000000e+00 0.000000000000000000e+00 0.000000000000000000e+00 0.000000000000000000e+00 0.000000000000000000e+00 4.150661698076874018e-04 6.760801188647747040e-03 0.000000000000000000e+00 3.126093186438083649e-03
0.000000000000000000e+00 1.582039752975106239e-03 0.000000000000000000e+00 3.638067937572486699e-05 0.000000000000000000e+00 0.000000000000000000e+00 2.907227259129285812e-03 0.000000000000000000e+00 0.000000000000000000e+00 6.953367497771978378e-03 3.254526527598500252e-03
9.622960351407527924e-03 0.000000000000000000e+00 8.348437026143074036e-03 0.000000000000000000e+00 3.448535501956939697e-02 1.393178943544626236e-03 0.000000000000000000e+00 0.000000000000000000e+00 3.512563649564981461e-03 0.000000000000000000e+00 1.363440882414579391e-02
0.000000000000000000e+00 0.000000000000000000e+00 8.165886356437113136e-06 2.164730403819703497e-06 2.528886398067697883e-05 0.000000000000000000e+00 0.000000000000000000e+00 7.606991403008578345e-06 0.000000000000000000e+00 6.802339157729875296e-06 0.000000000000000000e+00
