0.000000000000000000e+00 0.000000000000000000e+00 0.000000000000000000e+00 0.000000000000000000e+00 0.000000000000000000e+00 0.000000000000000000e+00 0.000000000000000000e+00 1.371209882199764252e-02 7.011335808783769608e-03 0.000000000000000000e+00 0.000000000000000000e+00
6.159529089927673340e-03 0.000000000000000000e+00 9.046933613717556000e-03 1.952643506228923798e-02 7.184261456131935120e-03 2.640112070366740227e-03 7.647071965038776398e-03 0.000000000000000000e+00 4.747188650071620941e-03 0.000000000000000000e+00 1.223788131028413773e-03
5.086826626211404800e-03 4.491182975471019745e-03 7.241480518132448196e-03 0.000000000000000000e+00 0.000000000000000000e+00 1.551838591694831848e-02 0.000000000000000000e+00 0.000000000000000000e+00 2.053612377494573593e-03 1.366612128913402557e-02 9.123175404965877533e-03
1.414949540048837662e-02 0.000000000000000000e+00 0.000000000000000000e+00 9.365630336105823517e-03 0.000000000000000000e+00 1.190064195543527603e-02 0.000000000000000000e+00 8.126541040837764740e-03 0.000000000000000000e+00 1.797846867702901363e-03 0.000000000000000000e+00
3.536217263899743557e-05 2.229106612503528595e-04 1.474979217164218426e-04 1.436997263226658106e-04 0.000000000000000000e+00 1.399613538524135947e-04 2.522378781577572227e-05 6.096694960433524102e-06 3.237199780414812267e-05 1.409904507454484701e-04 6.364176515489816666e-04
0.000000000000000000e+00 0.000000000000000000e+00 0.000000000000000000e+00 0.000000000000000000e+00 0.000000000000000000e+00 2.051994204521179199e-03 0.000000000000000000e+00 0.000000000000000000e+00 0.000000000000000000e+00 0.000000000000000000e+00 0.000000000000000000e+00
0.000000000000000000e+00 4.746577702462673187e-03 0.000000000000000000e+00 0.000000000000000000e+00 0.000000000000000000e+00 8.989634923636913300e-03 1.050338335335254669e-02 1.575035043060779572e-02 1.000540703535079956e-02 1.359370909631252289e-02 3.731289179995656013e-03
0.000000000000000000e+00 2.307937713339924812e-03 0.000000000000000000e+00 0.000000000000000000e+00 2.658442128449678421e-03 0.000000000000000000e+00 0.000000000000000000e+00 3.183874767273664474e-03 7.807726040482521057e-03 0.000000000000000000e+00 9.793731151148676872e-04
0.000000000000000000e+00 4.136455710977315903e-03 0.000000000000000000e+00 4.712186346296221018e-04 0.000000000000000000e+00 0.000000000000000000e+00 4.631613381206989288e-03 0.000000000000000000e+00 8.362543769180774689e-03 7.983752526342868805e-03 0.000000000000000000e+00
1.898854039609432220e-02 8.668741211295127869e-03 1.955758593976497650e-02 0.000000000000000000e+00 4.507992789149284363e-02 2.211074577644467354e-03 0.000000000000000000e+00 0.000000000000000000e+00 1.580662280321121216e-02 0.000000000000000000e+00 6.651492323726415634e-03
0.000000000000000000e+00 5.365931201595230959e-07 5.593733021669322625e-06 6.630453981415485032e-07 8.926935151976067573e-06 0.000000000000000000e+00 2.468853836035123095e-06 3.475596486168797128e-06 7.825269676686730236e-07 2.866651129806996323e-06 0.000000000000000000e+00
