0.000000000000000000e+00 0.000000000000000000e+00 0.000000000000000000e+00 0.000000000000000000e+00 0.000000000000000000e+00 0.000000000000000000e+00 0.000000000000000000e+00 8.024504641070961952e-04 1.243107486516237259e-02 0.000000000000000000e+00 0.000000000000000000e+00
1.794142648577690125e-02 0.000000000000000000e+00 1.115117873996496201e-02 0.000000000000000000e+00 0.000000000000000000e+00 0.000000000000000000e+00 4.931413102895021439e-03 0.000000000000000000e+00 0.000000000000000000e+00 0.000000000000000000e+00 0.000000000000000000e+00
8.020005188882350922e-04 9.392235078848898411e-04 0.000000000000000000e+00 1.079063117504119873e-02 1.180738210678100586e-03 3.429230069741606712e-03 4.563571885228157043e-03 0.000000000000000000e+00 1.272500609047710896e-03 6.697911769151687622e-03 9.819460101425647736e-04
6.995659321546554565e-03 0.000000000000000000e+00 0.000000000000000000e+00 0.000000000000000000e+00 7.392751984298229218e-03 0.000000000000000000e+00 0.000000000000000000e+00 7.261199411004781723e-03 5.469521507620811462e-03 1.055606408044695854e-03 0.000000000000000000e+00
1.431977580068632960e-04 1.841405464801937342e-04 1.482857041992247105e-04 2.482353302184492350e-04 0.000000000000000000e+00 3.436315455473959446e-04 6.536461296491324902e-05 1.292891538469120860e-04 6.938189471838995814e-05 2.292818680871278048e-04 4.841168411076068878e-04
0.000000000000000000e+00 0.000000000000000000e+00 0.000000000000000000e+00 0.000000000000000000e+00 0.000000000000000000e+00 0.000000000000000000e+00 0.000000000000000000e+00 0.000000000000000000e+00 0.000000000000000000e+00 0.000000000000000000e+00 0.000000000000000000e+00
8.734986186027526855e-03 6.828461773693561554e-03 0.000000000000000000e+00 0.000000000000000000e+00 0.000000000000000000e+00 9.950555860996246338e-03 3.173263045027852058e-03 6.856989115476608276e-03 2.758153015747666359e-03 7.130793761461973190e-03 8.707823231816291809e-03
0.000000000000000000e+00 0.000000000000000000e+00 0.000000000000000000e+00 0.000000000000000000e+00 1.998411025851964951e-03 0.000000000000000000e+00 0.000000000000000000e+00 0.000000000000000000e+00 9.076645597815513611e-03 6.566090509295463562e-03 0.000000000000000000e+00
3.419114276766777039e-03 6.143069826066493988e-03 8.603710448369383812e-04 0.000000000000000000e+00 1.471467694500461221e-04 0.000000000000000000e+00 9.992056526243686676e-03 0.000000000000000000e+00 1.816446310840547085e-03 7.917503826320171356e-03 1.812658039852976799e-03
8.902871049940586090e-03 4.403247963637113571e-03 4.041407257318496704e-03 2.206832868978381157e-03 2.822940051555633545e-02 0.000000000000000000e+00 7.836488075554370880e-03 0.000000000000000000e+00 1.033062115311622620e-02 1.434248755685985088e-03 5.786291323602199554e-03
0.000000000000000000e+00 0.000000000000000000e+00 3.680613644974073395e-06 4.984686370335111860e-07 4.927347163174999878e-06 0.000000000000000000e+00 2.409116177659598179e-06 2.023198931055958383e-06 0.000000000000000000e+00 5.205063757784955669e-07 0.000000000000000000e+00
