7.197109699249267578e+00 5.766769027709960938e+01 6.531608581542968750e+01 7.983554840087890625e+00 5.571030825376510620e-02 9.079108834266662598e-01 6.331044769287109375e+01 7.707532501220703125e+01 7.190383148193359375e+01 6.440077209472656250e+01 8.644804000854492188e+00
1.167957226562500000e+04 1.836990722656250000e+03 4.782931250000000000e+04 1.912465625000000000e+04 9.932905883789062500e+02 3.891249609375000000e+04 9.111964843750000000e+03 1.747341156005859375e+02 1.455700778961181641e+01 3.643937500000000000e+04 3.669167968750000000e+04
2.885437011718750000e+02 6.941143750000000000e+04 1.156878173828125000e+03 3.188240722656250000e+03 2.834950390625000000e+04 1.400269531250000000e+05 8.724784375000000000e+04 1.897396484375000000e+04 2.840091406250000000e+04 1.637589843750000000e+04 4.990199089050292969e+00
3.017994726562500000e+04 1.249870181083679199e+00 5.003221511840820312e+00 1.889899804687500000e+04 1.062995117187500000e+03 2.335228906250000000e+04 1.116596582031250000e+04 2.464064453125000000e+04 6.438958740234375000e+02 1.099831819534301758e+00 2.546705007553100586e+00
4.860357666015625000e+01 7.137448120117187500e+01 3.177531242370605469e+01 3.645666503906250000e+01 0.000000000000000000e+00 2.679931259155273438e+01 2.329447937011718750e+01 9.147489547729492188e+00 2.281805038452148438e+01 4.864164352416992188e+01 1.117306671142578125e+02
0.000000000000000000e+00 0.000000000000000000e+00 0.000000000000000000e+00 0.000000000000000000e+00 0.000000000000000000e+00 0.000000000000000000e+00 0.000000000000000000e+00 0.000000000000000000e+00 0.000000000000000000e+00 0.000000000000000000e+00 2.042371940612792969e+01
7.155891601562500000e+03 1.207878417968750000e+04 3.533042192459106445e+00 5.871294921875000000e+03 1.733945007324218750e+02 1.784604125976562500e+03 1.003358203125000000e+04 3.289793701171875000e+02 1.879861816406250000e+03 2.275949609375000000e+04 8.564439453125000000e+03
2.736462420216412283e-06 2.735522656250000000e+04 2.649565429687500000e+04 8.329869140625000000e+03 2.552399169921875000e+03 1.297987182617187500e+03 9.012800903320312500e+02 3.894669140625000000e+04 3.442512890625000000e+04 2.112042578125000000e+04 1.581364135742187500e+02
5.237932503223419189e-02 6.379274414062500000e+03 5.562146759033203125e+01 5.010898437500000000e+04 2.210707187652587891e+00 4.789740600585937500e+02 1.494724609375000000e+04 2.777087707519531250e+02 8.281871093750000000e+03 1.072236523437500000e+04 9.220383789062500000e+03
0.000000000000000000e+00 0.000000000000000000e+00 0.000000000000000000e+00 0.000000000000000000e+00 1.232031097412109375e+02 0.000000000000000000e+00 0.000000000000000000e+00 0.000000000000000000e+00 0.000000000000000000e+00 0.000000000000000000e+00 3.344237047713249922e-04
0.000000000000000000e+00 5.469081806950271130e-04 4.114964902400970459e-01 3.649854079412762076e-06 3.966919779777526855e-01 0.000000000000000000e+00 3.861366622004425153e-07 1.656530499458312988e-01 0.000000000000000000e+00 2.615119218826293945e-01 1.999555479414993897e-06
