0.000000000000000000e+00 0.000000000000000000e+00 5.811015143990516663e-04 0.000000000000000000e+00 0.000000000000000000e+00 0.000000000000000000e+00 2.573667326942086220e-03 2.245493931695818901e-03 5.839897785335779190e-04 0.000000000000000000e+00 0.000000000000000000e+00
2.557741943746805191e-03 0.000000000000000000e+00 3.133772173896431923e-03 2.301790984347462654e-03 0.000000000000000000e+00 0.000000000000000000e+00 0.000000000000000000e+00 0.000000000000000000e+00 2.156682894565165043e-04 0.000000000000000000e+00 0.000000000000000000e+00
0.000000000000000000e+00 1.564893638715147972e-03 1.056542620062828064e-03 0.000000000000000000e+00 2.726998180150985718e-03 1.285464735701680183e-03 7.986132914084009826e-06 0.000000000000000000e+00 9.677144116722047329e-04 4.565006587654352188e-03 8.414660114794969559e-04
4.487352445721626282e-03 0.000000000000000000e+00 6.351844058372080326e-05 0.000000000000000000e+00 8.446472347714006901e-04 0.000000000000000000e+00 0.000000000000000000e+00 2.269195625558495522e-03 5.057895905338227749e-04 1.808026456274092197e-03 0.000000000000000000e+00
1.490277554694330320e-05 7.833723793737590313e-05 1.313839020440354943e-04 1.148576848208904266e-04 0.000000000000000000e+00 4.563432230497710407e-05 1.027154066832736135e-04 3.165551970596425235e-05 9.764514834387227893e-05 1.742853783071041107e-04 3.536010917741805315e-04
0.000000000000000000e+00 0.000000000000000000e+00 2.826060401275753975e-03 0.000000000000000000e+00 0.000000000000000000e+00 1.243832334876060486e-02 2.243967464892193675e-04 0.000000000000000000e+00 4.152115070610307157e-05 3.004485042765736580e-03 1.531522441655397415e-02
3.042706288397312164e-03 7.263757870532572269e-04 9.211809956468641758e-04 0.000000000000000000e+00 1.262164791114628315e-03 2.376631833612918854e-03 5.218057194724678993e-04 3.305795369669795036e-03 3.206609515473246574e-03 2.484499709680676460e-03 1.482071354985237122e-03
0.000000000000000000e+00 0.000000000000000000e+00 0.000000000000000000e+00 0.000000000000000000e+00 1.554321963340044022e-03 0.000000000000000000e+00 3.545974323060363531e-04 0.000000000000000000e+00 5.369011778384447098e-04 0.000000000000000000e+00 2.459504175931215286e-04
2.742198994383215904e-04 2.968938555568456650e-03 1.429808209650218487e-03 0.000000000000000000e+00 0.000000000000000000e+00 0.000000000000000000e+00 8.240116294473409653e-04 0.000000000000000000e+00 1.259357552044093609e-03 1.603482989594340324e-03 1.603381591849029064e-03
1.901579089462757111e-03 1.014280249364674091e-03 5.714693572372198105e-03 0.000000000000000000e+00 1.286524906754493713e-02 0.000000000000000000e+00 0.000000000000000000e+00 0.000000000000000000e+00 4.123591817915439606e-03 0.000000000000000000e+00 2.248300472274422646e-03
0.000000000000000000e+00 0.000000000000000000e+00 1.773940653038152959e-06 9.219655225933820475e-07 4.104358140466501936e-06 0.000000000000000000e+00 9.712475730339065194e-07 1.618798705749213696e-06 1.979955470687855268e-07 7.282501996996870730e-07 0.000000000000000000e+00
