0.000000000000000000e+00 0.000000000000000000e+00 1.860855845734477043e-04 0.000000000000000000e+00 0.000000000000000000e+00 0.000000000000000000e+00 0.000000000000000000e+00 1.038007903844118118e-03 3.068107878789305687e-03 0.000000000000000000e+00 0.000000000000000000e+00
6.908972747623920441e-03 0.000000000000000000e+00 4.580235108733177185e-03 4.773355554789304733e-03 0.000000000000000000e+00 0.000000000000000000e+00 6.159070413559675217e-03 0.000000000000000000e+00 3.329563885927200317e-03 0.000000000000000000e+00 0.000000000000000000e+00
0.000000000000000000e+00 6.503160111606121063e-04 0.000000000000000000e+00 6.706760032102465630e-04 0.000000000000000000e+00 4.983766935765743256e-03 0.000000000000000000e+00 4.100231453776359558e-04 7.956474088132381439e-03 5.097640212625265121e-03 0.000000000000000000e+00
1.035843882709741592e-02 0.000000000000000000e+00 0.000000000000000000e+00 0.000000000000000000e+00 6.552791222929954529e-03 0.000000000000000000e+00 0.000000000000000000e+00 5.530874244868755341e-03 6.101213148212991655e-05 5.947818281129002571e-04 0.000000000000000000e+00
9.441496331419330090e-06 6.519831367768347263e-05 1.102825408452190459e-04 5.728012547479011118e-05 5.293955920339377119e-23 1.565403945278376341e-04 1.023665208776947111e-05 0.000000000000000000e+00 3.152836870867758989e-05 1.494564057793468237e-04 3.539473400451242924e-04
0.000000000000000000e+00 0.000000000000000000e+00 0.000000000000000000e+00 0.000000000000000000e+00 0.000000000000000000e+00 2.004830166697502136e-03 0.000000000000000000e+00 0.000000000000000000e+00 0.000000000000000000e+00 0.000000000000000000e+00 0.000000000000000000e+00
2.581245964393019676e-03 9.261911734938621521e-03 2.064323518425226212e-03 0.000000000000000000e+00 0.000000000000000000e+00 1.984970178455114365e-03 9.226850233972072601e-03 2.529227058403193951e-04 0.000000000000000000e+00 2.595502650365233421e-03 3.953298553824424744e-03
0.000000000000000000e+00 0.000000000000000000e+00 0.000000000000000000e+00 1.784570980817079544e-03 2.551564248278737068e-03 5.363797303289175034e-03 0.000000000000000000e+00 0.000000000000000000e+00 1.631926163099706173e-03 2.674583811312913895e-03 4.198061651550233364e-04
0.000000000000000000e+00 8.918881416320800781e-03 2.349209680687636137e-04 0.000000000000000000e+00 0.000000000000000000e+00 0.000000000000000000e+00 2.818116685375571251e-03 1.777172088623046875e-03 0.000000000000000000e+00 6.509100086987018585e-03 0.000000000000000000e+00
6.183937657624483109e-03 9.390817023813724518e-03 7.891416549682617188e-03 0.000000000000000000e+00 2.000468969345092773e-02 1.630075275897979736e-03 0.000000000000000000e+00 5.602831370197236538e-04 5.523625761270523071e-03 0.000000000000000000e+00 3.931199666112661362e-03
0.000000000000000000e+00 0.000000000000000000e+00 4.719242951978230849e-06 0.000000000000000000e+00 1.390767010889248922e-05 0.000000000000000000e+00 1.805717943170748185e-06 4.072338015248533338e-06 0.000000000000000000e+00 2.922355861301184632e-06 0.000000000000000000e+00
