0.000000000000000000e+00 1.651717320783063769e-04 1.137026818469166756e-03 0.000000000000000000e+00 0.000000000000000000e+00 0.000000000000000000e+00 3.986480180174112320e-03 5.384503398090600967e-03 4.090989474207162857e-03 0.000000000000000000e+00 0.000000000000000000e+00
3.580102697014808655e-03 0.000000000000000000e+00 2.773700747638940811e-03 8.609728538431227207e-04 0.000000000000000000e+00 0.000000000000000000e+00 2.946575172245502472e-03 0.000000000000000000e+00 0.000000000000000000e+00 0.000000000000000000e+00 0.000000000000000000e+00
0.000000000000000000e+00 0.000000000000000000e+00 5.141943227499723434e-03 1.686576404608786106e-03 0.000000000000000000e+00 4.897912149317562580e-04 0.000000000000000000e+00 0.000000000000000000e+00 0.000000000000000000e+00 5.529836285859346390e-03 0.000000000000000000e+00
3.093059407547116280e-03 0.000000000000000000e+00 1.560774515382945538e-03 0.000000000000000000e+00 4.787707701325416565e-03 0.000000000000000000e+00 6.701578386127948761e-03 4.042150918394327164e-03 5.106667988002300262e-03 5.957512767054140568e-04 0.000000000000000000e+00
0.000000000000000000e+00 1.486878172727301717e-04 9.869903442449867725e-05 8.881788380676880479e-05 0.000000000000000000e+00 5.495651203091256320e-05 1.084634568542242050e-04 1.207822879223385826e-05 3.642732553998939693e-05 1.861684140749275684e-04 3.224477695766836405e-04
0.000000000000000000e+00 0.000000000000000000e+00 2.008354291319847107e-03 0.000000000000000000e+00 0.000000000000000000e+00 2.063407562673091888e-02 0.000000000000000000e+00 0.000000000000000000e+00 0.000000000000000000e+00 9.046185761690139771e-03 2.712754905223846436e-02
3.861057804897427559e-03 0.000000000000000000e+00 5.251417169347405434e-04 0.000000000000000000e+00 0.000000000000000000e+00 5.613400135189294815e-03 2.182997064664959908e-03 6.554356776177883148e-03 2.493442269042134285e-03 5.354885011911392212e-03 3.819253528490662575e-03
0.000000000000000000e+00 0.000000000000000000e+00 0.000000000000000000e+00 2.077877521514892578e-03 6.186242215335369110e-03 2.798713743686676025e-03 0.000000000000000000e+00 0.000000000000000000e+00 6.015565246343612671e-03 0.000000000000000000e+00 0.000000000000000000e+00
0.000000000000000000e+00 6.379447411745786667e-03 0.000000000000000000e+00 2.240420551970601082e-03 0.000000000000000000e+00 0.000000000000000000e+00 0.000000000000000000e+00 0.000000000000000000e+00 2.366519533097743988e-03 0.000000000000000000e+00 1.110668526962399483e-03
6.086296401917934418e-03 1.780487247742712498e-03 5.276003852486610413e-03 0.000000000000000000e+00 2.006637677550315857e-02 0.000000000000000000e+00 0.000000000000000000e+00 0.000000000000000000e+00 3.127290168777108192e-03 0.000000000000000000e+00 4.810384474694728851e-03
0.000000000000000000e+00 0.000000000000000000e+00 3.143325386645301478e-07 0.000000000000000000e+00 3.239955049139098264e-06 0.000000000000000000e+00 6.098654381503365585e-08 6.083979542381712236e-07 0.000000000000000000e+00 6.135207968327449635e-07 0.000000000000000000e+00
