0.000000000000000000e+00 0.000000000000000000e+00 0.000000000000000000e+00 0.000000000000000000e+00 0.000000000000000000e+00 0.000000000000000000e+00 2.234776969999074936e-03 0.000000000000000000e+00 4.765507765114307404e-03 0.000000000000000000e+00 0.000000000000000000e+00
3.923819866031408310e-03 0.000000000000000000e+00 4.390052985399961472e-03 0.000000000000000000e+00 7.167121511884033680e-04 0.000000000000000000e+00 6.147173233330249786e-03 0.000000000000000000e+00 1.647830824367702007e-03 0.000000000000000000e+00 0.000000000000000000e+00
0.000000000000000000e+00 2.987345214933156967e-03 2.404137980192899704e-03 3.350358456373214722e-03 6.181125529110431671e-03 2.025423804298043251e-03 5.452407989650964737e-03 0.000000000000000000e+00 0.000000000000000000e+00 7.279074634425342083e-04 7.362234755419194698e-04
7.949086837470531464e-03 1.606166129931807518e-03 3.439614316448569298e-03 2.020870488195214421e-05 3.301089163869619370e-04 0.000000000000000000e+00 0.000000000000000000e+00 5.496802739799022675e-03 2.676511183381080627e-03 3.877340815961360931e-03 0.000000000000000000e+00
5.065197183284908533e-05 7.784709305269643664e-05 1.525664702057838440e-04 9.149167453870177269e-05 0.000000000000000000e+00 9.163827053271234035e-05 6.266872514970600605e-05 6.543812196468934417e-05 1.510032452642917633e-04 1.723570021567866206e-04 4.982121754437685013e-04
0.000000000000000000e+00 6.552989128977060318e-03 8.558179251849651337e-03 8.710555266588926315e-04 0.000000000000000000e+00 1.967380195856094360e-02 0.000000000000000000e+00 0.000000000000000000e+00 0.000000000000000000e+00 4.020414780825376511e-03 2.294524013996124268e-02
2.941499929875135422e-03 3.504314925521612167e-03 0.000000000000000000e+00 5.359310656785964966e-03 0.000000000000000000e+00 3.619710681959986687e-03 0.000000000000000000e+00 2.415321767330169678e-03 1.377554959617555141e-03 3.993737846030853689e-05 0.000000000000000000e+00
0.000000000000000000e+00 1.482627587392926216e-03 0.000000000000000000e+00 0.000000000000000000e+00 3.847745480015873909e-03 4.445152590051293373e-04 6.694486946798861027e-04 4.250016529113054276e-03 2.145440550521016121e-03 0.000000000000000000e+00 0.000000000000000000e+00
0.000000000000000000e+00 1.566613093018531799e-03 6.712682079523801804e-03 0.000000000000000000e+00 0.000000000000000000e+00 0.000000000000000000e+00 4.895056597888469696e-03 0.000000000000000000e+00 0.000000000000000000e+00 1.441714819520711899e-03 1.888594240881502628e-03
3.797995159402489662e-03 0.000000000000000000e+00 7.670247461646795273e-03 0.000000000000000000e+00 2.273248322308063507e-02 0.000000000000000000e+00 0.000000000000000000e+00 0.000000000000000000e+00 8.389687165617942810e-03 4.853023216128349304e-03 9.042058140039443970e-03
0.000000000000000000e+00 0.000000000000000000e+00 4.177197297394741327e-06 2.652577450135140680e-06 6.133694569143699482e-06 0.000000000000000000e+00 4.409750147260638187e-07 2.644754658831516281e-06 1.354937126052391250e-06 1.891562419586989563e-06 0.000000000000000000e+00
