0.000000000000000000e+00 0.000000000000000000e+00 0.000000000000000000e+00 0.000000000000000000e+00 0.000000000000000000e+00 0.000000000000000000e+00 0.000000000000000000e+00 0.000000000000000000e+00 0.000000000000000000e+00 0.000000000000000000e+00 0.000000000000000000e+00
1.855044811964035034e-02 0.000000000000000000e+00 9.590168483555316925e-03 9.827292524278163910e-03 0.000000000000000000e+00 0.000000000000000000e+00 0.000000000000000000e+00 2.297412836924195290e-03 6.321120308712124825e-04 0.000000000000000000e+00 1.652655191719532013e-03
8.109015412628650665e-03 8.042366243898868561e-03 5.109447985887527466e-03 0.000000000000000000e+00 0.000000000000000000e+00 1.160385087132453918e-02 0.000000000000000000e+00 0.000000000000000000e+00 8.143595419824123383e-03 1.979757659137248993e-02 0.000000000000000000e+00
4.058564547449350357e-03 0.000000000000000000e+00 0.000000000000000000e+00 0.000000000000000000e+00 1.192444004118442535e-02 0.000000000000000000e+00 7.854463532567024231e-03 8.532410487532615662e-03 0.000000000000000000e+00 2.275510196341201663e-04 4.053561482578516006e-03
0.000000000000000000e+00 2.009814343182370067e-04 1.252843794645741582e-04 3.170839772792533040e-05 0.000000000000000000e+00 1.975678314920514822e-04 2.448754457873292267e-05 0.000000000000000000e+00 1.030896019074134529e-04 1.672813086770474911e-04 6.062300526537001133e-04
0.000000000000000000e+00 0.000000000000000000e+00 0.000000000000000000e+00 0.000000000000000000e+00 0.000000000000000000e+00 1.295652240514755249e-03 0.000000000000000000e+00 0.000000000000000000e+00 0.000000000000000000e+00 0.000000000000000000e+00 0.000000000000000000e+00
9.628275409340858459e-03 6.668553687632083893e-03 0.000000000000000000e+00 1.300568226724863052e-03 0.000000000000000000e+00 0.000000000000000000e+00 1.360424235463142395e-02 7.933591492474079132e-03 5.855178926140069962e-03 5.845476407557725906e-03 7.259562611579895020e-03
0.000000000000000000e+00 6.165773607790470123e-03 0.000000000000000000e+00 3.208779729902744293e-03 0.000000000000000000e+00 0.000000000000000000e+00 3.460286883637309074e-03 0.000000000000000000e+00 2.522765658795833588e-02 5.724112852476537228e-04 1.211380399763584137e-02
0.000000000000000000e+00 8.427117951214313507e-03 0.000000000000000000e+00 2.143265679478645325e-03 0.000000000000000000e+00 0.000000000000000000e+00 0.000000000000000000e+00 0.000000000000000000e+00 0.000000000000000000e+00 7.485953625291585922e-03 8.489069528877735138e-03
1.564070116728544235e-03 0.000000000000000000e+00 1.365841925144195557e-02 0.000000000000000000e+00 5.000962689518928528e-02 0.000000000000000000e+00 0.000000000000000000e+00 4.677110351622104645e-03 5.526418332010507584e-03 0.000000000000000000e+00 9.552692063152790070e-03
0.000000000000000000e+00 1.215869218640364124e-07 6.014250629959860817e-06 1.368903554066491779e-06 7.669506885576993227e-06 0.000000000000000000e+00 3.209873057130607776e-06 2.421714953015907668e-06 5.163626610737992451e-06 5.810367383674019948e-06 0.000000000000000000e+00
