0.000000000000000000e+00 1.135061120294267312e-05 0.000000000000000000e+00 0.000000000000000000e+00 0.000000000000000000e+00 0.000000000000000000e+00 7.845262065529823303e-03 0.000000000000000000e+00 2.012342680245637894e-03 0.000000000000000000e+00 0.000000000000000000e+00
1.210936345160007477e-03 0.000000000000000000e+00 6.427531130611896515e-03 2.106042578816413879e-03 1.582964556291699409e-03 0.000000000000000000e+00 2.542234688007738441e-05 0.000000000000000000e+00 0.000000000000000000e+00 0.000000000000000000e+00 3.691019257530570030e-03
1.968407887034118176e-04 6.859265733510255814e-03 5.660158931277692318e-04 0.000000000000000000e+00 0.000000000000000000e+00 7.073648273944854736e-03 1.458176225423812866e-02 0.000000000000000000e+00 2.756415924523025751e-04 3.877456299960613251e-03 0.000000000000000000e+00
5.608698818832635880e-03 0.000000000000000000e+00 0.000000000000000000e+00 1.137676183134317398e-02 0.000000000000000000e+00 0.000000000000000000e+00 0.000000000000000000e+00 2.322894986718893051e-03 0.000000000000000000e+00 1.878342404961585999e-02 0.000000000000000000e+00
0.000000000000000000e+00 4.994470509700477123e-04 6.748926243744790554e-04 1.315573717874940485e-05 0.000000000000000000e+00 1.184682623716071248e-04 1.775221026036888361e-04 3.171829157508909702e-04 3.816394892055541277e-04 2.351929870201274753e-04 1.611242070794105530e-03
0.000000000000000000e+00 0.000000000000000000e+00 0.000000000000000000e+00 0.000000000000000000e+00 0.000000000000000000e+00 1.973688602447509766e-03 0.000000000000000000e+00 0.000000000000000000e+00 0.000000000000000000e+00 0.000000000000000000e+00 0.000000000000000000e+00
1.197352167218923569e-02 0.000000000000000000e+00 0.000000000000000000e+00 6.112535018473863602e-03 0.000000000000000000e+00 4.798700101673603058e-04 0.000000000000000000e+00 2.787917619571089745e-03 7.571190595626831055e-03 2.256502863019704819e-03 0.000000000000000000e+00
0.000000000000000000e+00 6.962268147617578506e-03 5.700573092326521873e-04 0.000000000000000000e+00 0.000000000000000000e+00 0.000000000000000000e+00 0.000000000000000000e+00 6.958778016269207001e-03 9.209631942212581635e-03 0.000000000000000000e+00 0.000000000000000000e+00
0.000000000000000000e+00 0.000000000000000000e+00 0.000000000000000000e+00 0.000000000000000000e+00 0.000000000000000000e+00 0.000000000000000000e+00 7.607998326420783997e-03 0.000000000000000000e+00 6.395603530108928680e-03 0.000000000000000000e+00 7.003076374530792236e-03
9.137252345681190491e-03 0.000000000000000000e+00 1.534686889499425888e-02 1.010932843200862408e-03 5.062241107225418091e-02 0.000000000000000000e+00 0.000000000000000000e+00 2.610299969092011452e-03 5.036716815084218979e-03 0.000000000000000000e+00 1.146751176565885544e-02
0.000000000000000000e+00 0.000000000000000000e+00 2.091542955895420164e-05 1.612564574315911159e-06 2.949183544842526317e-05 0.000000000000000000e+00 0.000000000000000000e+00 1.711802906356751919e-05 7.560597623523790389e-06 1.580155912961345166e-05 0.000000000000000000e+00
