0.000000000000000000e+00 1.039383773803710938e+02 1.739674186706542969e+01 0.000000000000000000e+00 0.000000000000000000e+00 0.000000000000000000e+00 1.477324804687500000e+04 2.025512237548828125e+02 4.148811718750000000e+04 2.899590015411376953e+00 0.000000000000000000e+00
1.855056152343750000e+03 9.779604492187500000e+03 3.696954687500000000e+04 2.170325976562500000e+04 1.291851171875000000e+04 1.052028894424438477e+00 3.560407812500000000e+04 1.295893859863281250e+02 8.058010101318359375e+00 6.809580230712890625e+01 3.778391015625000000e+04
1.293336334228515625e+02 2.190240468750000000e+05 7.949551562500000000e+04 1.839256562500000000e+05 1.557067500000000000e+05 3.336110937500000000e+05 1.994064687500000000e+05 1.176710390625000000e+05 1.925450625000000000e+05 9.168482812500000000e+04 1.460449375000000000e+05
1.650808007812500000e+04 1.054370784759521484e+01 5.595473766326904297e+00 3.195280468750000000e+04 9.348513793945312500e+01 2.996493530273437500e+01 1.638114318847656250e+02 2.314328320312500000e+04 1.078217968750000000e+04 2.142722070312500000e+04 1.868734741210937500e+02
5.880113601684570312e+00 1.216605091094970703e+01 4.540134429931640625e+00 7.379548549652099609e-01 0.000000000000000000e+00 1.414607524871826172e+00 8.918128609657287598e-01 2.048765718936920166e-01 4.269886910915374756e-01 1.120473003387451172e+01 3.831361007690429688e+01
0.000000000000000000e+00 0.000000000000000000e+00 0.000000000000000000e+00 0.000000000000000000e+00 0.000000000000000000e+00 3.630336868809536099e-05 0.000000000000000000e+00 0.000000000000000000e+00 0.000000000000000000e+00 0.000000000000000000e+00 5.828635039506480098e-06
9.192374023437500000e+03 2.359105664062500000e+04 2.676082253456115723e-01 1.846585937500000000e+04 0.000000000000000000e+00 7.461396972656250000e+03 4.457514160156250000e+03 6.736028939485549927e-02 1.656395263671875000e+02 2.588716796875000000e+03 9.094588867187500000e+03
0.000000000000000000e+00 5.569763183593750000e+00 2.407435351562500000e+04 2.744919776916503906e+01 9.583163085937500000e+03 1.186850070953369141e+00 1.468137359619140625e+01 1.356519433593750000e+04 1.272577743530273438e+02 1.552896797657012939e-01 6.362086534500122070e-02
2.318894118070602417e-02 1.029849121093750000e+03 1.924587109375000000e+04 1.020823974609375000e+03 2.063565625000000000e+04 1.011635894775390625e+02 3.309598828125000000e+04 2.216794967651367188e+00 1.664270703125000000e+04 3.018434570312500000e+03 2.091583099365234375e+02
0.000000000000000000e+00 0.000000000000000000e+00 0.000000000000000000e+00 0.000000000000000000e+00 2.360628700256347656e+01 0.000000000000000000e+00 0.000000000000000000e+00 0.000000000000000000e+00 0.000000000000000000e+00 0.000000000000000000e+00 0.000000000000000000e+00
0.000000000000000000e+00 3.140209708362817764e-03 1.769674569368362427e-01 1.162766920970170759e-06 2.921251058578491211e-01 0.000000000000000000e+00 1.606198959052562714e-02 7.221458852291107178e-02 4.994336677555111237e-07 9.455026686191558838e-02 3.672723210002004635e-07
