0.000000000000000000e+00 1.009154129028320312e+01 5.292102050781250000e+03 0.000000000000000000e+00 0.000000000000000000e+00 0.000000000000000000e+00 3.431233154296875000e+03 3.764709228515625000e+03 1.080954837799072266e+01 8.522930908203125000e+02 0.000000000000000000e+00
2.296230468750000000e+03 0.000000000000000000e+00 2.191226806640625000e+03 3.582766113281250000e+03 4.837360839843750000e+03 2.232537746429443359e+00 2.064034461975097656e+00 6.350860348902642727e-05 9.550687670707702637e-01 1.314342212677001953e+01 4.180894531250000000e+03
2.020391464233398438e+01 1.155219554901123047e+00 0.000000000000000000e+00 6.464348754882812500e+02 0.000000000000000000e+00 4.854538879394531250e+02 7.742684326171875000e+02 6.106727141741430387e-07 1.638794183731079102e+00 2.472192382812500000e+01 1.876556873321533203e+00
1.072736816406250000e+03 1.672782592773437500e+02 5.535018281079828739e-04 1.578613769531250000e+03 4.196783752441406250e+02 8.898059082031250000e+01 8.738396453857421875e+01 1.917413635253906250e+02 5.478121948242187500e+01 1.898842630907893181e-03 1.208005523681640625e+01
2.688292264938354492e-01 5.966171026229858398e-01 2.609242796897888184e-01 1.458746194839477539e+00 0.000000000000000000e+00 2.553610801696777344e-01 1.252953290939331055e+00 8.958547562360763550e-02 2.267142059281468391e-03 9.108524322509765625e-01 2.522431612014770508e+00
0.000000000000000000e+00 0.000000000000000000e+00 0.000000000000000000e+00 0.000000000000000000e+00 0.000000000000000000e+00 0.000000000000000000e+00 0.000000000000000000e+00 0.000000000000000000e+00 0.000000000000000000e+00 0.000000000000000000e+00 2.285992813110351562e+01
2.215931701660156250e+01 7.736575126647949219e+00 1.343435724265873432e-04 7.525610923767089844e+00 6.684653635602444410e-05 5.813739895820617676e-01 1.839067626953125000e+03 3.289197692871093750e+02 9.736417236328125000e+02 3.249632568359375000e+02 7.011303100585937500e+02
0.000000000000000000e+00 1.529846679687500000e+03 4.672539234161376953e+00 6.875279541015625000e+02 4.532368164062500000e+02 2.582583007812500000e+03 3.050041198730468750e+00 3.701603759765625000e+03 3.057963752746582031e+01 4.859575271606445312e+00 3.085807800292968750e+00
0.000000000000000000e+00 3.019014282226562500e+02 1.203470897674560547e+01 5.582306861877441406e+00 2.304065600037574768e-02 8.130276489257812500e+02 1.220113891601562500e+03 3.679438668768852949e-05 1.573949337005615234e+00 7.094807224348187447e-04 3.944885559082031250e+02
0.000000000000000000e+00 0.000000000000000000e+00 0.000000000000000000e+00 0.000000000000000000e+00 2.533660173416137695e+00 0.000000000000000000e+00 0.000000000000000000e+00 0.000000000000000000e+00 0.000000000000000000e+00 0.000000000000000000e+00 1.352107822895050049e-01
0.000000000000000000e+00 4.498941358178853989e-03 2.920159138739109039e-02 1.136332502937875688e-04 3.093529492616653442e-02 0.000000000000000000e+00 1.118637435138225555e-02 7.499905768781900406e-03 0.000000000000000000e+00 2.108970098197460175e-02 1.120448694564402103e-03
