1.531147211790084839e-02 7.037150573730468750e+01 1.009807714843750000e+04 0.000000000000000000e+00 0.000000000000000000e+00 0.000000000000000000e+00 9.773767578125000000e+03 2.050276953125000000e+04 8.885128906250000000e+03 1.042175976562500000e+04 0.000000000000000000e+00
1.271715527343750000e+04 0.000000000000000000e+00 5.512899609375000000e+04 1.579086608886718750e+02 1.955817604064941406e+01 1.616370010375976562e+01 1.090099096298217773e+00 4.595166778564453125e+01 1.450739843750000000e+04 2.198648834228515625e+01 6.361131591796875000e+02
2.527399291992187500e+02 2.522083007812500000e+04 9.376454353332519531e-01 9.473778076171875000e+02 5.937006225585937500e+02 6.405430664062500000e+03 9.568529663085937500e+02 4.535989761352539062e-01 2.481109863281250000e+03 1.091405639648437500e+03 2.931187748908996582e-01
1.909302978515625000e+03 4.662028312683105469e+00 2.218329772949218750e+02 1.058246777343750000e+04 2.290918212890625000e+03 4.231973266601562500e+01 1.476649414062500000e+03 1.137292724609375000e+03 1.860433959960937500e+03 7.629792480468750000e+03 3.339938049316406250e+02
2.547477483749389648e+00 1.072907638549804688e+01 4.594695568084716797e+00 9.329562187194824219e-01 0.000000000000000000e+00 1.981312990188598633e+00 1.076420545578002930e+00 2.864243984222412109e+00 1.787336230278015137e+00 9.100047111511230469e+00 2.144465637207031250e+01
0.000000000000000000e+00 0.000000000000000000e+00 0.000000000000000000e+00 0.000000000000000000e+00 0.000000000000000000e+00 0.000000000000000000e+00 0.000000000000000000e+00 0.000000000000000000e+00 0.000000000000000000e+00 0.000000000000000000e+00 0.000000000000000000e+00
5.517822753906250000e+03 1.059712646484375000e+03 2.179691619873046875e+02 2.302270507812500000e+03 1.998430150251806481e-07 9.539681396484375000e+02 9.277790069580078125e+00 7.641144752502441406e+00 1.736788574218750000e+03 1.125671997070312500e+03 2.106203515625000000e+04
3.652827978134155273e+00 3.489703125000000000e+03 5.995105468750000000e+03 0.000000000000000000e+00 9.087484130859375000e+02 3.921272277832031250e+02 5.477172851562500000e+01 1.497735644531250000e+04 9.269410156250000000e+03 2.594110667705535889e-01 6.397811279296875000e+02
0.000000000000000000e+00 7.622034454345703125e+01 1.269791015625000000e+03 4.078034210205078125e+01 5.652333423495292664e-02 3.818139160156250000e+03 3.996158203125000000e+03 5.649403381347656250e+01 1.148756790161132812e+02 6.399116134643554688e+01 8.582136718750000000e+03
0.000000000000000000e+00 0.000000000000000000e+00 0.000000000000000000e+00 0.000000000000000000e+00 4.076696777343750000e+01 0.000000000000000000e+00 0.000000000000000000e+00 0.000000000000000000e+00 0.000000000000000000e+00 0.000000000000000000e+00 6.779315299354493618e-05
0.000000000000000000e+00 1.517083030194044113e-02 1.783222556114196777e-01 2.502429671585559845e-02 3.328809142112731934e-01 0.000000000000000000e+00 7.814507186412811279e-02 1.672742068767547607e-01 0.000000000000000000e+00 7.892449945211410522e-02 9.959150837346442131e-09
