0.000000000000000000e+00 1.924821166992187500e+02 1.048604101562500000e+04 0.000000000000000000e+00 0.000000000000000000e+00 0.000000000000000000e+00 1.507941650390625000e+03 4.229104492187500000e+03 2.821726074218750000e+03 3.838586730957031250e+02 0.000000000000000000e+00
3.705254150390625000e+03 6.879210704937577248e-04 1.180953857421875000e+03 1.817367578125000000e+04 1.868310937500000000e+04 1.531205859375000000e+04 9.770203125000000000e+03 1.471713574218750000e+04 2.104192187500000000e+04 4.530791015625000000e+04 6.979237792968750000e+03
4.765953063964843750e+01 8.694847869873046875e+01 2.551412442699074745e-03 1.376115844726562500e+03 1.081953735351562500e+02 1.741378515625000000e+04 1.930440673828125000e+03 5.419590950012207031e+00 1.144783401489257812e+01 4.027837646484375000e+03 5.445375442504882812e+00
3.106989746093750000e+03 2.232379882812500000e+03 1.641093015670776367e+00 4.430013183593750000e+03 8.526031250000000000e+03 3.767243408203125000e+03 5.593421875000000000e+03 2.346222167968750000e+03 4.596766601562500000e+03 1.365129687500000000e+04 1.359894726562500000e+04
5.853042984008789062e+01 1.099064865112304688e+02 5.532752609252929688e+01 5.549875259399414062e+01 7.652203930774703622e-05 7.679833984375000000e+01 7.212051391601562500e+01 3.113204765319824219e+01 6.920235443115234375e+01 8.387854003906250000e+01 1.998513336181640625e+02
0.000000000000000000e+00 1.421836547851562500e+02 3.672270202636718750e+01 1.854798889160156250e+01 0.000000000000000000e+00 8.139951171875000000e+03 4.138613891601562500e+01 2.185177505016326904e-01 0.000000000000000000e+00 1.297419261932373047e+01 2.226788476562500000e+04
5.562072753906250000e+02 4.098463439941406250e+02 2.861092376708984375e+01 7.038436279296875000e+02 0.000000000000000000e+00 5.028315429687500000e+03 1.033541992187500000e+03 1.047951049804687500e+02 1.102569335937500000e+04 1.074208300781250000e+04 1.707354296875000000e+04
0.000000000000000000e+00 7.108620117187500000e+03 3.519835510253906250e+02 7.200542837381362915e-02 4.313000390625000000e+04 3.338366406250000000e+04 3.211810067296028137e-02 2.318390039062500000e+04 3.103328906250000000e+04 4.956958007812500000e+02 1.627505187988281250e+02
0.000000000000000000e+00 6.560222656250000000e+03 2.430087402343750000e+03 5.400280380249023438e+01 6.890545133501291275e-03 9.407246093750000000e+03 1.330455566406250000e+03 9.231667518615722656e-01 6.984880981445312500e+02 1.072252636718750000e+04 1.600027954101562500e+03
5.638051033020019531e+00 0.000000000000000000e+00 3.064851379394531250e+02 0.000000000000000000e+00 1.948345312500000000e+04 0.000000000000000000e+00 0.000000000000000000e+00 1.000240561552345753e-03 0.000000000000000000e+00 0.000000000000000000e+00 4.464409179687500000e+03
0.000000000000000000e+00 3.659453359432518482e-04 5.992748737335205078e-01 3.756046295166015625e-01 5.804822444915771484e-01 0.000000000000000000e+00 5.099133253097534180e-01 2.959073781967163086e-01 1.154479650722350925e-05 5.553448200225830078e-01 0.000000000000000000e+00
