0.000000000000000000e+00 5.533589865081012249e-04 7.972483290359377861e-04 0.000000000000000000e+00 0.000000000000000000e+00 0.000000000000000000e+00 1.312489155679941177e-03 2.149970736354589462e-03 6.917516584508121014e-04 0.000000000000000000e+00 0.000000000000000000e+00
2.901129191741347313e-03 0.000000000000000000e+00 1.118263578973710537e-03 0.000000000000000000e+00 0.000000000000000000e+00 0.000000000000000000e+00 0.000000000000000000e+00 0.000000000000000000e+00 0.000000000000000000e+00 0.000000000000000000e+00 0.000000000000000000e+00
0.000000000000000000e+00 3.052719868719577789e-03 0.000000000000000000e+00 0.000000000000000000e+00 0.000000000000000000e+00 4.253569990396499634e-03 1.868662191554903984e-03 0.000000000000000000e+00 0.000000000000000000e+00 1.533004455268383026e-03 0.000000000000000000e+00
3.733279416337609291e-03 0.000000000000000000e+00 0.000000000000000000e+00 1.015072193695232272e-04 0.000000000000000000e+00 1.510188914835453033e-03 0.000000000000000000e+00 2.376804826781153679e-03 1.142072957009077072e-03 6.931124371476471424e-04 0.000000000000000000e+00
2.551319630583748221e-05 9.462759044254198670e-05 7.196547812782227993e-05 5.357780173653736711e-05 0.000000000000000000e+00 4.648815229302272201e-05 6.478154682554304600e-05 4.482419171836227179e-05 5.367808626033365726e-05 7.051570719340816140e-05 1.877813338069245219e-04
0.000000000000000000e+00 3.977415035478770733e-04 2.363940933719277382e-03 0.000000000000000000e+00 0.000000000000000000e+00 9.440797381103038788e-03 9.728351142257452011e-04 5.681350012309849262e-04 0.000000000000000000e+00 3.288746811449527740e-03 1.319064293056726456e-02
8.101500570774078369e-04 0.000000000000000000e+00 0.000000000000000000e+00 2.215026412159204483e-03 0.000000000000000000e+00 3.218971833121031523e-04 0.000000000000000000e+00 0.000000000000000000e+00 2.576597733423113823e-03 2.966239349916577339e-03 0.000000000000000000e+00
0.000000000000000000e+00 9.339735261164605618e-04 2.557460218667984009e-03 0.000000000000000000e+00 0.000000000000000000e+00 0.000000000000000000e+00 0.000000000000000000e+00 0.000000000000000000e+00 0.000000000000000000e+00 0.000000000000000000e+00 0.000000000000000000e+00
0.000000000000000000e+00 1.363724353723227978e-03 1.903409487567842007e-03 1.962143578566610813e-04 0.000000000000000000e+00 3.326509904582053423e-04 0.000000000000000000e+00 0.000000000000000000e+00 4.429003456607460976e-05 5.292489659041166306e-04 1.166372327134013176e-03
1.122993300668895245e-03 1.121945097111165524e-03 4.933002404868602753e-03 0.000000000000000000e+00 1.171673834323883057e-02 0.000000000000000000e+00 0.000000000000000000e+00 0.000000000000000000e+00 2.443698700517416000e-03 0.000000000000000000e+00 1.849998952820897102e-03
0.000000000000000000e+00 0.000000000000000000e+00 7.022996442174189724e-07 1.983089674695293070e-07 1.341612119176716078e-06 0.000000000000000000e+00 2.406638657248549862e-07 8.739987720218778122e-07 0.000000000000000000e+00 6.296962169471953530e-07 0.000000000000000000e+00
