0.000000000000000000e+00 0.000000000000000000e+00 2.278937026858329773e-03 0.000000000000000000e+00 0.000000000000000000e+00 0.000000000000000000e+00 3.182988846674561501e-03 1.034572851494885981e-04 9.372378699481487274e-04 0.000000000000000000e+00 0.000000000000000000e+00
1.800058176741003990e-03 0.000000000000000000e+00 3.921587485820055008e-04 0.000000000000000000e+00 7.826607179595157504e-05 0.000000000000000000e+00 0.000000000000000000e+00 3.434464451856911182e-05 0.000000000000000000e+00 7.596427458338439465e-04 0.000000000000000000e+00
0.000000000000000000e+00 2.122556092217564583e-03 3.320167306810617447e-04 2.315695630386471748e-03 1.196410521515645087e-04 1.347549143247306347e-03 0.000000000000000000e+00 0.000000000000000000e+00 0.000000000000000000e+00 2.518664114177227020e-03 0.000000000000000000e+00
4.369483795017004013e-03 0.000000000000000000e+00 9.519830346107482910e-04 0.000000000000000000e+00 1.651003840379416943e-03 0.000000000000000000e+00 0.000000000000000000e+00 1.318546710535883904e-04 3.529306501150131226e-03 0.000000000000000000e+00 0.000000000000000000e+00
5.030531247030012310e-05 9.770259930519387126e-05 9.676021727500483394e-05 1.180005710921250284e-04 0.000000000000000000e+00 1.103170725400559604e-04 1.992581965168938041e-04 8.126478496706113219e-05 1.091895392164587975e-04 2.462817938067018986e-04 4.487212863750755787e-04
0.000000000000000000e+00 0.000000000000000000e+00 2.592074451968073845e-04 1.854268193710595369e-04 0.000000000000000000e+00 8.351285010576248169e-03 1.500494196079671383e-03 4.070138857059646398e-06 0.000000000000000000e+00 8.011696627363562584e-04 1.471027731895446777e-02
0.000000000000000000e+00 0.000000000000000000e+00 0.000000000000000000e+00 4.514262254815548658e-04 0.000000000000000000e+00 4.033233853988349438e-04 0.000000000000000000e+00 2.798932255245745182e-04 2.577667590230703354e-03 2.613098768051713705e-04 2.056367462500929832e-03
0.000000000000000000e+00 2.618082100525498390e-03 0.000000000000000000e+00 0.000000000000000000e+00 1.931620179675519466e-03 6.758501513104420155e-06 0.000000000000000000e+00 0.000000000000000000e+00 0.000000000000000000e+00 0.000000000000000000e+00 0.000000000000000000e+00
0.000000000000000000e+00 6.616146420128643513e-04 8.674499695189297199e-04 4.558461077976971865e-04 0.000000000000000000e+00 1.734111807309091091e-03 1.312857959419488907e-03 1.224271836690604687e-03 3.046883502975106239e-04 0.000000000000000000e+00 1.695593120530247688e-03
0.000000000000000000e+00 4.973542309016920626e-05 2.429317217320203781e-03 0.000000000000000000e+00 8.021717891097068787e-03 0.000000000000000000e+00 0.000000000000000000e+00 0.000000000000000000e+00 3.151963464915752411e-03 0.000000000000000000e+00 4.750442691147327423e-03
0.000000000000000000e+00 0.000000000000000000e+00 4.176042693870840594e-06 2.491560053385910578e-06 7.813408956280909479e-06 0.000000000000000000e+00 1.504266947449650615e-06 5.563972990785259753e-06 0.000000000000000000e+00 3.339596332807559520e-06 0.000000000000000000e+00
