0.000000000000000000e+00 0.000000000000000000e+00 9.493004763498902321e-04 0.000000000000000000e+00 0.000000000000000000e+00 0.000000000000000000e+00 0.000000000000000000e+00 0.000000000000000000e+00 0.000000000000000000e+00 3.365627722814679146e-03 0.000000000000000000e+00
4.319141153246164322e-03 0.000000000000000000e+00 2.189494203776121140e-03 5.239357124082744122e-04 0.000000000000000000e+00 0.000000000000000000e+00 2.765256445854902267e-03 7.808059453964233398e-04 0.000000000000000000e+00 0.000000000000000000e+00 0.000000000000000000e+00
6.021012086421251297e-04 3.178618615493178368e-03 1.289294217713177204e-03 8.261526934802532196e-03 0.000000000000000000e+00 5.012068431824445724e-04 1.622985000722110271e-03 0.000000000000000000e+00 0.000000000000000000e+00 2.101487014442682266e-03 0.000000000000000000e+00
2.438202733173966408e-03 0.000000000000000000e+00 2.835049293935298920e-03 1.338885864242911339e-03 0.000000000000000000e+00 1.191844232380390167e-03 0.000000000000000000e+00 6.458440329879522324e-03 2.495666500180959702e-03 0.000000000000000000e+00 3.118515014648437500e-04
0.000000000000000000e+00 0.000000000000000000e+00 8.972144132712855935e-05 4.239950430928729475e-05 3.388131789017201356e-21 0.000000000000000000e+00 0.000000000000000000e+00 1.042044605128467083e-04 0.000000000000000000e+00 4.243474904797039926e-05 3.172079450450837612e-04
0.000000000000000000e+00 0.000000000000000000e+00 0.000000000000000000e+00 0.000000000000000000e+00 0.000000000000000000e+00 0.000000000000000000e+00 0.000000000000000000e+00 0.000000000000000000e+00 0.000000000000000000e+00 0.000000000000000000e+00 0.000000000000000000e+00
2.065959386527538300e-03 4.579609259963035583e-03 0.000000000000000000e+00 0.000000000000000000e+00 0.000000000000000000e+00 2.849938755389302969e-04 0.000000000000000000e+00 0.000000000000000000e+00 4.817589651793241501e-03 0.000000000000000000e+00 6.205852841958403587e-04
0.000000000000000000e+00 4.821503069251775742e-03 9.081182361114770174e-05 0.000000000000000000e+00 0.000000000000000000e+00 7.896036840975284576e-04 0.000000000000000000e+00 2.216244349256157875e-03 9.409072808921337128e-04 0.000000000000000000e+00 0.000000000000000000e+00
0.000000000000000000e+00 0.000000000000000000e+00 1.280484721064567566e-03 0.000000000000000000e+00 0.000000000000000000e+00 0.000000000000000000e+00 3.260616213083267212e-03 2.468065940774977207e-04 1.730248914100229740e-03 0.000000000000000000e+00 1.506446395069360733e-03
1.430180855095386505e-04 0.000000000000000000e+00 8.489287458360195160e-03 0.000000000000000000e+00 2.065674401819705963e-02 6.074234843254089355e-04 2.534707018639892340e-04 0.000000000000000000e+00 4.096426535397768021e-03 0.000000000000000000e+00 6.679482758045196533e-03
0.000000000000000000e+00 0.000000000000000000e+00 1.918341752116248244e-07 0.000000000000000000e+00 7.104673841240582988e-06 0.000000000000000000e+00 0.000000000000000000e+00 1.971096935449168086e-06 0.000000000000000000e+00 1.442975644749822095e-06 0.000000000000000000e+00
