0.000000000000000000e+00 0.000000000000000000e+00 7.174109108746051788e-03 0.000000000000000000e+00 0.000000000000000000e+00 0.000000000000000000e+00 0.000000000000000000e+00 4.288821015506982803e-03 0.000000000000000000e+00 1.457456732168793678e-03 0.000000000000000000e+00
6.211727857589721680e-03 0.000000000000000000e+00 1.701658708043396473e-03 0.000000000000000000e+00 0.000000000000000000e+00 0.000000000000000000e+00 1.022520940750837326e-03 1.551150198793038726e-04 0.000000000000000000e+00 4.848801763728260994e-04 0.000000000000000000e+00
0.000000000000000000e+00 5.731694865971803665e-03 0.000000000000000000e+00 0.000000000000000000e+00 3.320375690236687660e-03 5.204293876886367798e-03 0.000000000000000000e+00 0.000000000000000000e+00 0.000000000000000000e+00 2.781154587864875793e-03 1.898722694022580981e-04
5.930570885539054871e-03 0.000000000000000000e+00 2.201082184910774231e-03 0.000000000000000000e+00 3.841966157779097557e-03 0.000000000000000000e+00 4.272908437997102737e-03 4.493983462452888489e-03 3.142994828522205353e-03 0.000000000000000000e+00 0.000000000000000000e+00
9.622861398383975029e-05 1.053465966833755374e-04 5.182935638003982604e-05 8.330067794304341078e-05 0.000000000000000000e+00 9.194274753099307418e-05 1.281309669138863683e-04 4.024219742859713733e-05 7.037268369458615780e-05 1.756175042828544974e-04 2.307251270394772291e-04
0.000000000000000000e+00 0.000000000000000000e+00 1.272757537662982941e-03 1.044877339154481888e-03 0.000000000000000000e+00 1.732436195015907288e-02 3.026851918548345566e-03 0.000000000000000000e+00 0.000000000000000000e+00 4.982035141438245773e-03 2.109472267329692841e-02
0.000000000000000000e+00 0.000000000000000000e+00 4.235912580043077469e-03 2.864890964701771736e-03 4.656969395000487566e-04 2.724573714658617973e-03 3.784556640312075615e-03 5.631843232549726963e-04 1.143388089985819533e-05 2.268742071464657784e-03 1.868087449111044407e-03
0.000000000000000000e+00 2.641530940309166908e-03 8.475435315631330013e-04 0.000000000000000000e+00 7.641523261554539204e-04 1.757793594151735306e-03 0.000000000000000000e+00 0.000000000000000000e+00 0.000000000000000000e+00 0.000000000000000000e+00 0.000000000000000000e+00
5.119325360283255577e-04 0.000000000000000000e+00 0.000000000000000000e+00 0.000000000000000000e+00 0.000000000000000000e+00 5.715338047593832016e-03 2.150971675291657448e-03 6.177773466333746910e-04 0.000000000000000000e+00 0.000000000000000000e+00 1.856510061770677567e-03
1.330767525359988213e-03 6.627941038459539413e-04 2.358151599764823914e-03 0.000000000000000000e+00 1.492834743112325668e-02 0.000000000000000000e+00 0.000000000000000000e+00 0.000000000000000000e+00 2.235491760075092316e-03 0.000000000000000000e+00 9.016429074108600616e-03
0.000000000000000000e+00 0.000000000000000000e+00 1.136013452196493745e-06 1.155627387561253272e-06 1.765068532222358044e-06 0.000000000000000000e+00 0.000000000000000000e+00 1.619080990167276468e-06 0.000000000000000000e+00 1.087304667635180522e-06 0.000000000000000000e+00
