0.000000000000000000e+00 5.352259613573551178e-04 0.000000000000000000e+00 0.000000000000000000e+00 0.000000000000000000e+00 0.000000000000000000e+00 3.225496504455804825e-03 4.021411761641502380e-03 0.000000000000000000e+00 0.000000000000000000e+00 0.000000000000000000e+00
4.070269409567117691e-03 0.000000000000000000e+00 7.118108915165066719e-04 6.103290361352264881e-04 0.000000000000000000e+00 0.000000000000000000e+00 0.000000000000000000e+00 0.000000000000000000e+00 0.000000000000000000e+00 0.000000000000000000e+00 0.000000000000000000e+00
0.000000000000000000e+00 0.000000000000000000e+00 4.069092683494091034e-03 0.000000000000000000e+00 0.000000000000000000e+00 5.460374522954225540e-03 6.486563943326473236e-03 0.000000000000000000e+00 0.000000000000000000e+00 0.000000000000000000e+00 0.000000000000000000e+00
5.083757918328046799e-03 2.152078319340944290e-03 0.000000000000000000e+00 2.192240674048662186e-03 0.000000000000000000e+00 0.000000000000000000e+00 2.744253259152173996e-03 9.045602055266499519e-04 5.060832481831312180e-03 0.000000000000000000e+00 0.000000000000000000e+00
0.000000000000000000e+00 3.341772753628902137e-05 2.114744165737647563e-05 3.260903758928179741e-05 0.000000000000000000e+00 6.294049671851098537e-05 6.242383824428543448e-05 4.195104338577948511e-05 3.497153011267073452e-05 4.645986700779758394e-05 2.213955740444362164e-04
0.000000000000000000e+00 1.307075726799666882e-03 4.984374158084392548e-03 0.000000000000000000e+00 0.000000000000000000e+00 1.645814068615436554e-02 0.000000000000000000e+00 0.000000000000000000e+00 0.000000000000000000e+00 4.668156616389751434e-03 2.737305872142314911e-02
6.273450562730431557e-04 1.988112693652510643e-03 0.000000000000000000e+00 1.231415226357057691e-04 0.000000000000000000e+00 1.456554746255278587e-03 1.138265943154692650e-03 2.768596168607473373e-03 2.838079817593097687e-04 6.165417376905679703e-03 6.119072786532342434e-04
0.000000000000000000e+00 1.481894054450094700e-03 2.826909534633159637e-03 0.000000000000000000e+00 0.000000000000000000e+00 0.000000000000000000e+00 0.000000000000000000e+00 0.000000000000000000e+00 5.066702608019113541e-03 0.000000000000000000e+00 2.174660097807645798e-03
5.626917482004500926e-05 0.000000000000000000e+00 0.000000000000000000e+00 5.515008815564215183e-04 0.000000000000000000e+00 3.132246274617500603e-05 2.594421850517392159e-03 1.095086772693321109e-04 1.023934455588459969e-03 0.000000000000000000e+00 9.218874038197100163e-04
3.395518986508250237e-03 0.000000000000000000e+00 1.506990287452936172e-03 0.000000000000000000e+00 1.650429330766201019e-02 0.000000000000000000e+00 0.000000000000000000e+00 0.000000000000000000e+00 3.283584257587790489e-03 0.000000000000000000e+00 1.239461917430162430e-02
0.000000000000000000e+00 1.424377131797882612e-07 2.355493052164092660e-06 7.549319320787617471e-07 2.420398232061415911e-06 0.000000000000000000e+00 8.929535511015274096e-07 5.097335815662518144e-07 0.000000000000000000e+00 1.299636778639978729e-06 0.000000000000000000e+00
