0.000000000000000000e+00 0.000000000000000000e+00 0.000000000000000000e+00 0.000000000000000000e+00 0.000000000000000000e+00 0.000000000000000000e+00 3.095269901677966118e-03 1.041328068822622299e-02 0.000000000000000000e+00 0.000000000000000000e+00 0.000000000000000000e+00
1.107013784348964691e-02 0.000000000000000000e+00 1.117500849068164825e-02 2.928328001871705055e-03 0.000000000000000000e+00 0.000000000000000000e+00 7.958596572279930115e-03 0.000000000000000000e+00 0.000000000000000000e+00 0.000000000000000000e+00 0.000000000000000000e+00
4.853400867432355881e-03 5.512153264135122299e-03 1.687167212367057800e-03 0.000000000000000000e+00 7.328168023377656937e-03 0.000000000000000000e+00 3.324850928038358688e-03 0.000000000000000000e+00 1.243812148459255695e-03 3.616328118368983269e-03 5.656837485730648041e-03
1.029757130891084671e-02 0.000000000000000000e+00 1.128995907492935658e-03 2.568451687693595886e-03 3.112737322226166725e-03 0.000000000000000000e+00 0.000000000000000000e+00 8.751586079597473145e-03 3.052956657484173775e-03 5.594170186668634415e-03 0.000000000000000000e+00
1.347086654277518392e-04 4.179653769824653864e-04 2.859704836737364531e-04 3.064378688577562571e-04 0.000000000000000000e+00 1.933744933921843767e-04 4.143654368817806244e-04 3.367890894878655672e-04 4.376030992716550827e-04 5.634780973196029663e-04 1.099505810998380184e-03
0.000000000000000000e+00 0.000000000000000000e+00 0.000000000000000000e+00 0.000000000000000000e+00 0.000000000000000000e+00 0.000000000000000000e+00 0.000000000000000000e+00 0.000000000000000000e+00 0.000000000000000000e+00 0.000000000000000000e+00 0.000000000000000000e+00
4.645295441150665283e-03 0.000000000000000000e+00 0.000000000000000000e+00 0.000000000000000000e+00 0.000000000000000000e+00 2.844332018867135048e-03 0.000000000000000000e+00 6.013185251504182816e-03 1.465881615877151489e-02 0.000000000000000000e+00 0.000000000000000000e+00
0.000000000000000000e+00 4.812227096408605576e-03 0.000000000000000000e+00 1.248868764378130436e-03 6.656156037934124470e-04 0.000000000000000000e+00 0.000000000000000000e+00 2.418100135400891304e-03 4.663358908146619797e-03 0.000000000000000000e+00 2.244108589366078377e-03
1.135746249929070473e-03 1.902366639114916325e-03 4.779957234859466553e-03 0.000000000000000000e+00 0.000000000000000000e+00 0.000000000000000000e+00 8.423571474850177765e-03 0.000000000000000000e+00 0.000000000000000000e+00 2.474335022270679474e-03 9.125797078013420105e-03
9.434754028916358948e-03 7.549714646302163601e-04 1.400700211524963379e-02 0.000000000000000000e+00 3.895127028226852417e-02 2.553204772993922234e-03 0.000000000000000000e+00 0.000000000000000000e+00 1.158686075359582901e-02 2.627931302413344383e-03 1.143345981836318970e-02
0.000000000000000000e+00 0.000000000000000000e+00 4.219054517307085916e-06 2.031848964634264121e-07 9.758857231645379215e-06 0.000000000000000000e+00 1.585747213539434597e-07 1.747501073623425327e-06 0.000000000000000000e+00 3.248792836529901251e-06 0.000000000000000000e+00
