0.000000000000000000e+00 1.109081134200096130e-02 0.000000000000000000e+00 0.000000000000000000e+00 0.000000000000000000e+00 0.000000000000000000e+00 9.397721732966601849e-04 9.692489169538021088e-03 0.000000000000000000e+00 0.000000000000000000e+00 0.000000000000000000e+00
1.511731464415788651e-02 0.000000000000000000e+00 1.313696149736642838e-02 1.964141149073839188e-03 1.939094858244061470e-03 0.000000000000000000e+00 5.422844551503658295e-03 0.000000000000000000e+00 0.000000000000000000e+00 0.000000000000000000e+00 0.000000000000000000e+00
0.000000000000000000e+00 0.000000000000000000e+00 1.811029971577227116e-03 0.000000000000000000e+00 1.223482890054583549e-03 1.071812212467193604e-02 1.254404708743095398e-02 0.000000000000000000e+00 2.895994577556848526e-03 1.046896539628505707e-02 1.406567264348268509e-02
8.832499384880065918e-03 0.000000000000000000e+00 5.021332181058824062e-04 0.000000000000000000e+00 1.094580348581075668e-02 0.000000000000000000e+00 0.000000000000000000e+00 4.874031059443950653e-03 3.447301685810089111e-03 3.654789878055453300e-03 0.000000000000000000e+00
6.126314838184043765e-05 2.788766869343817234e-04 2.532979124225676060e-04 2.368912391830235720e-04 0.000000000000000000e+00 3.920037997886538506e-04 3.435123071540147066e-04 1.474782038712874055e-04 2.776247274596244097e-04 4.173196502961218357e-04 1.106151496060192585e-03
0.000000000000000000e+00 0.000000000000000000e+00 0.000000000000000000e+00 0.000000000000000000e+00 0.000000000000000000e+00 0.000000000000000000e+00 0.000000000000000000e+00 0.000000000000000000e+00 0.000000000000000000e+00 0.000000000000000000e+00 0.000000000000000000e+00
7.878158241510391235e-03 2.940464182756841183e-04 0.000000000000000000e+00 2.077785087749361992e-03 0.000000000000000000e+00 8.929083123803138733e-03 0.000000000000000000e+00 9.414833039045333862e-03 8.265978656709194183e-03 8.314204402267932892e-03 1.544532598927617073e-03
0.000000000000000000e+00 0.000000000000000000e+00 0.000000000000000000e+00 0.000000000000000000e+00 0.000000000000000000e+00 0.000000000000000000e+00 0.000000000000000000e+00 0.000000000000000000e+00 1.567883789539337158e-02 0.000000000000000000e+00 1.119376509450376034e-03
0.000000000000000000e+00 0.000000000000000000e+00 1.619982300326228142e-03 0.000000000000000000e+00 0.000000000000000000e+00 0.000000000000000000e+00 0.000000000000000000e+00 0.000000000000000000e+00 7.191139739006757736e-04 0.000000000000000000e+00 6.353829987347126007e-03
1.643869094550609589e-02 7.984590716660022736e-03 1.142121851444244385e-02 1.233608345501124859e-04 5.085401609539985657e-02 1.097703818231821060e-02 0.000000000000000000e+00 0.000000000000000000e+00 5.002694670110940933e-03 0.000000000000000000e+00 1.218325365334749222e-02
0.000000000000000000e+00 0.000000000000000000e+00 3.438277872191974893e-06 1.288503881369251758e-07 1.044801683747209609e-05 0.000000000000000000e+00 3.654174861367209814e-06 4.069192527822451666e-06 0.000000000000000000e+00 3.156432967443834059e-06 0.000000000000000000e+00
