0.000000000000000000e+00 0.000000000000000000e+00 3.966503718402236700e-04 0.000000000000000000e+00 0.000000000000000000e+00 0.000000000000000000e+00 7.092106388881802559e-04 1.996076200157403946e-03 4.073126765433698893e-04 0.000000000000000000e+00 0.000000000000000000e+00
7.038592360913753510e-03 0.000000000000000000e+00 3.884279576595872641e-04 7.792062591761350632e-03 0.000000000000000000e+00 0.000000000000000000e+00 8.741098456084728241e-03 0.000000000000000000e+00 0.000000000000000000e+00 0.000000000000000000e+00 6.350929848849773407e-03
0.000000000000000000e+00 0.000000000000000000e+00 0.000000000000000000e+00 8.789437822997570038e-03 0.000000000000000000e+00 0.000000000000000000e+00 2.458808943629264832e-03 0.000000000000000000e+00 5.619644653052091599e-03 6.912660785019397736e-03 7.207712042145431042e-04
7.509943097829818726e-03 0.000000000000000000e+00 0.000000000000000000e+00 3.292918205261230469e-03 4.038149025291204453e-03 3.703397524077445269e-04 5.236902274191379547e-03 1.076422166079282761e-02 7.668157573789358139e-03 3.416794119402766228e-03 0.000000000000000000e+00
1.418006286257877946e-04 2.020313404500484467e-04 4.105510015506297350e-04 1.579813251737505198e-04 0.000000000000000000e+00 2.014669007621705532e-04 1.476414909120649099e-04 2.349255519220605493e-04 2.718287287279963493e-04 4.210657789371907711e-04 8.996158139780163765e-04
0.000000000000000000e+00 0.000000000000000000e+00 0.000000000000000000e+00 0.000000000000000000e+00 0.000000000000000000e+00 2.414393820799887180e-04 0.000000000000000000e+00 0.000000000000000000e+00 0.000000000000000000e+00 0.000000000000000000e+00 4.336808689942017736e-19
7.902127690613269806e-03 2.273848745971918106e-03 0.000000000000000000e+00 0.000000000000000000e+00 0.000000000000000000e+00 9.355030488222837448e-04 0.000000000000000000e+00 1.121200155466794968e-02 8.322595618665218353e-03 0.000000000000000000e+00 5.444489419460296631e-03
0.000000000000000000e+00 8.962209336459636688e-03 3.143442794680595398e-03 3.448082599788904190e-03 3.215024189557880163e-04 0.000000000000000000e+00 0.000000000000000000e+00 0.000000000000000000e+00 8.511799387633800507e-03 0.000000000000000000e+00 0.000000000000000000e+00
5.688461475074291229e-03 3.207401372492313385e-03 2.057899488136172295e-03 4.709150176495313644e-03 0.000000000000000000e+00 0.000000000000000000e+00 1.400838792324066162e-02 2.707869512960314751e-03 0.000000000000000000e+00 1.006384612992405891e-03 0.000000000000000000e+00
1.337702013552188873e-02 0.000000000000000000e+00 1.255921460688114166e-02 0.000000000000000000e+00 3.302444517612457275e-02 0.000000000000000000e+00 0.000000000000000000e+00 0.000000000000000000e+00 6.619542837142944336e-03 0.000000000000000000e+00 1.191257406026124954e-02
0.000000000000000000e+00 5.464622745421365835e-07 3.511412614898290485e-06 5.343052293937944341e-07 7.985705451574176550e-06 0.000000000000000000e+00 0.000000000000000000e+00 1.824390437832335010e-06 0.000000000000000000e+00 1.729302766761975363e-06 0.000000000000000000e+00
