0.000000000000000000e+00 0.000000000000000000e+00 9.415697306394577026e-03 0.000000000000000000e+00 0.000000000000000000e+00 0.000000000000000000e+00 1.263326848857104778e-03 8.145354688167572021e-03 1.021104631945490837e-03 0.000000000000000000e+00 0.000000000000000000e+00
9.768068790435791016e-03 0.000000000000000000e+00 1.376011874526739120e-02 3.177988342940807343e-03 0.000000000000000000e+00 0.000000000000000000e+00 0.000000000000000000e+00 0.000000000000000000e+00 0.000000000000000000e+00 0.000000000000000000e+00 0.000000000000000000e+00
4.291671793907880783e-04 4.874880425631999969e-03 9.650204447098076344e-04 9.237123886123299599e-04 6.404387298971414566e-03 1.257919985800981522e-02 0.000000000000000000e+00 0.000000000000000000e+00 0.000000000000000000e+00 9.598217904567718506e-03 0.000000000000000000e+00
5.842154845595359802e-03 3.757529702852480114e-05 0.000000000000000000e+00 0.000000000000000000e+00 1.486039720475673676e-02 0.000000000000000000e+00 1.391048915684223175e-02 1.156357675790786743e-02 8.749363012611865997e-03 5.309238564223051071e-03 0.000000000000000000e+00
1.923735399032011628e-04 3.007355262525379658e-04 1.041158393491059542e-04 2.507469034753739834e-04 0.000000000000000000e+00 2.254477149108424783e-04 1.411333214491605759e-04 3.735837526619434357e-05 1.915048924274742603e-04 3.929006343241780996e-04 5.342771764844655991e-04
0.000000000000000000e+00 0.000000000000000000e+00 0.000000000000000000e+00 0.000000000000000000e+00 0.000000000000000000e+00 0.000000000000000000e+00 0.000000000000000000e+00 0.000000000000000000e+00 0.000000000000000000e+00 0.000000000000000000e+00 6.396128796041011810e-03
1.409641094505786896e-02 0.000000000000000000e+00 0.000000000000000000e+00 2.535678213462233543e-03 0.000000000000000000e+00 0.000000000000000000e+00 1.184385549277067184e-02 1.124543417245149612e-02 2.538552274927496910e-03 2.578548854216933250e-03 9.263416752219200134e-03
0.000000000000000000e+00 1.024649757891893387e-02 0.000000000000000000e+00 0.000000000000000000e+00 0.000000000000000000e+00 2.352412790060043335e-03 7.627234328538179398e-03 0.000000000000000000e+00 2.959136385470628738e-03 0.000000000000000000e+00 2.755552530288696289e-03
0.000000000000000000e+00 6.433380185626447201e-04 0.000000000000000000e+00 3.863345365971326828e-03 0.000000000000000000e+00 0.000000000000000000e+00 1.112527027726173401e-02 0.000000000000000000e+00 0.000000000000000000e+00 0.000000000000000000e+00 2.177914604544639587e-03
2.506011165678501129e-03 5.395716056227684021e-03 1.596696861088275909e-02 0.000000000000000000e+00 4.333143308758735657e-02 8.901343098841607571e-04 7.103119976818561554e-03 0.000000000000000000e+00 9.333568625152111053e-03 2.668374916538596153e-03 1.457947492599487305e-02
0.000000000000000000e+00 0.000000000000000000e+00 5.147378942638169974e-06 3.441442459006793797e-06 6.884894901304505765e-06 0.000000000000000000e+00 1.632791054362314753e-06 2.065183934973902069e-06 0.000000000000000000e+00 1.846072677835763898e-06 0.000000000000000000e+00
