0.000000000000000000e+00 0.000000000000000000e+00 0.000000000000000000e+00 0.000000000000000000e+00 0.000000000000000000e+00 0.000000000000000000e+00 2.781561808660626411e-03 3.694063983857631683e-03 1.861156197264790535e-03 0.000000000000000000e+00 0.000000000000000000e+00
8.823064155876636505e-03 0.000000000000000000e+00 2.380243735387921333e-03 3.886008402332663536e-03 0.000000000000000000e+00 0.000000000000000000e+00 1.570960390381515026e-03 2.921491162851452827e-03 0.000000000000000000e+00 0.000000000000000000e+00 6.469216314144432545e-04
6.024399306625127792e-03 4.435118287801742554e-03 4.973638802766799927e-03 0.000000000000000000e+00 3.023554570972919464e-03 5.232470575720071793e-03 3.050344297662377357e-03 0.000000000000000000e+00 0.000000000000000000e+00 6.200642324984073639e-03 0.000000000000000000e+00
4.283357877284288406e-03 0.000000000000000000e+00 0.000000000000000000e+00 0.000000000000000000e+00 2.363767707720398903e-03 0.000000000000000000e+00 2.642357721924781799e-03 0.000000000000000000e+00 3.321908181533217430e-03 1.924994867295026779e-03 0.000000000000000000e+00
4.691102003562264144e-05 1.142599867307581007e-04 4.057991463923826814e-05 3.431283403187990189e-05 0.000000000000000000e+00 8.069226896623149514e-05 4.755046393256634474e-05 5.507716196007095277e-05 5.778761624242179096e-05 1.135967104346491396e-04 1.918958150781691074e-04
0.000000000000000000e+00 1.317333197221159935e-03 4.235900007188320160e-03 2.116437768563628197e-03 0.000000000000000000e+00 1.614358648657798767e-02 3.977262240368872881e-04 1.621442381292581558e-03 0.000000000000000000e+00 2.487217774614691734e-03 2.418229728937149048e-02
9.518771432340145111e-03 0.000000000000000000e+00 3.224800573661923409e-03 4.933941178023815155e-03 0.000000000000000000e+00 2.875575330108404160e-03 0.000000000000000000e+00 0.000000000000000000e+00 7.526336703449487686e-03 3.646349359769374132e-04 0.000000000000000000e+00
0.000000000000000000e+00 4.179880954325199127e-03 0.000000000000000000e+00 0.000000000000000000e+00 1.420960412360727787e-03 1.146974042057991028e-03 1.993468729779124260e-03 0.000000000000000000e+00 2.384919906035065651e-03 0.000000000000000000e+00 4.103122744709253311e-03
0.000000000000000000e+00 0.000000000000000000e+00 0.000000000000000000e+00 0.000000000000000000e+00 0.000000000000000000e+00 1.475024153478443623e-03 7.078493945300579071e-05 0.000000000000000000e+00 0.000000000000000000e+00 0.000000000000000000e+00 3.433201927691698074e-03
4.135778872296214104e-04 0.000000000000000000e+00 0.000000000000000000e+00 0.000000000000000000e+00 1.781238242983818054e-02 2.062645275145769119e-03 0.000000000000000000e+00 0.000000000000000000e+00 3.537664655596017838e-03 2.296201186254620552e-03 4.378749523311853409e-03
0.000000000000000000e+00 0.000000000000000000e+00 9.738561175254289992e-07 0.000000000000000000e+00 1.016164333123015240e-06 0.000000000000000000e+00 3.624500095611438155e-07 6.557345955116034020e-07 0.000000000000000000e+00 6.031078214618901256e-07 0.000000000000000000e+00
