0.000000000000000000e+00 0.000000000000000000e+00 7.546622073277831078e-04 0.000000000000000000e+00 0.000000000000000000e+00 0.000000000000000000e+00 1.911894232034683228e-02 0.000000000000000000e+00 1.975388877326622605e-04 0.000000000000000000e+00 0.000000000000000000e+00
6.042814347892999649e-03 0.000000000000000000e+00 7.347411010414361954e-03 6.973384879529476166e-03 0.000000000000000000e+00 1.788344350643455982e-03 0.000000000000000000e+00 0.000000000000000000e+00 0.000000000000000000e+00 1.616156427189707756e-03 0.000000000000000000e+00
0.000000000000000000e+00 7.377651054412126541e-03 1.666264608502388000e-03 1.519875484518706799e-03 4.077052231878042221e-03 8.597124833613634109e-04 5.769937764853239059e-03 0.000000000000000000e+00 0.000000000000000000e+00 7.516777608543634415e-03 0.000000000000000000e+00
1.118715666234493256e-02 0.000000000000000000e+00 0.000000000000000000e+00 0.000000000000000000e+00 6.448829662986099720e-04 9.162427159026265144e-04 0.000000000000000000e+00 2.580161672085523605e-04 2.884652698412537575e-03 1.134146470576524734e-03 0.000000000000000000e+00
0.000000000000000000e+00 4.974448893335647881e-05 2.226473588962107897e-04 5.644416887662373483e-06 0.000000000000000000e+00 0.000000000000000000e+00 1.922057126648724079e-04 8.791113214101642370e-05 7.456756429746747017e-05 1.271389774046838284e-04 4.728723142761737108e-04
0.000000000000000000e+00 0.000000000000000000e+00 0.000000000000000000e+00 0.000000000000000000e+00 0.000000000000000000e+00 0.000000000000000000e+00 0.000000000000000000e+00 0.000000000000000000e+00 0.000000000000000000e+00 0.000000000000000000e+00 2.517445944249629974e-03
3.242153441533446312e-03 8.086777292191982269e-03 0.000000000000000000e+00 7.776286918669939041e-03 5.317046307027339935e-03 1.818981720134615898e-03 0.000000000000000000e+00 1.975950784981250763e-03 8.029552176594734192e-03 0.000000000000000000e+00 3.119124332442879677e-03
0.000000000000000000e+00 2.019299194216728210e-03 0.000000000000000000e+00 0.000000000000000000e+00 1.029068487696349621e-03 0.000000000000000000e+00 0.000000000000000000e+00 4.453631117939949036e-03 1.983982278034090996e-03 0.000000000000000000e+00 0.000000000000000000e+00
2.239014254882931709e-03 1.691759913228452206e-03 3.812046488747000694e-03 0.000000000000000000e+00 0.000000000000000000e+00 0.000000000000000000e+00 3.605495207011699677e-03 0.000000000000000000e+00 6.770456209778785706e-03 0.000000000000000000e+00 5.662214010953903198e-03
3.249818226322531700e-03 2.943785162642598152e-03 1.185265928506851196e-02 0.000000000000000000e+00 3.032544255256652832e-02 0.000000000000000000e+00 0.000000000000000000e+00 0.000000000000000000e+00 8.005597628653049469e-03 0.000000000000000000e+00 1.359760854393243790e-02
0.000000000000000000e+00 0.000000000000000000e+00 3.990638560935622081e-06 0.000000000000000000e+00 7.843506864446680993e-06 0.000000000000000000e+00 2.555317735186690697e-07 2.768114427453838289e-06 0.000000000000000000e+00 1.669648554525338113e-06 0.000000000000000000e+00
