8.926909446716308594e+00 6.543292236328125000e+01 7.586388397216796875e+01 2.427081298828125000e+01 7.420451380312442780e-03 5.128500517457723618e-03 7.888381958007812500e+01 8.824285888671875000e+01 6.731404876708984375e+01 7.020129394531250000e+01 2.420127868652343750e+00
6.028378125000000000e+04 0.000000000000000000e+00 6.513217773437500000e+02 2.047841796875000000e+04 2.525592803955078125e+01 6.720763183593750000e+03 1.427666748046875000e+03 4.031033203125000000e+04 3.318483984375000000e+04 1.144738085937500000e+04 3.268379687500000000e+04
9.799441406250000000e+03 4.590466796875000000e+03 2.641373313963413239e-02 1.939705573022365570e-03 3.837913100142031908e-04 2.201569335937500000e+03 7.936059570312500000e+03 1.534425914287567139e-01 6.713681030273437500e+02 3.903923046875000000e+04 2.640030384063720703e+00
5.949665625000000000e+04 0.000000000000000000e+00 8.984406738281250000e+02 1.662061309814453125e+01 2.715772265625000000e+04 2.181158142089843750e+02 4.091340234375000000e+04 3.094194726562500000e+04 2.941899609375000000e+04 1.185163574218750000e+03 1.164891113281250000e+04
2.443743896484375000e+01 8.598812866210937500e+01 3.525040435791015625e+01 5.562178421020507812e+01 4.605481080943718553e-06 4.878982543945312500e+01 4.316477966308593750e+01 6.640596771240234375e+01 6.515791320800781250e+01 7.202615356445312500e+01 1.854898071289062500e+02
0.000000000000000000e+00 0.000000000000000000e+00 0.000000000000000000e+00 0.000000000000000000e+00 0.000000000000000000e+00 0.000000000000000000e+00 0.000000000000000000e+00 0.000000000000000000e+00 0.000000000000000000e+00 0.000000000000000000e+00 2.801353073120117188e+01
6.952399414062500000e+03 5.836944580078125000e+00 0.000000000000000000e+00 1.207621582031250000e+04 3.355736255645751953e+00 1.265109985351562500e+03 2.191684722900390625e+01 0.000000000000000000e+00 1.114255273437500000e+04 1.147248535156250000e+03 5.923192749023437500e+02
1.118140426115132868e-05 1.261204296875000000e+04 2.099571484375000000e+04 1.138675689697265625e+00 6.774193750000000000e+04 4.436050781250000000e+04 3.064916015625000000e+04 2.937407421875000000e+04 1.795603515625000000e+03 2.183211326599121094e+00 2.897238281250000000e+04
4.402953491210937500e+02 4.572278906250000000e+04 9.841132812500000000e+04 4.729662500000000000e+04 5.707478332519531250e+01 2.749880859375000000e+04 2.172875976562500000e+04 1.755231250000000000e+04 1.131218338012695312e+01 3.956779465079307556e-02 6.809566406250000000e+04
0.000000000000000000e+00 0.000000000000000000e+00 0.000000000000000000e+00 0.000000000000000000e+00 1.785150756835937500e+02 0.000000000000000000e+00 0.000000000000000000e+00 0.000000000000000000e+00 0.000000000000000000e+00 0.000000000000000000e+00 3.030481515452265739e-03
0.000000000000000000e+00 6.003056478220969439e-05 6.391940116882324219e-01 0.000000000000000000e+00 8.254126906394958496e-01 0.000000000000000000e+00 1.304477453231811523e-03 3.917044103145599365e-01 7.748878374513878953e-07 2.855329215526580811e-01 9.044789521794882603e-07
