0.000000000000000000e+00 0.000000000000000000e+00 3.961469512432813644e-03 0.000000000000000000e+00 0.000000000000000000e+00 0.000000000000000000e+00 3.813267685472965240e-03 0.000000000000000000e+00 4.500100389122962952e-03 5.158763378858566284e-03 0.000000000000000000e+00
1.116385404020547867e-02 0.000000000000000000e+00 6.511418614536523819e-03 6.046279799193143845e-03 0.000000000000000000e+00 0.000000000000000000e+00 2.902119653299450874e-03 0.000000000000000000e+00 0.000000000000000000e+00 0.000000000000000000e+00 3.979595843702554703e-03
0.000000000000000000e+00 2.792131155729293823e-03 0.000000000000000000e+00 4.855901934206485748e-03 8.548224344849586487e-03 6.228168029338121414e-03 0.000000000000000000e+00 0.000000000000000000e+00 0.000000000000000000e+00 1.228062622249126434e-02 4.416592884808778763e-03
1.183402817696332932e-02 0.000000000000000000e+00 0.000000000000000000e+00 0.000000000000000000e+00 5.815899465233087540e-03 0.000000000000000000e+00 8.183009922504425049e-03 1.331969350576400757e-02 1.242739148437976837e-02 0.000000000000000000e+00 0.000000000000000000e+00
9.095719724427908659e-05 1.429034164175391197e-04 4.199231625534594059e-04 2.836717176251113415e-04 0.000000000000000000e+00 2.719922631513327360e-04 2.543850569054484367e-04 1.850582048064097762e-04 2.730919513851404190e-04 4.834774590563029051e-04 1.066880417056381702e-03
0.000000000000000000e+00 0.000000000000000000e+00 0.000000000000000000e+00 0.000000000000000000e+00 0.000000000000000000e+00 0.000000000000000000e+00 0.000000000000000000e+00 0.000000000000000000e+00 0.000000000000000000e+00 0.000000000000000000e+00 0.000000000000000000e+00
3.962563816457986832e-03 1.624192111194133759e-03 8.275695145130157471e-04 0.000000000000000000e+00 0.000000000000000000e+00 0.000000000000000000e+00 0.000000000000000000e+00 0.000000000000000000e+00 1.010834146291017532e-02 8.384569548070430756e-03 7.085767108947038651e-03
0.000000000000000000e+00 0.000000000000000000e+00 0.000000000000000000e+00 1.160273794084787369e-03 2.317313570529222488e-03 0.000000000000000000e+00 0.000000000000000000e+00 0.000000000000000000e+00 1.324391923844814301e-03 0.000000000000000000e+00 3.023037454113364220e-03
0.000000000000000000e+00 3.983838949352502823e-03 1.059994474053382874e-02 0.000000000000000000e+00 0.000000000000000000e+00 9.351393091492354870e-04 0.000000000000000000e+00 6.994415889494121075e-05 6.422926089726388454e-04 0.000000000000000000e+00 1.199627947062253952e-02
5.548678804188966751e-03 6.859525106847286224e-03 1.227708347141742706e-02 0.000000000000000000e+00 3.798155859112739563e-02 0.000000000000000000e+00 0.000000000000000000e+00 4.108283668756484985e-03 8.930821903049945831e-03 0.000000000000000000e+00 1.394028495997190475e-02
0.000000000000000000e+00 0.000000000000000000e+00 1.039870312524726614e-05 6.230756298464257270e-06 2.179506736865732819e-05 0.000000000000000000e+00 5.843461622134782374e-06 7.241143975988961756e-06 0.000000000000000000e+00 1.297020025958772749e-05 0.000000000000000000e+00
