0.000000000000000000e+00 6.774631910957396030e-04 5.822604522109031677e-03 0.000000000000000000e+00 0.000000000000000000e+00 0.000000000000000000e+00 1.029145903885364532e-02 0.000000000000000000e+00 0.000000000000000000e+00 0.000000000000000000e+00 0.000000000000000000e+00
5.931555642746388912e-05 0.000000000000000000e+00 0.000000000000000000e+00 6.214496679604053497e-04 9.483965113759040833e-03 0.000000000000000000e+00 2.467071637511253357e-03 0.000000000000000000e+00 0.000000000000000000e+00 0.000000000000000000e+00 1.344464399153366685e-04
0.000000000000000000e+00 7.953133434057235718e-03 3.200475592166185379e-03 1.717137638479471207e-03 0.000000000000000000e+00 4.523186944425106049e-03 0.000000000000000000e+00 9.138416498899459839e-03 9.114944259636104107e-04 0.000000000000000000e+00 3.671244950965046883e-03
3.385298419743776321e-03 0.000000000000000000e+00 0.000000000000000000e+00 0.000000000000000000e+00 1.293525937944650650e-02 4.372072871774435043e-03 0.000000000000000000e+00 9.449649602174758911e-03 0.000000000000000000e+00 0.000000000000000000e+00 0.000000000000000000e+00
1.976775092771276832e-05 1.381915062665939331e-04 1.749207585817202926e-04 3.119613393209874630e-04 0.000000000000000000e+00 1.477241166867315769e-04 2.940338454209268093e-04 5.203161708777770400e-05 1.992050965782254934e-04 3.312996414024382830e-04 4.722508892882615328e-04
0.000000000000000000e+00 0.000000000000000000e+00 0.000000000000000000e+00 0.000000000000000000e+00 0.000000000000000000e+00 0.000000000000000000e+00 0.000000000000000000e+00 0.000000000000000000e+00 0.000000000000000000e+00 0.000000000000000000e+00 0.000000000000000000e+00
0.000000000000000000e+00 4.991020541638135910e-03 0.000000000000000000e+00 2.984294900670647621e-03 0.000000000000000000e+00 5.141745321452617645e-03 0.000000000000000000e+00 7.904949598014354706e-03 0.000000000000000000e+00 4.965499043464660645e-03 1.705120876431465149e-02
0.000000000000000000e+00 1.261612307280302048e-02 0.000000000000000000e+00 1.117194187827408314e-03 1.132945995777845383e-03 0.000000000000000000e+00 0.000000000000000000e+00 1.487483852542936802e-03 0.000000000000000000e+00 0.000000000000000000e+00 0.000000000000000000e+00
2.734372857958078384e-03 0.000000000000000000e+00 0.000000000000000000e+00 3.745185909792780876e-03 0.000000000000000000e+00 0.000000000000000000e+00 3.498756559565663338e-03 0.000000000000000000e+00 2.950637601315975189e-03 0.000000000000000000e+00 4.966776818037033081e-03
4.229593090713024139e-03 1.049851346760988235e-02 1.557132508605718613e-02 0.000000000000000000e+00 2.872606180608272552e-02 3.153427969664335251e-03 6.468326319009065628e-04 0.000000000000000000e+00 0.000000000000000000e+00 0.000000000000000000e+00 1.375730033032596111e-03
0.000000000000000000e+00 4.232579158269800246e-07 1.706330181150406133e-06 2.558407686592545360e-06 4.704828825197182596e-06 0.000000000000000000e+00 1.701964947642409243e-06 3.312522267151507549e-06 0.000000000000000000e+00 2.409481339782360010e-06 0.000000000000000000e+00
