0.000000000000000000e+00 0.000000000000000000e+00 8.766484446823596954e-03 0.000000000000000000e+00 0.000000000000000000e+00 0.000000000000000000e+00 3.798666410148143768e-03 0.000000000000000000e+00 0.000000000000000000e+00 0.000000000000000000e+00 0.000000000000000000e+00
3.339064773172140121e-03 0.000000000000000000e+00 4.822283983230590820e-03 0.000000000000000000e+00 0.000000000000000000e+00 0.000000000000000000e+00 0.000000000000000000e+00 0.000000000000000000e+00 2.767436206340789795e-03 0.000000000000000000e+00 0.000000000000000000e+00
0.000000000000000000e+00 6.692464463412761688e-03 0.000000000000000000e+00 0.000000000000000000e+00 0.000000000000000000e+00 1.341039873659610748e-02 1.294689485803246498e-03 0.000000000000000000e+00 4.324779380112886429e-03 5.414749495685100555e-03 1.063005416654050350e-03
1.309432089328765869e-02 0.000000000000000000e+00 0.000000000000000000e+00 0.000000000000000000e+00 5.152990110218524933e-03 2.625187160447239876e-03 7.397164124995470047e-03 1.040842384099960327e-02 6.772106979042291641e-03 1.977233216166496277e-03 0.000000000000000000e+00
5.126280666445381939e-05 6.673998723272234201e-05 9.963886986952275038e-05 1.076824337360449135e-04 0.000000000000000000e+00 5.769514609710313380e-05 9.813014912651851773e-05 3.810325506492517889e-05 9.488382056588307023e-05 1.422488567186519504e-04 3.115784202236682177e-04
0.000000000000000000e+00 0.000000000000000000e+00 0.000000000000000000e+00 0.000000000000000000e+00 0.000000000000000000e+00 0.000000000000000000e+00 0.000000000000000000e+00 0.000000000000000000e+00 0.000000000000000000e+00 0.000000000000000000e+00 0.000000000000000000e+00
0.000000000000000000e+00 6.051932461559772491e-03 0.000000000000000000e+00 5.033513880334794521e-04 0.000000000000000000e+00 6.793544162064790726e-04 1.277255614695604891e-05 4.271278157830238342e-03 2.436201553791761398e-03 4.449335392564535141e-03 1.046540681272745132e-02
0.000000000000000000e+00 0.000000000000000000e+00 0.000000000000000000e+00 0.000000000000000000e+00 0.000000000000000000e+00 0.000000000000000000e+00 0.000000000000000000e+00 0.000000000000000000e+00 6.350629497319459915e-03 0.000000000000000000e+00 0.000000000000000000e+00
0.000000000000000000e+00 7.703320588916540146e-03 4.403184633702039719e-03 3.358432324603199959e-03 0.000000000000000000e+00 0.000000000000000000e+00 0.000000000000000000e+00 8.927766612032428384e-05 1.414652564562857151e-03 0.000000000000000000e+00 4.919806960970163345e-04
7.813270203769207001e-03 4.486849065870046616e-03 1.515113562345504761e-02 0.000000000000000000e+00 3.191690146923065186e-02 1.910847146064043045e-03 1.588513405295088887e-04 0.000000000000000000e+00 8.072356693446636200e-03 0.000000000000000000e+00 6.795532070100307465e-03
0.000000000000000000e+00 0.000000000000000000e+00 1.273726525141682941e-06 9.152545885626750533e-07 3.132386609649984166e-06 0.000000000000000000e+00 8.577122230235545430e-07 3.495254077279241756e-07 0.000000000000000000e+00 9.122200594902096782e-07 0.000000000000000000e+00
