0.000000000000000000e+00 0.000000000000000000e+00 1.711384393274784088e-03 0.000000000000000000e+00 0.000000000000000000e+00 0.000000000000000000e+00 0.000000000000000000e+00 2.605953195597976446e-04 7.891257992014288902e-04 0.000000000000000000e+00 0.000000000000000000e+00
2.099527278915047646e-03 0.000000000000000000e+00 0.000000000000000000e+00 0.000000000000000000e+00 0.000000000000000000e+00 0.000000000000000000e+00 2.282078145071864128e-03 1.700454857200384140e-03 0.000000000000000000e+00 0.000000000000000000e+00 0.000000000000000000e+00
3.162380598951131105e-04 1.213645562529563904e-03 0.000000000000000000e+00 9.333723573945462704e-05 6.350810290314257145e-04 0.000000000000000000e+00 5.093365325592458248e-04 0.000000000000000000e+00 0.000000000000000000e+00 1.947632641531527042e-03 0.000000000000000000e+00
1.809448149288073182e-04 0.000000000000000000e+00 1.055986504070460796e-03 0.000000000000000000e+00 1.375164138153195381e-03 0.000000000000000000e+00 0.000000000000000000e+00 2.574117155745625496e-03 2.412952249869704247e-03 0.000000000000000000e+00 0.000000000000000000e+00
1.676959655014798045e-04 4.618009552359580994e-04 4.573300830088555813e-04 5.771153955720365047e-04 0.000000000000000000e+00 4.025690432172268629e-04 3.766279842238873243e-04 3.946711076423525810e-04 5.168876959942281246e-04 6.362482090480625629e-04 1.018000068143010139e-03
0.000000000000000000e+00 1.128095434978604317e-03 1.898992457427084446e-03 0.000000000000000000e+00 0.000000000000000000e+00 1.375972945243120193e-02 0.000000000000000000e+00 0.000000000000000000e+00 0.000000000000000000e+00 1.101140282116830349e-03 1.592995226383209229e-02
3.601409494876861572e-03 0.000000000000000000e+00 0.000000000000000000e+00 0.000000000000000000e+00 0.000000000000000000e+00 3.821892605628818274e-04 0.000000000000000000e+00 7.622473058290779591e-04 7.033438421785831451e-03 2.178475493565201759e-03 1.210375805385410786e-03
0.000000000000000000e+00 2.387625165283679962e-03 2.239706693217158318e-03 3.124495269730687141e-04 2.572741126641631126e-03 1.661635120399296284e-03 0.000000000000000000e+00 0.000000000000000000e+00 0.000000000000000000e+00 0.000000000000000000e+00 0.000000000000000000e+00
2.945492276921868324e-03 6.393460789695382118e-04 4.349251976236701012e-04 0.000000000000000000e+00 0.000000000000000000e+00 0.000000000000000000e+00 2.148151179426349699e-05 1.286351820454001427e-03 0.000000000000000000e+00 0.000000000000000000e+00 2.954243682324886322e-03
5.089569021947681904e-04 1.374930026941001415e-03 4.975649993866682053e-03 0.000000000000000000e+00 1.167836971580982208e-02 0.000000000000000000e+00 0.000000000000000000e+00 3.895618137903511524e-04 3.595163580030202866e-03 0.000000000000000000e+00 5.286029074341058731e-03
0.000000000000000000e+00 0.000000000000000000e+00 9.307717846240848303e-06 4.545492174656828865e-06 1.347252964478684589e-05 0.000000000000000000e+00 4.521686605585273355e-06 1.282511402678210288e-05 0.000000000000000000e+00 6.082158051867736503e-06 0.000000000000000000e+00
