0.000000000000000000e+00 0.000000000000000000e+00 2.767979400232434273e-03 0.000000000000000000e+00 0.000000000000000000e+00 0.000000000000000000e+00 4.334293305873870850e-03 7.228485774248838425e-03 1.880453084595501423e-03 0.000000000000000000e+00 0.000000000000000000e+00
6.139841396361589432e-03 0.000000000000000000e+00 5.343009717762470245e-03 0.000000000000000000e+00 4.780404851771891117e-04 0.000000000000000000e+00 0.000000000000000000e+00 0.000000000000000000e+00 0.000000000000000000e+00 0.000000000000000000e+00 0.000000000000000000e+00
0.000000000000000000e+00 6.395743694156408310e-04 1.850680564530193806e-03 6.057987455278635025e-03 0.000000000000000000e+00 1.158819650299847126e-03 2.255747793242335320e-03 0.000000000000000000e+00 0.000000000000000000e+00 7.344908546656370163e-03 0.000000000000000000e+00
5.031157284975051880e-03 0.000000000000000000e+00 0.000000000000000000e+00 1.639025751501321793e-03 0.000000000000000000e+00 0.000000000000000000e+00 1.554905669763684273e-03 0.000000000000000000e+00 8.864430710673332214e-03 0.000000000000000000e+00 0.000000000000000000e+00
1.522872626082971692e-04 2.911985502578318119e-04 9.608256368665024638e-05 2.436171198496595025e-04 0.000000000000000000e+00 2.252115664305165410e-04 3.486196219455450773e-04 2.170694642700254917e-04 2.122223522746935487e-04 1.996980136027559638e-04 5.829118308611214161e-04
0.000000000000000000e+00 2.120896009728312492e-03 0.000000000000000000e+00 0.000000000000000000e+00 0.000000000000000000e+00 2.097654156386852264e-02 5.723805632442235947e-03 0.000000000000000000e+00 0.000000000000000000e+00 4.223134368658065796e-03 3.221166133880615234e-02
1.849422813393175602e-03 0.000000000000000000e+00 0.000000000000000000e+00 6.305046379566192627e-03 0.000000000000000000e+00 3.545128973200917244e-03 1.652938197366893291e-03 8.199432631954550743e-04 9.374884888529777527e-03 6.845898926258087158e-03 5.328238476067781448e-03
0.000000000000000000e+00 4.038355778902769089e-03 3.899048781022429466e-03 0.000000000000000000e+00 8.314053993672132492e-04 0.000000000000000000e+00 0.000000000000000000e+00 0.000000000000000000e+00 0.000000000000000000e+00 0.000000000000000000e+00 0.000000000000000000e+00
0.000000000000000000e+00 3.623618744313716888e-03 1.725009293295443058e-03 8.977771503850817680e-04 0.000000000000000000e+00 0.000000000000000000e+00 4.684385843575000763e-03 2.375791780650615692e-03 1.357547356747090816e-03 0.000000000000000000e+00 3.014401067048311234e-03
4.554438928607851267e-04 0.000000000000000000e+00 1.077247690409421921e-02 0.000000000000000000e+00 2.129487320780754089e-02 0.000000000000000000e+00 0.000000000000000000e+00 0.000000000000000000e+00 7.345715537667274475e-03 0.000000000000000000e+00 5.997498985379934311e-03
0.000000000000000000e+00 0.000000000000000000e+00 1.467784727537946310e-06 5.489370664690795820e-07 7.539308626292040572e-06 0.000000000000000000e+00 1.179007199425541330e-06 9.659812576501281001e-07 0.000000000000000000e+00 2.646334223754820414e-06 0.000000000000000000e+00
