0.000000000000000000e+00 3.420788049697875977e-01 2.921738326549530029e-01 0.000000000000000000e+00 0.000000000000000000e+00 0.000000000000000000e+00 4.301049411296844482e-01 9.408064186573028564e-03 2.166074067354202271e-01 2.183753550052642822e-01 0.000000000000000000e+00
7.203243672847747803e-02 0.000000000000000000e+00 7.740953471511602402e-03 6.050105020403862000e-02 0.000000000000000000e+00 2.845699340105056763e-02 3.255848586559295654e-02 3.157457569614052773e-03 4.751022497657686472e-04 0.000000000000000000e+00 1.002200618386268616e-01
0.000000000000000000e+00 4.483970254659652710e-02 0.000000000000000000e+00 0.000000000000000000e+00 0.000000000000000000e+00 2.260302379727363586e-02 2.203402481973171234e-02 0.000000000000000000e+00 2.539657056331634521e-02 3.509233146905899048e-02 0.000000000000000000e+00
1.351053863763809204e-01 1.198626607656478882e-01 1.188632026314735413e-01 3.942985460162162781e-02 8.863011375069618225e-03 1.347659677267074585e-01 1.409072130918502808e-01 1.210165396332740784e-01 8.137976378202438354e-02 3.443659469485282898e-02 2.281208895146846771e-02
6.710080924676731229e-05 2.121043507941067219e-04 6.249688158277422190e-05 3.653954991023056209e-05 0.000000000000000000e+00 2.845830385922454298e-05 8.350751159014180303e-05 2.540398236305918545e-05 4.913733573630452156e-05 2.290187694597989321e-04 6.317934021353721619e-04
0.000000000000000000e+00 0.000000000000000000e+00 0.000000000000000000e+00 0.000000000000000000e+00 0.000000000000000000e+00 0.000000000000000000e+00 0.000000000000000000e+00 0.000000000000000000e+00 0.000000000000000000e+00 0.000000000000000000e+00 2.602085213965210642e-18
5.418691784143447876e-02 4.382869601249694824e-02 0.000000000000000000e+00 3.578412812203168869e-03 0.000000000000000000e+00 0.000000000000000000e+00 2.652327902615070343e-02 1.089398982003331184e-03 1.871188730001449585e-02 3.741187229752540588e-02 3.108019195497035980e-02
0.000000000000000000e+00 3.990835666656494141e+00 0.000000000000000000e+00 0.000000000000000000e+00 1.628319358825683594e+01 2.046244430541992188e+01 0.000000000000000000e+00 1.292642021179199219e+01 3.348735917825251818e-04 0.000000000000000000e+00 0.000000000000000000e+00
2.382102608680725098e-01 4.834975302219390869e-01 6.902253031730651855e-01 1.487097144126892090e-01 4.722876008599996567e-03 2.032014876604080200e-01 1.009715348482131958e-01 2.782649695873260498e-01 1.907435655593872070e-01 1.318856924772262573e-01 1.250120401382446289e-01
6.768269930034875870e-03 6.128848996013402939e-03 7.304672151803970337e-03 0.000000000000000000e+00 1.717956960201263428e-01 0.000000000000000000e+00 0.000000000000000000e+00 0.000000000000000000e+00 3.890004009008407593e-03 0.000000000000000000e+00 1.845486462116241455e-02
0.000000000000000000e+00 0.000000000000000000e+00 9.934012268786318600e-06 1.784063101695210207e-07 1.113687267206842080e-05 0.000000000000000000e+00 2.877788119803881273e-06 2.078898887702962384e-06 0.000000000000000000e+00 3.937186193070374429e-06 0.000000000000000000e+00
