0.000000000000000000e+00 2.468315064907073975e-01 2.193125430494546890e-03 0.000000000000000000e+00 0.000000000000000000e+00 0.000000000000000000e+00 1.173492372035980225e-01 2.556320726871490479e-01 2.668857574462890625e-03 1.487704962491989136e-01 0.000000000000000000e+00
1.631395705044269562e-02 0.000000000000000000e+00 1.411266508512198925e-03 1.474602222442626953e-01 3.500141203403472900e-01 4.363800585269927979e-01 3.815097212791442871e-01 2.090404275804758072e-03 3.090888261795043945e-01 3.501777350902557373e-01 7.322366237640380859e-01
2.509128717065323144e-05 1.324512660503387451e-01 3.607099950313568115e-01 8.263243362307548523e-04 3.063457785174250603e-03 5.423774123191833496e-01 0.000000000000000000e+00 0.000000000000000000e+00 0.000000000000000000e+00 4.683459997177124023e-01 0.000000000000000000e+00
4.135981667786836624e-03 0.000000000000000000e+00 7.811409886926412582e-04 1.824865192174911499e-01 5.017098784446716309e-01 5.517544224858283997e-02 3.453007712960243225e-02 1.458163857460021973e-01 1.606590300798416138e-01 5.729817785322666168e-04 0.000000000000000000e+00
2.319274935871362686e-04 4.641395353246480227e-04 1.562887191539630294e-04 2.108172629959881306e-04 0.000000000000000000e+00 8.856055501382797956e-05 3.196955658495426178e-04 9.264278924092650414e-05 7.843066123314201832e-05 3.349072649143636227e-04 8.386753615923225880e-04
0.000000000000000000e+00 0.000000000000000000e+00 2.021731575950980186e-03 0.000000000000000000e+00 0.000000000000000000e+00 1.002483442425727844e-02 0.000000000000000000e+00 7.749657379463315010e-04 0.000000000000000000e+00 1.555790193378925323e-03 1.969973444938659668e-01
7.395698875188827515e-02 7.882663607597351074e-02 2.029490470886230469e-01 1.827906370162963867e-01 0.000000000000000000e+00 1.779614482074975967e-03 5.166385769844055176e-01 8.977324469015002251e-04 3.813493251800537109e-02 2.513924837112426758e-01 3.708205223083496094e-01
0.000000000000000000e+00 6.655223965644836426e-01 4.987188279628753662e-01 0.000000000000000000e+00 1.913186511956155300e-03 1.478417310863733292e-03 0.000000000000000000e+00 2.627730071544647217e-01 9.127952903509140015e-02 0.000000000000000000e+00 0.000000000000000000e+00
1.001501688733696938e-03 4.854743480682373047e-01 2.321929205209016800e-03 5.635723471641540527e-01 0.000000000000000000e+00 8.645913004875183105e-01 1.804404556751251221e-01 0.000000000000000000e+00 2.663505077362060547e-01 2.706307859625667334e-04 5.227242708206176758e-01
3.856949042528867722e-03 3.587820800021290779e-03 3.994549624621868134e-03 0.000000000000000000e+00 3.243288695812225342e-01 0.000000000000000000e+00 1.062000636011362076e-03 0.000000000000000000e+00 2.140923636034131050e-03 0.000000000000000000e+00 9.221119433641433716e-02
0.000000000000000000e+00 1.748630609199608443e-07 6.867227511975215748e-06 3.318123447115794988e-07 7.339664989558514208e-06 0.000000000000000000e+00 2.071532435365952551e-06 6.128172572061885148e-06 0.000000000000000000e+00 5.343665179680101573e-06 0.000000000000000000e+00
