2.034919743891805410e-04 1.718313782475888729e-03 1.788955298252403736e-03 1.021226489683613181e-04 0.000000000000000000e+00 1.685245842963922769e-05 1.896698493510484695e-03 2.237307140603661537e-03 1.760595594532787800e-03 1.473461161367595196e-03 0.000000000000000000e+00
5.501787178218364716e-03 0.000000000000000000e+00 1.388293951749801636e-01 2.879195213317871094e-01 0.000000000000000000e+00 0.000000000000000000e+00 0.000000000000000000e+00 0.000000000000000000e+00 0.000000000000000000e+00 0.000000000000000000e+00 1.562237888574600220e-01
0.000000000000000000e+00 0.000000000000000000e+00 4.710325598716735840e-02 1.976558705791831017e-03 0.000000000000000000e+00 2.732301596552133560e-03 4.066595574840903282e-04 0.000000000000000000e+00 0.000000000000000000e+00 1.283723711967468262e-01 0.000000000000000000e+00
3.516056388616561890e-02 0.000000000000000000e+00 0.000000000000000000e+00 1.268385648727416992e-01 1.150348931550979614e-01 1.289718551561236382e-03 1.639283895492553711e-01 9.195937775075435638e-03 2.528256922960281372e-02 0.000000000000000000e+00 0.000000000000000000e+00
1.049088969011791050e-04 4.242305003572255373e-04 8.550479833502322435e-05 2.714121364988386631e-04 0.000000000000000000e+00 1.326523488387465477e-04 2.639239828567951918e-04 3.447197377681732178e-05 3.049008082598447800e-04 3.518010489642620087e-04 7.503923261538147926e-04
0.000000000000000000e+00 0.000000000000000000e+00 0.000000000000000000e+00 0.000000000000000000e+00 0.000000000000000000e+00 0.000000000000000000e+00 0.000000000000000000e+00 0.000000000000000000e+00 0.000000000000000000e+00 0.000000000000000000e+00 6.520401686429977417e-03
6.241676164790987968e-04 4.943232517689466476e-03 0.000000000000000000e+00 6.859260052442550659e-02 0.000000000000000000e+00 3.100138623267412186e-03 0.000000000000000000e+00 0.000000000000000000e+00 6.948406994342803955e-02 1.881896704435348511e-01 9.253801777958869934e-03
0.000000000000000000e+00 2.656018733978271484e-01 7.854349678382277489e-04 0.000000000000000000e+00 1.046146266162395477e-03 0.000000000000000000e+00 3.738210499286651611e-01 1.856139302253723145e-02 2.718908488750457764e-01 0.000000000000000000e+00 2.843785798177123070e-03
0.000000000000000000e+00 2.588734924793243408e-01 4.469564184546470642e-02 1.732799410820007324e-01 0.000000000000000000e+00 4.510079976171255112e-03 4.933152813464403152e-03 2.631027484312653542e-03 1.253499537706375122e-01 0.000000000000000000e+00 4.022121895104646683e-03
8.247141726315021515e-03 4.896359983831644058e-03 7.008619140833616257e-03 0.000000000000000000e+00 1.610148400068283081e-01 0.000000000000000000e+00 0.000000000000000000e+00 0.000000000000000000e+00 2.948258072137832642e-03 0.000000000000000000e+00 9.038007818162441254e-03
0.000000000000000000e+00 0.000000000000000000e+00 4.427571184351108968e-06 4.402776312417699955e-07 1.026556583383353427e-05 0.000000000000000000e+00 2.357702442168374546e-06 5.062924174126237631e-06 0.000000000000000000e+00 4.874236310570267960e-06 2.905840119638014585e-07
