0.000000000000000000e+00 4.113793969154357910e-01 2.089100331068038940e-01 0.000000000000000000e+00 0.000000000000000000e+00 0.000000000000000000e+00 4.836972057819366455e-01 7.202261127531528473e-03 2.066081911325454712e-01 0.000000000000000000e+00 0.000000000000000000e+00
4.022506065666675568e-03 0.000000000000000000e+00 1.100854715332388878e-03 0.000000000000000000e+00 1.074527874588966370e-01 1.412222236394882202e-01 3.680268526077270508e-01 0.000000000000000000e+00 0.000000000000000000e+00 0.000000000000000000e+00 0.000000000000000000e+00
4.126710409764200449e-04 1.966642737388610840e-01 1.131928563117980957e-01 3.926014602184295654e-01 3.460432402789592743e-03 1.013680696487426758e-01 1.268313527107238770e-01 0.000000000000000000e+00 1.713272067718207836e-03 5.781290587037801743e-03 5.418254435062408447e-02
7.785990089178085327e-02 0.000000000000000000e+00 0.000000000000000000e+00 0.000000000000000000e+00 3.492449875921010971e-03 1.933039426803588867e-01 6.053810007870197296e-03 2.217437475919723511e-01 1.172301247715950012e-01 0.000000000000000000e+00 0.000000000000000000e+00
5.726866656914353371e-04 8.958767866715788841e-04 5.736893508583307266e-04 8.953616488724946976e-04 0.000000000000000000e+00 3.804104635491967201e-04 9.193152654916048050e-04 5.924200522713363171e-04 6.862179725430905819e-04 1.208280911669135094e-03 2.446695696562528610e-03
0.000000000000000000e+00 1.690267381491139531e-04 0.000000000000000000e+00 4.897227627225220203e-04 0.000000000000000000e+00 8.019872009754180908e-02 4.266310483217239380e-03 0.000000000000000000e+00 0.000000000000000000e+00 1.470910478383302689e-02 1.985687464475631714e-01
3.952117636799812317e-03 1.230755150318145752e-01 0.000000000000000000e+00 6.518440786749124527e-03 0.000000000000000000e+00 4.100647568702697754e-02 8.257682621479034424e-02 4.765017423778772354e-03 2.021324634552001953e-01 1.698751598596572876e-01 2.780689001083374023e-01
0.000000000000000000e+00 3.582583069801330566e-01 1.117483130656182766e-03 0.000000000000000000e+00 3.477481007575988770e-02 0.000000000000000000e+00 0.000000000000000000e+00 1.089083743863739073e-04 1.741838525049388409e-03 0.000000000000000000e+00 0.000000000000000000e+00
1.977909356355667114e-02 5.459373071789741516e-02 3.231292963027954102e-02 4.269114881753921509e-02 0.000000000000000000e+00 5.468320474028587341e-02 4.628880321979522705e-02 3.588033840060234070e-02 1.932294853031635284e-02 2.713697031140327454e-02 5.667833238840103149e-02
0.000000000000000000e+00 0.000000000000000000e+00 0.000000000000000000e+00 0.000000000000000000e+00 5.050493637099862099e-04 0.000000000000000000e+00 0.000000000000000000e+00 0.000000000000000000e+00 0.000000000000000000e+00 0.000000000000000000e+00 0.000000000000000000e+00
0.000000000000000000e+00 0.000000000000000000e+00 9.068834515346679837e-06 4.631983301806030795e-06 2.397537537035532296e-05 0.000000000000000000e+00 2.389943801972549409e-06 7.256750905071385205e-06 0.000000000000000000e+00 8.316438652400393039e-06 0.000000000000000000e+00
