0.000000000000000000e+00 0.000000000000000000e+00 0.000000000000000000e+00 0.000000000000000000e+00 0.000000000000000000e+00 0.000000000000000000e+00 0.000000000000000000e+00 1.287017948925495148e-03 0.000000000000000000e+00 0.000000000000000000e+00 0.000000000000000000e+00
1.311833504587411880e-02 0.000000000000000000e+00 8.066402748227119446e-03 3.038629190996289253e-03 0.000000000000000000e+00 0.000000000000000000e+00 0.000000000000000000e+00 5.335587542504072189e-03 4.619263112545013428e-03 0.000000000000000000e+00 0.000000000000000000e+00
0.000000000000000000e+00 7.498821709305047989e-03 0.000000000000000000e+00 0.000000000000000000e+00 0.000000000000000000e+00 8.559898473322391510e-03 6.993217393755912781e-03 0.000000000000000000e+00 8.030007593333721161e-03 6.179836113005876541e-03 0.000000000000000000e+00
6.985148880630731583e-03 0.000000000000000000e+00 0.000000000000000000e+00 5.056723020970821381e-03 7.615269161760807037e-03 0.000000000000000000e+00 0.000000000000000000e+00 9.869569912552833557e-03 0.000000000000000000e+00 6.109601352363824844e-03 0.000000000000000000e+00
8.534107473678886890e-05 4.059432831127196550e-04 1.287839404540136456e-04 1.232114736922085285e-04 2.710505431213761085e-20 2.572273078840225935e-04 3.637921327026560903e-05 0.000000000000000000e+00 5.258685996523126960e-05 4.548011638689786196e-04 8.104567532427608967e-04
0.000000000000000000e+00 0.000000000000000000e+00 0.000000000000000000e+00 0.000000000000000000e+00 0.000000000000000000e+00 1.105067320168018341e-02 0.000000000000000000e+00 0.000000000000000000e+00 0.000000000000000000e+00 0.000000000000000000e+00 0.000000000000000000e+00
1.517315488308668137e-02 4.974654875695705414e-03 0.000000000000000000e+00 3.607990918681025505e-03 0.000000000000000000e+00 2.245028968900442123e-03 8.287534117698669434e-03 7.632900495082139969e-03 1.994118560105562210e-03 8.812446612864732742e-04 0.000000000000000000e+00
0.000000000000000000e+00 4.688093904405832291e-03 3.966201096773147583e-03 0.000000000000000000e+00 0.000000000000000000e+00 0.000000000000000000e+00 0.000000000000000000e+00 7.107103010639548302e-04 6.625511683523654938e-03 0.000000000000000000e+00 5.913137923926115036e-03
0.000000000000000000e+00 7.610953412950038910e-03 0.000000000000000000e+00 1.566649531014263630e-03 0.000000000000000000e+00 0.000000000000000000e+00 6.795079912990331650e-03 0.000000000000000000e+00 0.000000000000000000e+00 1.245186547748744488e-03 6.191584980115294456e-04
4.049841780215501785e-03 0.000000000000000000e+00 9.039508178830146790e-03 0.000000000000000000e+00 3.805142641067504883e-02 4.307528492063283920e-03 0.000000000000000000e+00 9.015420218929648399e-04 5.941059906035661697e-03 0.000000000000000000e+00 8.597103878855705261e-03
0.000000000000000000e+00 0.000000000000000000e+00 1.164939112641150132e-05 0.000000000000000000e+00 1.995144521060865372e-05 0.000000000000000000e+00 3.233747065678471699e-06 5.977245109534123912e-06 2.489495500412886031e-06 3.053089585591806099e-06 0.000000000000000000e+00
