0.000000000000000000e+00 0.000000000000000000e+00 1.397674623876810074e-02 0.000000000000000000e+00 0.000000000000000000e+00 0.000000000000000000e+00 8.820109651423990726e-04 8.846173062920570374e-03 0.000000000000000000e+00 0.000000000000000000e+00 0.000000000000000000e+00
2.116215601563453674e-02 0.000000000000000000e+00 1.815866865217685699e-02 2.966143190860748291e-03 0.000000000000000000e+00 0.000000000000000000e+00 4.793472588062286377e-03 2.556311897933483124e-03 1.614878140389919281e-02 0.000000000000000000e+00 0.000000000000000000e+00
7.723625283688306808e-03 1.038184389472007751e-03 0.000000000000000000e+00 4.346639034338295460e-04 1.728830486536026001e-02 7.878384552896022797e-03 0.000000000000000000e+00 0.000000000000000000e+00 1.212304923683404922e-03 8.781170472502708435e-03 7.084568962454795837e-03
2.322734892368316650e-02 4.087622277438640594e-03 0.000000000000000000e+00 0.000000000000000000e+00 1.719330623745918274e-02 0.000000000000000000e+00 1.101610902696847916e-02 1.569370925426483154e-02 0.000000000000000000e+00 0.000000000000000000e+00 0.000000000000000000e+00
0.000000000000000000e+00 2.728981053223833442e-05 1.263128360733389854e-04 1.897387846838682890e-04 0.000000000000000000e+00 1.882282522274181247e-04 1.502862287452444434e-04 0.000000000000000000e+00 6.025575930834747851e-05 5.154056125320494175e-04 6.152319838292896748e-04
0.000000000000000000e+00 0.000000000000000000e+00 0.000000000000000000e+00 0.000000000000000000e+00 0.000000000000000000e+00 1.586387865245342255e-03 0.000000000000000000e+00 0.000000000000000000e+00 0.000000000000000000e+00 0.000000000000000000e+00 0.000000000000000000e+00
1.088331453502178192e-03 1.412827335298061371e-02 0.000000000000000000e+00 0.000000000000000000e+00 0.000000000000000000e+00 6.590379402041435242e-03 2.953327260911464691e-03 1.475628465414047241e-02 0.000000000000000000e+00 1.601017825305461884e-02 4.833024460822343826e-03
0.000000000000000000e+00 0.000000000000000000e+00 0.000000000000000000e+00 0.000000000000000000e+00 4.471453372389078140e-03 8.474043570458889008e-03 4.615200683474540710e-03 1.815746218198910356e-04 1.534852292388677597e-02 0.000000000000000000e+00 0.000000000000000000e+00
0.000000000000000000e+00 9.591027162969112396e-03 8.935280144214630127e-03 0.000000000000000000e+00 0.000000000000000000e+00 0.000000000000000000e+00 6.808396428823471069e-03 6.172031164169311523e-03 0.000000000000000000e+00 0.000000000000000000e+00 7.767489296384155750e-04
8.248434402048587799e-03 1.062809396535158157e-02 2.189036831259727478e-02 0.000000000000000000e+00 4.844222962856292725e-02 0.000000000000000000e+00 0.000000000000000000e+00 0.000000000000000000e+00 6.592158228158950806e-03 0.000000000000000000e+00 1.134729851037263870e-02
0.000000000000000000e+00 1.018461261992342770e-06 5.050655090599320829e-06 3.477046448097098619e-06 9.091635547520127147e-06 0.000000000000000000e+00 3.814286401393474080e-06 2.049062004516599700e-06 1.953147148014977574e-06 2.607294163681217469e-06 0.000000000000000000e+00
