0.000000000000000000e+00 1.669221674092113972e-03 3.924067423213273287e-04 0.000000000000000000e+00 0.000000000000000000e+00 0.000000000000000000e+00 4.268996999599039555e-04 2.446503378450870514e-03 7.954498869366943836e-04 0.000000000000000000e+00 0.000000000000000000e+00
4.404856357723474503e-03 0.000000000000000000e+00 1.037010108120739460e-03 5.034169880673289299e-04 0.000000000000000000e+00 2.559702377766370773e-03 1.202166022267192602e-04 0.000000000000000000e+00 1.268450869247317314e-04 2.865465648937970400e-04 0.000000000000000000e+00
0.000000000000000000e+00 6.918307393789291382e-03 1.282642944715917110e-03 0.000000000000000000e+00 0.000000000000000000e+00 1.081939321011304855e-02 0.000000000000000000e+00 0.000000000000000000e+00 0.000000000000000000e+00 0.000000000000000000e+00 9.007538901641964912e-04
0.000000000000000000e+00 1.522052683867514133e-03 0.000000000000000000e+00 3.166457172483205795e-04 4.516896791756153107e-03 0.000000000000000000e+00 1.601903466507792473e-03 4.259081091731786728e-03 0.000000000000000000e+00 4.351576324552297592e-03 0.000000000000000000e+00
3.042572643607854843e-05 9.060712181963026524e-05 2.409767330391332507e-05 1.108606302295811474e-04 0.000000000000000000e+00 9.305313142249360681e-05 2.030114264925941825e-04 1.150898096966557205e-04 1.198436584672890604e-04 1.963336253538727760e-04 3.057642315980046988e-04
0.000000000000000000e+00 0.000000000000000000e+00 0.000000000000000000e+00 0.000000000000000000e+00 0.000000000000000000e+00 0.000000000000000000e+00 0.000000000000000000e+00 0.000000000000000000e+00 0.000000000000000000e+00 0.000000000000000000e+00 5.339867901057004929e-03
1.909610931761562824e-03 0.000000000000000000e+00 2.255145926028490067e-03 4.927025642246007919e-03 1.753551769070327282e-04 5.840103141963481903e-03 2.112798858433961868e-03 8.161983452737331390e-03 2.026222413405776024e-03 9.988523088395595551e-03 7.183740846812725067e-03
0.000000000000000000e+00 9.017684496939182281e-03 0.000000000000000000e+00 3.485156456008553505e-03 5.024725105613470078e-03 4.722317680716514587e-03 0.000000000000000000e+00 0.000000000000000000e+00 8.984849788248538971e-03 0.000000000000000000e+00 0.000000000000000000e+00
4.748590756207704544e-03 0.000000000000000000e+00 0.000000000000000000e+00 0.000000000000000000e+00 0.000000000000000000e+00 0.000000000000000000e+00 3.803097177296876907e-03 0.000000000000000000e+00 0.000000000000000000e+00 0.000000000000000000e+00 0.000000000000000000e+00
5.132764577865600586e-03 9.276124183088541031e-04 3.194896038621664047e-03 0.000000000000000000e+00 2.998317964375019073e-02 0.000000000000000000e+00 2.687305677682161331e-04 0.000000000000000000e+00 0.000000000000000000e+00 0.000000000000000000e+00 1.066083833575248718e-02
0.000000000000000000e+00 0.000000000000000000e+00 5.167606104805599898e-06 2.350711838516872376e-06 4.116890977456932887e-06 0.000000000000000000e+00 1.954526169356540777e-06 2.034526687566540204e-06 0.000000000000000000e+00 2.751101646936149336e-06 0.000000000000000000e+00
