1.109300231933593750e+01 5.863319396972656250e+01 7.047770690917968750e+01 1.224488258361816406e+01 9.038409218192100525e-03 4.496681503951549530e-03 6.778286743164062500e+01 7.056778717041015625e+01 6.272144317626953125e+01 4.566757583618164062e+01 4.552831649780273438e+00
1.819391601562500000e+04 0.000000000000000000e+00 2.426889160156250000e+03 2.655646289062500000e+04 2.877273946069180965e-04 1.250079296875000000e+04 1.492961328125000000e+04 1.351485644531250000e+04 3.020314453125000000e+04 2.622478710937500000e+04 3.198859375000000000e+04
1.472962890625000000e+03 2.760846557617187500e+02 2.597810668945312500e+02 8.086887817382812500e+02 6.366230991261545569e-06 1.053981738281250000e+04 8.457300781250000000e+03 7.267893791198730469e+00 4.744301757812500000e+03 8.338438476562500000e+03 4.084985703229904175e-02
1.342626855468750000e+04 2.054306640625000000e+02 1.388937584124505520e-03 3.948577880859375000e+03 7.413312988281250000e+02 8.164300781250000000e+03 7.474756347656250000e+03 2.585736816406250000e+03 2.310566406250000000e+03 6.741678714752197266e+00 1.758561706542968750e+02
2.645204353332519531e+01 6.156412506103515625e+01 1.119609737396240234e+01 3.935914230346679688e+01 0.000000000000000000e+00 4.538594436645507812e+01 1.022706127166748047e+01 1.790319442749023438e+01 5.738757610321044922e+00 4.754375839233398438e+01 1.191234893798828125e+02
0.000000000000000000e+00 0.000000000000000000e+00 0.000000000000000000e+00 0.000000000000000000e+00 0.000000000000000000e+00 6.062701231712708250e-06 0.000000000000000000e+00 0.000000000000000000e+00 0.000000000000000000e+00 0.000000000000000000e+00 2.344235229492187500e+01
1.733141601562500000e+03 2.052079492187500000e+04 9.479944407939910889e-02 5.341288085937500000e+03 1.176677457988262177e-02 4.259673309326171875e+01 2.888341369628906250e+02 1.031348228454589844e+01 6.850400390625000000e+03 9.163513671875000000e+03 2.304364453125000000e+04
2.417278476059436798e-03 1.234755859375000000e+03 2.216171093750000000e+04 9.338835144042968750e+01 1.407675292968750000e+04 3.381087493896484375e+01 8.635200805664062500e+02 1.200100781250000000e+04 2.736374609375000000e+04 2.864959716796875000e+01 5.917389678955078125e+01
0.000000000000000000e+00 9.297675000000000000e+04 1.296407109375000000e+05 2.905676562500000000e+04 2.280939257812500000e+04 8.251275781250000000e+04 9.318437500000000000e+02 1.305419921875000000e+02 2.686078710937500000e+04 4.966747265625000000e+04 3.676320703125000000e+04
0.000000000000000000e+00 0.000000000000000000e+00 0.000000000000000000e+00 0.000000000000000000e+00 1.880034484863281250e+02 0.000000000000000000e+00 0.000000000000000000e+00 0.000000000000000000e+00 0.000000000000000000e+00 0.000000000000000000e+00 0.000000000000000000e+00
0.000000000000000000e+00 4.877071827650070190e-02 6.046626567840576172e-01 1.028402824886143208e-03 8.264898657798767090e-01 0.000000000000000000e+00 1.403729319572448730e-01 5.587285757064819336e-01 8.501363168988973484e-08 4.558576047420501709e-01 4.231270868331193924e-04
