0.000000000000000000e+00 3.029951185453683138e-04 0.000000000000000000e+00 0.000000000000000000e+00 0.000000000000000000e+00 0.000000000000000000e+00 6.415431271307170391e-04 7.084480021148920059e-03 4.309091717004776001e-03 0.000000000000000000e+00 0.000000000000000000e+00
1.257158536463975906e-02 0.000000000000000000e+00 0.000000000000000000e+00 0.000000000000000000e+00 0.000000000000000000e+00 0.000000000000000000e+00 2.162214834243059158e-03 5.849705543369054794e-03 0.000000000000000000e+00 0.000000000000000000e+00 6.845149211585521698e-03
0.000000000000000000e+00 0.000000000000000000e+00 0.000000000000000000e+00 2.709692576900124550e-03 0.000000000000000000e+00 3.484706161543726921e-03 5.631813779473304749e-03 0.000000000000000000e+00 0.000000000000000000e+00 8.510053157806396484e-03 0.000000000000000000e+00
0.000000000000000000e+00 0.000000000000000000e+00 0.000000000000000000e+00 5.013000220060348511e-03 4.291068296879529953e-03 0.000000000000000000e+00 0.000000000000000000e+00 6.259564543142914772e-04 9.891559602692723274e-04 5.414847400970757008e-04 0.000000000000000000e+00
9.243785461876541376e-05 2.243106137029826641e-04 2.270448603667318821e-04 2.392764872638508677e-04 0.000000000000000000e+00 2.825642877724021673e-04 1.759138103807345033e-04 4.720285869552753866e-05 1.521948288427665830e-04 2.392334426986053586e-04 8.309297263622283936e-04
0.000000000000000000e+00 0.000000000000000000e+00 0.000000000000000000e+00 0.000000000000000000e+00 0.000000000000000000e+00 0.000000000000000000e+00 0.000000000000000000e+00 0.000000000000000000e+00 0.000000000000000000e+00 0.000000000000000000e+00 0.000000000000000000e+00
1.152784470468759537e-02 0.000000000000000000e+00 0.000000000000000000e+00 1.328178797848522663e-03 0.000000000000000000e+00 0.000000000000000000e+00 3.434837795794010162e-03 5.285572726279497147e-03 0.000000000000000000e+00 3.830931149423122406e-03 1.413651742041110992e-02
0.000000000000000000e+00 9.445218369364738464e-03 6.669657304883003235e-03 0.000000000000000000e+00 0.000000000000000000e+00 0.000000000000000000e+00 0.000000000000000000e+00 0.000000000000000000e+00 7.225253153592348099e-03 3.692566882818937302e-03 3.088196273893117905e-03
3.700678236782550812e-03 3.344496944919228554e-04 0.000000000000000000e+00 0.000000000000000000e+00 0.000000000000000000e+00 0.000000000000000000e+00 5.076440516859292984e-03 6.488540675491094589e-04 0.000000000000000000e+00 5.615534726530313492e-03 7.754356134682893753e-03
7.348512299358844757e-03 0.000000000000000000e+00 0.000000000000000000e+00 3.624330740422010422e-03 4.129742830991744995e-02 0.000000000000000000e+00 0.000000000000000000e+00 0.000000000000000000e+00 0.000000000000000000e+00 0.000000000000000000e+00 1.328092627227306366e-02
0.000000000000000000e+00 1.384701135975774378e-06 5.415874511527363211e-06 0.000000000000000000e+00 9.996902917919214815e-06 0.000000000000000000e+00 3.299910986243048683e-06 4.780004019266925752e-06 0.000000000000000000e+00 5.266482276056194678e-06 0.000000000000000000e+00
