0.000000000000000000e+00 3.434177720919251442e-03 6.485060323029756546e-03 0.000000000000000000e+00 0.000000000000000000e+00 0.000000000000000000e+00 1.541687524877488613e-03 0.000000000000000000e+00 1.461703679524362087e-03 0.000000000000000000e+00 0.000000000000000000e+00
3.846056293696165085e-03 0.000000000000000000e+00 5.409331526607275009e-03 7.378418929874897003e-03 0.000000000000000000e+00 0.000000000000000000e+00 5.744528956711292267e-03 6.670820061117410660e-03 0.000000000000000000e+00 0.000000000000000000e+00 9.253968019038438797e-04
4.724978643935173750e-04 1.260388735681772232e-02 4.503268748521804810e-03 2.868149196729063988e-03 4.602054134011268616e-03 6.085577886551618576e-03 1.946850330568850040e-03 0.000000000000000000e+00 1.021012850105762482e-02 1.004243548959493637e-02 9.088693768717348576e-04
0.000000000000000000e+00 6.674434058368206024e-03 0.000000000000000000e+00 0.000000000000000000e+00 7.940370705910027027e-04 0.000000000000000000e+00 5.937314708717167377e-04 9.948945604264736176e-03 0.000000000000000000e+00 5.720339249819517136e-03 0.000000000000000000e+00
0.000000000000000000e+00 1.933567982632666826e-04 1.904360688058659434e-04 1.969991863006725907e-04 0.000000000000000000e+00 2.189239166909828782e-04 1.084585092030465603e-04 0.000000000000000000e+00 1.900899369502440095e-04 4.023341462016105652e-04 5.015715723857283592e-04
0.000000000000000000e+00 0.000000000000000000e+00 0.000000000000000000e+00 0.000000000000000000e+00 0.000000000000000000e+00 1.133905723690986633e-03 0.000000000000000000e+00 0.000000000000000000e+00 0.000000000000000000e+00 0.000000000000000000e+00 0.000000000000000000e+00
7.605517748743295670e-03 4.468153696507215500e-03 0.000000000000000000e+00 0.000000000000000000e+00 0.000000000000000000e+00 0.000000000000000000e+00 3.104642732068896294e-03 3.445118200033903122e-03 2.374023664742708206e-03 1.146654176409356296e-05 3.807686502113938332e-03
0.000000000000000000e+00 2.138291019946336746e-03 0.000000000000000000e+00 0.000000000000000000e+00 7.445964147336781025e-04 1.105147763155400753e-03 0.000000000000000000e+00 1.591784064657986164e-03 4.607317969202995300e-03 1.550745218992233276e-05 0.000000000000000000e+00
0.000000000000000000e+00 8.010261226445436478e-04 1.103155314922332764e-03 2.669868292286992073e-03 0.000000000000000000e+00 0.000000000000000000e+00 7.362439297139644623e-03 0.000000000000000000e+00 0.000000000000000000e+00 0.000000000000000000e+00 0.000000000000000000e+00
9.592697024345397949e-03 1.010522432625293732e-02 5.357541143894195557e-03 0.000000000000000000e+00 3.388071805238723755e-02 2.226731972768902779e-03 3.258608980104327202e-03 0.000000000000000000e+00 4.739734809845685959e-03 0.000000000000000000e+00 5.012811161577701569e-03
0.000000000000000000e+00 0.000000000000000000e+00 6.214939276105724275e-06 2.754107754299184307e-06 9.375461559102404863e-06 0.000000000000000000e+00 3.147352174437401118e-07 3.002289986397954635e-06 0.000000000000000000e+00 3.058625452467822470e-06 0.000000000000000000e+00
