0.000000000000000000e+00 7.649559974670410156e-01 8.211190625000000000e+04 0.000000000000000000e+00 0.000000000000000000e+00 0.000000000000000000e+00 4.521113281250000000e+04 1.533571777343750000e+02 8.791525615379214287e-04 1.733588409423828125e+01 0.000000000000000000e+00
2.172379882812500000e+03 3.022548844455741346e-05 1.046612792968750000e+04 2.865362109375000000e+04 1.960471630096435547e+00 1.512903571128845215e+00 3.769206250000000000e+04 8.576207160949707031e-01 1.550609779357910156e+01 2.836864471435546875e+01 2.797778320312500000e+04
2.350065673828125000e+03 1.619520117187500000e+04 1.147478125000000000e+04 1.647168750000000000e+04 7.061737179756164551e-01 9.763646484375000000e+03 1.088882031250000000e+04 4.774733543395996094e+00 1.175908126831054688e+02 9.342926025390625000e+02 2.050888824462890625e+02
1.075505957031250000e+04 7.777554199218750000e+03 2.853477050781250000e+03 2.385085144042968750e+02 8.537183761596679688e+00 3.471671752929687500e+02 1.269445117187500000e+04 9.274953125000000000e+03 1.522885839843750000e+04 3.719852539062500000e+03 4.788224487304687500e+02
4.572081267833709717e-01 9.701883316040039062e+00 5.428206443786621094e+00 5.750126361846923828e+00 3.472286380201694556e-06 3.569807767868041992e+00 5.673161506652832031e+00 4.936346054077148438e+00 7.274989604949951172e+00 9.066886901855468750e+00 2.850471305847167969e+01
0.000000000000000000e+00 0.000000000000000000e+00 0.000000000000000000e+00 0.000000000000000000e+00 0.000000000000000000e+00 1.611376553773880005e-02 0.000000000000000000e+00 0.000000000000000000e+00 0.000000000000000000e+00 0.000000000000000000e+00 8.240056104114046320e-07
6.625750976562500000e+03 2.241076562500000000e+04 1.214708238840103149e-01 1.310025482177734375e+02 0.000000000000000000e+00 1.014930859375000000e+04 8.497337890625000000e+03 3.453553676605224609e+00 1.274863037109375000e+03 1.099500097656250000e+04 2.687766723632812500e+02
0.000000000000000000e+00 1.314327539062500000e+04 1.700145483016967773e+00 1.862388305664062500e+02 7.743304687500000000e+03 2.886269531250000000e+04 1.054181445312500000e+04 4.300523925781250000e+03 6.194401855468750000e+02 4.856045532226562500e+01 1.389746777343750000e+04
1.644230365753173828e+00 2.236195068359375000e+02 1.126282910156250000e+04 3.370477539062500000e+03 3.045200729370117188e+01 1.049611358642578125e+02 1.226341918945312500e+03 5.213731765747070312e+00 6.329674243927001953e+00 5.137597656250000000e+01 6.760303710937500000e+03
0.000000000000000000e+00 0.000000000000000000e+00 0.000000000000000000e+00 0.000000000000000000e+00 2.468568801879882812e+01 0.000000000000000000e+00 0.000000000000000000e+00 0.000000000000000000e+00 0.000000000000000000e+00 0.000000000000000000e+00 8.685024681653885636e-07
0.000000000000000000e+00 1.614683307707309723e-03 7.243874669075012207e-02 9.267865121364593506e-02 2.492382526397705078e-01 0.000000000000000000e+00 4.657533019781112671e-02 6.059885397553443909e-02 2.581559499503782718e-07 1.954141557216644287e-01 4.216316824567911681e-07
