0.000000000000000000e+00 4.496992565691471100e-03 1.156507711857557297e-02 0.000000000000000000e+00 0.000000000000000000e+00 0.000000000000000000e+00 1.052243728190660477e-02 0.000000000000000000e+00 7.078138180077075958e-03 0.000000000000000000e+00 0.000000000000000000e+00
1.812941022217273712e-02 0.000000000000000000e+00 5.353656597435474396e-03 2.506828401237726212e-03 0.000000000000000000e+00 0.000000000000000000e+00 5.207954905927181244e-03 0.000000000000000000e+00 0.000000000000000000e+00 0.000000000000000000e+00 0.000000000000000000e+00
0.000000000000000000e+00 9.567445958964526653e-04 0.000000000000000000e+00 6.087605841457843781e-03 3.929153084754943848e-03 0.000000000000000000e+00 1.349053462035953999e-03 0.000000000000000000e+00 0.000000000000000000e+00 3.832588437944650650e-03 1.267765462398529053e-02
1.998771540820598602e-02 0.000000000000000000e+00 3.882911056280136108e-03 0.000000000000000000e+00 1.110084448009729385e-02 6.571887060999870300e-04 0.000000000000000000e+00 1.732112467288970947e-02 2.785510849207639694e-03 0.000000000000000000e+00 0.000000000000000000e+00
1.797632721718400717e-04 3.466515918262302876e-04 2.907794842030853033e-04 4.727675404865294695e-04 0.000000000000000000e+00 3.924445773009210825e-04 4.860112676396965981e-04 2.966413449030369520e-04 5.080500850453972816e-04 4.862900532316416502e-04 8.822643430903553963e-04
0.000000000000000000e+00 0.000000000000000000e+00 0.000000000000000000e+00 0.000000000000000000e+00 0.000000000000000000e+00 2.879731357097625732e-03 0.000000000000000000e+00 0.000000000000000000e+00 0.000000000000000000e+00 0.000000000000000000e+00 0.000000000000000000e+00
2.975499024614691734e-03 8.861751295626163483e-03 0.000000000000000000e+00 0.000000000000000000e+00 0.000000000000000000e+00 8.933291770517826080e-03 0.000000000000000000e+00 2.250524703413248062e-03 1.016881689429283142e-02 6.717519368976354599e-03 6.876868661493062973e-03
0.000000000000000000e+00 4.205505829304456711e-03 0.000000000000000000e+00 0.000000000000000000e+00 0.000000000000000000e+00 0.000000000000000000e+00 2.205234952270984650e-03 0.000000000000000000e+00 4.915147437714040279e-04 0.000000000000000000e+00 2.221841597929596901e-03
0.000000000000000000e+00 0.000000000000000000e+00 1.122963242232799530e-02 0.000000000000000000e+00 0.000000000000000000e+00 1.748107140883803368e-03 2.893900964409112930e-03 1.487647299654781818e-03 0.000000000000000000e+00 0.000000000000000000e+00 9.811212308704853058e-03
1.003812626004219055e-02 1.466865371912717819e-02 1.333831716328859329e-02 0.000000000000000000e+00 3.802290558815002441e-02 0.000000000000000000e+00 0.000000000000000000e+00 0.000000000000000000e+00 5.222225096076726913e-03 0.000000000000000000e+00 1.062576659023761749e-03
0.000000000000000000e+00 1.999947471631458029e-06 6.230652161320904270e-06 4.452750545169692487e-06 1.095644802262540907e-05 0.000000000000000000e+00 6.675605163763975725e-06 6.683545052510453388e-06 0.000000000000000000e+00 6.514920642075594515e-06 0.000000000000000000e+00
