0.000000000000000000e+00 0.000000000000000000e+00 0.000000000000000000e+00 0.000000000000000000e+00 0.000000000000000000e+00 0.000000000000000000e+00 0.000000000000000000e+00 1.896556583233177662e-03 3.729951276909559965e-04 0.000000000000000000e+00 0.000000000000000000e+00
5.181584507226943970e-03 0.000000000000000000e+00 2.413532696664333344e-03 0.000000000000000000e+00 1.188124297186732292e-03 0.000000000000000000e+00 0.000000000000000000e+00 0.000000000000000000e+00 0.000000000000000000e+00 0.000000000000000000e+00 0.000000000000000000e+00
3.310466127004474401e-04 1.566109131090342999e-03 0.000000000000000000e+00 4.835620347876101732e-04 3.282798919826745987e-03 1.582534285262227058e-03 1.983924070373177528e-03 0.000000000000000000e+00 0.000000000000000000e+00 3.424394642934203148e-03 0.000000000000000000e+00
5.433209240436553955e-03 0.000000000000000000e+00 5.128293196321465075e-05 0.000000000000000000e+00 4.843871109187602997e-03 0.000000000000000000e+00 5.193100078031420708e-04 3.352976636961102486e-03 2.741397125646471977e-03 0.000000000000000000e+00 0.000000000000000000e+00
8.264554344350472093e-05 1.613938948139548302e-04 1.202288694912567735e-04 6.801740528317168355e-05 0.000000000000000000e+00 1.351055398117750883e-04 7.328343781409785151e-05 5.263827551971189678e-05 1.015883535728789866e-04 2.429046726319938898e-04 4.337196296546608210e-04
0.000000000000000000e+00 0.000000000000000000e+00 1.687430078163743019e-03 0.000000000000000000e+00 0.000000000000000000e+00 1.415636576712131500e-02 0.000000000000000000e+00 1.504444517195224762e-03 0.000000000000000000e+00 2.424455247819423676e-03 2.258992195129394531e-02
2.953943796455860138e-03 0.000000000000000000e+00 0.000000000000000000e+00 4.948501009494066238e-05 0.000000000000000000e+00 3.364038188010454178e-03 0.000000000000000000e+00 1.135695492848753929e-03 4.803257994353771210e-03 4.052452743053436279e-03 1.012001303024590015e-03
0.000000000000000000e+00 0.000000000000000000e+00 2.201952738687396049e-03 0.000000000000000000e+00 1.746118883602321148e-03 2.588451607152819633e-04 1.040557399392127991e-04 0.000000000000000000e+00 3.259975463151931763e-03 0.000000000000000000e+00 0.000000000000000000e+00
1.708704163320362568e-03 2.008265582844614983e-03 2.098833210766315460e-03 0.000000000000000000e+00 0.000000000000000000e+00 3.405375900911167264e-05 4.829488229006528854e-03 0.000000000000000000e+00 9.815123630687594414e-04 3.643635427579283714e-03 5.348764825612306595e-04
2.644650638103485107e-03 1.433382858522236347e-03 5.123117472976446152e-03 0.000000000000000000e+00 1.569489017128944397e-02 0.000000000000000000e+00 4.974621697328984737e-04 9.914862457662820816e-04 3.934986423701047897e-03 0.000000000000000000e+00 8.479317650198936462e-03
0.000000000000000000e+00 0.000000000000000000e+00 1.141692109740688466e-06 3.978629763423668919e-07 2.315740175617975183e-06 0.000000000000000000e+00 0.000000000000000000e+00 1.154115579993231222e-06 0.000000000000000000e+00 0.000000000000000000e+00 0.000000000000000000e+00
