0.000000000000000000e+00 2.429188461974263191e-03 1.149263815023005009e-03 0.000000000000000000e+00 0.000000000000000000e+00 0.000000000000000000e+00 1.756604877300560474e-03 2.173732034862041473e-03 0.000000000000000000e+00 0.000000000000000000e+00 0.000000000000000000e+00
3.200680483132600784e-03 0.000000000000000000e+00 2.228863537311553955e-03 0.000000000000000000e+00 0.000000000000000000e+00 0.000000000000000000e+00 0.000000000000000000e+00 0.000000000000000000e+00 2.753611886873841286e-03 0.000000000000000000e+00 0.000000000000000000e+00
3.363465191796422005e-03 1.656936132349073887e-03 1.110229990445077419e-03 0.000000000000000000e+00 0.000000000000000000e+00 3.714722814038395882e-03 0.000000000000000000e+00 0.000000000000000000e+00 0.000000000000000000e+00 4.113641567528247833e-03 7.715609390288591385e-04
2.589604118838906288e-03 6.635805475525557995e-04 2.455222420394420624e-04 0.000000000000000000e+00 0.000000000000000000e+00 0.000000000000000000e+00 1.596975605934858322e-03 1.288455678150057793e-04 0.000000000000000000e+00 0.000000000000000000e+00 0.000000000000000000e+00
3.606899917940609157e-05 1.055240209097974002e-04 7.899826596258208156e-05 9.731027967063710093e-05 0.000000000000000000e+00 1.506814878666773438e-04 1.367297081742435694e-04 5.201073508942499757e-05 1.096429914468899369e-04 1.579827949171885848e-04 2.524213050492107868e-04
0.000000000000000000e+00 0.000000000000000000e+00 0.000000000000000000e+00 0.000000000000000000e+00 0.000000000000000000e+00 1.341423392295837402e-02 6.248292047530412674e-04 0.000000000000000000e+00 5.336823523975908756e-04 4.886055365204811096e-03 1.666506379842758179e-02
1.308482023887336254e-03 0.000000000000000000e+00 0.000000000000000000e+00 1.694458420388400555e-03 0.000000000000000000e+00 1.394678605720400810e-03 0.000000000000000000e+00 1.469450653530657291e-03 8.262988412752747536e-04 1.063220784999430180e-03 1.130283344537019730e-03
0.000000000000000000e+00 4.213231150060892105e-03 2.632694318890571594e-03 0.000000000000000000e+00 0.000000000000000000e+00 0.000000000000000000e+00 0.000000000000000000e+00 8.359516505151987076e-04 5.679392779711633921e-05 0.000000000000000000e+00 0.000000000000000000e+00
0.000000000000000000e+00 2.153876703232526779e-03 0.000000000000000000e+00 0.000000000000000000e+00 0.000000000000000000e+00 1.649339916184544563e-03 6.855927058495581150e-04 4.036902973894029856e-04 0.000000000000000000e+00 0.000000000000000000e+00 5.544627201743423939e-04
2.258650492876768112e-03 1.574485562741756439e-03 6.009392440319061279e-03 0.000000000000000000e+00 8.456300012767314911e-03 3.609159903135150671e-04 0.000000000000000000e+00 0.000000000000000000e+00 3.385725198313593864e-03 0.000000000000000000e+00 6.564951501786708832e-03
0.000000000000000000e+00 0.000000000000000000e+00 9.237111839865974616e-07 1.032421323543530889e-06 3.757088279598974623e-06 0.000000000000000000e+00 0.000000000000000000e+00 3.124987415503710508e-06 0.000000000000000000e+00 1.260446538253745530e-06 0.000000000000000000e+00
