0.000000000000000000e+00 2.302710432559251785e-03 3.548648674041032791e-03 0.000000000000000000e+00 0.000000000000000000e+00 0.000000000000000000e+00 1.743842964060604572e-03 4.787953570485115051e-03 0.000000000000000000e+00 0.000000000000000000e+00 0.000000000000000000e+00
1.550251711159944534e-02 0.000000000000000000e+00 1.065692864358425140e-02 4.711961839348077774e-03 0.000000000000000000e+00 0.000000000000000000e+00 2.007246715947985649e-03 0.000000000000000000e+00 0.000000000000000000e+00 0.000000000000000000e+00 0.000000000000000000e+00
1.194454822689294815e-02 1.024334691464900970e-02 8.453634567558765411e-03 0.000000000000000000e+00 4.689005203545093536e-03 4.727733321487903595e-03 0.000000000000000000e+00 0.000000000000000000e+00 0.000000000000000000e+00 6.811401806771755219e-03 2.120055723935365677e-03
5.900523159652948380e-03 0.000000000000000000e+00 0.000000000000000000e+00 0.000000000000000000e+00 8.948622853495180607e-04 8.967529283836483955e-04 1.084113214164972305e-02 9.059173054993152618e-03 4.761417862027883530e-03 7.742871996015310287e-03 0.000000000000000000e+00
4.084278480149805546e-04 7.168655283749103546e-04 4.699120472650974989e-04 6.460751174017786980e-04 0.000000000000000000e+00 5.715201259590685368e-04 5.123211303725838661e-04 3.784692671615630388e-04 6.108358502388000488e-04 7.622007397003471851e-04 1.388067379593849182e-03
0.000000000000000000e+00 0.000000000000000000e+00 0.000000000000000000e+00 0.000000000000000000e+00 0.000000000000000000e+00 0.000000000000000000e+00 0.000000000000000000e+00 0.000000000000000000e+00 0.000000000000000000e+00 0.000000000000000000e+00 0.000000000000000000e+00
1.203373726457357407e-02 2.298254752531647682e-03 0.000000000000000000e+00 2.104662358760833740e-03 0.000000000000000000e+00 6.424488499760627747e-03 6.407531443983316422e-03 0.000000000000000000e+00 1.552460808306932449e-02 9.991001337766647339e-03 6.790974643081426620e-03
0.000000000000000000e+00 1.020269375294446945e-02 0.000000000000000000e+00 0.000000000000000000e+00 0.000000000000000000e+00 3.067038021981716156e-03 1.418020459823310375e-03 0.000000000000000000e+00 8.552318438887596130e-03 0.000000000000000000e+00 4.873614292591810226e-03
0.000000000000000000e+00 5.495676305145025253e-03 0.000000000000000000e+00 3.134720493108034134e-03 0.000000000000000000e+00 1.371540594846010208e-03 1.355096418410539627e-02 0.000000000000000000e+00 0.000000000000000000e+00 0.000000000000000000e+00 4.201073199510574341e-03
8.864792063832283020e-03 0.000000000000000000e+00 1.528558228164911270e-02 0.000000000000000000e+00 6.113370507955551147e-02 0.000000000000000000e+00 0.000000000000000000e+00 0.000000000000000000e+00 1.997816143557429314e-03 0.000000000000000000e+00 1.645396277308464050e-02
0.000000000000000000e+00 0.000000000000000000e+00 1.665802301431540400e-05 3.638219368440331891e-06 1.966495619853958488e-05 0.000000000000000000e+00 4.169626663497183472e-06 8.073515346040949225e-06 0.000000000000000000e+00 1.176323348772712052e-05 0.000000000000000000e+00
