0.000000000000000000e+00 4.065410234034061432e-03 0.000000000000000000e+00 0.000000000000000000e+00 0.000000000000000000e+00 0.000000000000000000e+00 1.259956043213605881e-03 4.847526550292968750e-03 8.120237034745514393e-04 8.156059193424880505e-04 0.000000000000000000e+00
2.723203506320714951e-03 0.000000000000000000e+00 4.491368308663368225e-03 0.000000000000000000e+00 0.000000000000000000e+00 2.115316456183791161e-04 0.000000000000000000e+00 0.000000000000000000e+00 0.000000000000000000e+00 8.174110553227365017e-04 0.000000000000000000e+00
0.000000000000000000e+00 2.653896808624267578e-03 4.190948326140642166e-03 6.451306398957967758e-05 0.000000000000000000e+00 4.883479792624711990e-03 2.365262247622013092e-03 0.000000000000000000e+00 0.000000000000000000e+00 3.364037256687879562e-03 1.233261777088046074e-03
1.183442305773496628e-03 0.000000000000000000e+00 0.000000000000000000e+00 1.009497977793216705e-02 6.878640968352556229e-03 7.056378293782472610e-03 5.958127789199352264e-03 0.000000000000000000e+00 2.122124424204230309e-03 0.000000000000000000e+00 0.000000000000000000e+00
8.531467756256461143e-05 1.403097121510654688e-04 9.426751785213127732e-05 2.058936370303854346e-04 0.000000000000000000e+00 8.206820348277688026e-05 1.682359579717740417e-04 7.285495030373567715e-06 5.472419434227049351e-05 5.314980808179825544e-05 2.712079731281846762e-04
0.000000000000000000e+00 0.000000000000000000e+00 0.000000000000000000e+00 0.000000000000000000e+00 0.000000000000000000e+00 0.000000000000000000e+00 0.000000000000000000e+00 0.000000000000000000e+00 0.000000000000000000e+00 0.000000000000000000e+00 0.000000000000000000e+00
5.701669957488775253e-03 8.552182116545736790e-04 0.000000000000000000e+00 2.757886890321969986e-03 0.000000000000000000e+00 5.935436114668846130e-03 1.309289247728884220e-03 5.268170498311519623e-03 4.234970081597566605e-03 7.561116013675928116e-03 1.183846499770879745e-02
0.000000000000000000e+00 6.336268503218889236e-03 0.000000000000000000e+00 0.000000000000000000e+00 8.001573150977492332e-04 0.000000000000000000e+00 0.000000000000000000e+00 0.000000000000000000e+00 9.061646647751331329e-03 0.000000000000000000e+00 2.450734376907348633e-03
0.000000000000000000e+00 1.127729556174017489e-04 0.000000000000000000e+00 0.000000000000000000e+00 0.000000000000000000e+00 0.000000000000000000e+00 1.344001619145274162e-03 0.000000000000000000e+00 4.207096062600612640e-03 0.000000000000000000e+00 1.938539498951286077e-04
4.111078567802906036e-03 0.000000000000000000e+00 3.701818641275167465e-03 0.000000000000000000e+00 2.846882678568363190e-02 7.262574974447488785e-03 0.000000000000000000e+00 0.000000000000000000e+00 2.814101208059582859e-06 0.000000000000000000e+00 4.629620816558599472e-03
0.000000000000000000e+00 0.000000000000000000e+00 5.000415512768086046e-06 0.000000000000000000e+00 7.168386218836531043e-06 0.000000000000000000e+00 1.666815705902990885e-06 0.000000000000000000e+00 0.000000000000000000e+00 1.753403353177418467e-06 0.000000000000000000e+00
