0.000000000000000000e+00 1.560849952511489391e-03 7.192409248091280460e-04 0.000000000000000000e+00 0.000000000000000000e+00 0.000000000000000000e+00 2.733490429818630219e-03 3.129814518615603447e-03 0.000000000000000000e+00 0.000000000000000000e+00 0.000000000000000000e+00
7.997347274795174599e-04 0.000000000000000000e+00 3.118277294561266899e-03 1.675668405368924141e-03 0.000000000000000000e+00 0.000000000000000000e+00 4.475486464798450470e-03 0.000000000000000000e+00 0.000000000000000000e+00 0.000000000000000000e+00 1.699730928521603346e-04
0.000000000000000000e+00 3.701306181028485298e-03 1.158323604613542557e-03 0.000000000000000000e+00 0.000000000000000000e+00 2.863795030862092972e-03 6.416275864467024803e-04 0.000000000000000000e+00 1.564796082675457001e-03 0.000000000000000000e+00 3.633420215919613838e-03
2.440068870782852173e-03 0.000000000000000000e+00 0.000000000000000000e+00 0.000000000000000000e+00 0.000000000000000000e+00 1.310095889493823051e-03 0.000000000000000000e+00 4.937586374580860138e-03 3.334736218675971031e-03 2.629406983032822609e-03 0.000000000000000000e+00
0.000000000000000000e+00 1.790996466297656298e-04 1.431469572708010674e-04 1.776462449925020337e-04 0.000000000000000000e+00 7.933691813377663493e-05 1.808930101105943322e-04 3.184788874932564795e-05 2.121061552315950394e-04 1.227918692165985703e-04 5.083165597170591354e-04
0.000000000000000000e+00 1.788746885722503066e-04 7.284790277481079102e-03 1.156938924395944923e-05 0.000000000000000000e+00 1.566835120320320129e-02 2.460694406181573868e-03 0.000000000000000000e+00 0.000000000000000000e+00 8.655749261379241943e-03 1.991372928023338318e-02
9.758381056599318981e-04 6.507745711132884026e-04 0.000000000000000000e+00 1.829841057769954205e-03 0.000000000000000000e+00 3.432983299717307091e-03 0.000000000000000000e+00 3.363032010383903980e-05 3.136584302410483360e-03 6.485950201749801636e-03 0.000000000000000000e+00
0.000000000000000000e+00 2.664696425199508667e-03 0.000000000000000000e+00 0.000000000000000000e+00 0.000000000000000000e+00 0.000000000000000000e+00 0.000000000000000000e+00 0.000000000000000000e+00 0.000000000000000000e+00 0.000000000000000000e+00 0.000000000000000000e+00
0.000000000000000000e+00 2.904286375269293785e-04 0.000000000000000000e+00 2.443786070216447115e-04 0.000000000000000000e+00 2.138868003385141492e-04 0.000000000000000000e+00 0.000000000000000000e+00 0.000000000000000000e+00 0.000000000000000000e+00 3.200964070856571198e-03
4.853213671594858170e-03 3.215029370039701462e-03 2.768924226984381676e-03 0.000000000000000000e+00 1.521618943661451340e-02 0.000000000000000000e+00 0.000000000000000000e+00 0.000000000000000000e+00 3.143538720905780792e-03 0.000000000000000000e+00 3.330999752506613731e-03
0.000000000000000000e+00 0.000000000000000000e+00 9.447641787119209766e-06 1.064654043148038909e-06 1.301916927332058549e-05 0.000000000000000000e+00 6.309574473561951891e-06 7.771011951263062656e-06 0.000000000000000000e+00 3.665334816105314530e-06 0.000000000000000000e+00
