0.000000000000000000e+00 6.693152427673339844e+00 5.588484191894531250e+01 0.000000000000000000e+00 0.000000000000000000e+00 0.000000000000000000e+00 3.463627624511718750e+01 5.457964706420898438e+01 6.836274147033691406e+00 0.000000000000000000e+00 0.000000000000000000e+00
4.694938659667968750e+01 1.767504960298538208e-02 9.836391448974609375e+00 8.392534637451171875e+01 7.058577239513397217e-02 1.831929321289062500e+02 8.158917236328125000e+01 6.056935119628906250e+01 7.469504547119140625e+01 1.199416809082031250e+02 1.289554443359375000e+02
7.652616500854492188e-02 2.385815048217773438e+01 8.971495056152343750e+01 7.810234832763671875e+01 1.453578662872314453e+01 6.827387237548828125e+01 9.891750335693359375e+00 7.438738066412042826e-06 2.240692615509033203e+00 6.248926544189453125e+01 3.902613116224529222e-06
3.086252403259277344e+01 6.515385150909423828e+00 2.266511535644531250e+01 5.341573715209960938e+00 4.454600811004638672e+00 8.173110008239746094e+00 7.061920166015625000e+01 4.840633392333984375e+01 2.129199218750000000e+01 3.521634340286254883e+00 1.935756325721740723e+00
8.380175381898880005e-02 3.510464131832122803e-01 4.706015586853027344e-01 3.766985535621643066e-01 0.000000000000000000e+00 1.232245266437530518e-01 2.771967351436614990e-01 3.771843910217285156e-01 4.101325273513793945e-01 3.635880947113037109e-01 1.384890317916870117e+00
0.000000000000000000e+00 0.000000000000000000e+00 0.000000000000000000e+00 0.000000000000000000e+00 0.000000000000000000e+00 0.000000000000000000e+00 0.000000000000000000e+00 0.000000000000000000e+00 0.000000000000000000e+00 0.000000000000000000e+00 1.090094184875488281e+01
5.086662292480468750e+01 1.091953182220458984e+01 2.391621112823486328e+00 1.750078201293945312e+01 2.260237503051757812e+01 2.455155944824218750e+01 1.681787300109863281e+01 2.765635251998901367e+00 3.088346290588378906e+01 4.440530776977539062e+01 1.323577308654785156e+01
0.000000000000000000e+00 9.138523101806640625e+01 2.427066713571548462e-01 2.607495069503784180e+00 1.364324212074279785e+00 1.071560668945312500e+02 7.635532379150390625e+01 1.179260063171386719e+01 5.036432647705078125e+01 1.513628244400024414e+00 2.231027526855468750e+02
1.312739700078964233e-01 3.956168413162231445e+00 7.342663574218750000e+01 5.244580459594726562e+01 1.175773859024047852e+00 1.995174255371093750e+02 1.101341009140014648e+00 2.982627868652343750e+00 2.772016716003417969e+01 5.022298693656921387e-01 6.554365539550781250e+01
1.930773444473743439e-02 0.000000000000000000e+00 2.428613185882568359e+00 0.000000000000000000e+00 1.317019348144531250e+02 0.000000000000000000e+00 0.000000000000000000e+00 5.200428888201713562e-02 8.316147923469543457e-01 0.000000000000000000e+00 7.054086685180664062e+00
0.000000000000000000e+00 2.469620596912136534e-07 1.109393686056137085e-02 1.569053158164024353e-03 1.783447712659835815e-02 0.000000000000000000e+00 1.232297392562031746e-03 7.053491659462451935e-03 1.282702396565582603e-05 1.002646423876285553e-02 8.842977695167064667e-05
