0.000000000000000000e+00 3.668245917651802301e-04 1.149731338955461979e-03 0.000000000000000000e+00 0.000000000000000000e+00 0.000000000000000000e+00 0.000000000000000000e+00 1.456264988519251347e-03 1.799079764168709517e-04 0.000000000000000000e+00 0.000000000000000000e+00
1.335277687758207321e-03 0.000000000000000000e+00 2.877810038626194000e-04 0.000000000000000000e+00 0.000000000000000000e+00 0.000000000000000000e+00 9.233171003870666027e-04 8.664200140628963709e-05 0.000000000000000000e+00 0.000000000000000000e+00 0.000000000000000000e+00
0.000000000000000000e+00 1.342571224085986614e-03 3.790044574998319149e-04 0.000000000000000000e+00 2.552012738306075335e-04 2.061916980892419815e-03 0.000000000000000000e+00 0.000000000000000000e+00 0.000000000000000000e+00 9.825276210904121399e-04 0.000000000000000000e+00
3.185830311849713326e-03 0.000000000000000000e+00 0.000000000000000000e+00 0.000000000000000000e+00 2.696853771340101957e-04 0.000000000000000000e+00 7.089895661920309067e-04 1.052470062859356403e-03 0.000000000000000000e+00 0.000000000000000000e+00 0.000000000000000000e+00
0.000000000000000000e+00 9.370670886710286140e-05 5.277655873214825988e-05 5.072112253401428461e-05 0.000000000000000000e+00 8.568778139306232333e-05 8.581274596508592367e-05 0.000000000000000000e+00 8.008579607121646404e-05 8.193876419682055712e-05 1.567047293065115809e-04
0.000000000000000000e+00 0.000000000000000000e+00 1.404719427227973938e-03 1.400193432345986366e-03 0.000000000000000000e+00 6.147709209471940994e-03 0.000000000000000000e+00 0.000000000000000000e+00 1.505983964307233691e-04 2.584727015346288681e-03 7.791515439748764038e-03
5.850025918334722519e-04 4.191984771750867367e-04 0.000000000000000000e+00 1.680232235230505466e-04 0.000000000000000000e+00 4.128444124944508076e-04 4.036126192659139633e-04 5.309770494932308793e-05 0.000000000000000000e+00 2.321732928976416588e-03 5.608656210824847221e-04
0.000000000000000000e+00 1.671789330430328846e-03 1.995885977521538734e-04 0.000000000000000000e+00 2.822293317876756191e-04 6.418690318241715431e-04 0.000000000000000000e+00 0.000000000000000000e+00 0.000000000000000000e+00 0.000000000000000000e+00 9.899264114210382104e-05
0.000000000000000000e+00 6.084050401113927364e-04 0.000000000000000000e+00 9.547790396027266979e-04 0.000000000000000000e+00 4.707807675004005432e-04 0.000000000000000000e+00 0.000000000000000000e+00 0.000000000000000000e+00 0.000000000000000000e+00 4.880854394286870956e-04
2.619342179968953133e-03 2.366591710597276688e-03 1.298614777624607086e-03 0.000000000000000000e+00 5.203375127166509628e-03 0.000000000000000000e+00 0.000000000000000000e+00 4.751544038299471140e-04 1.333832857199013233e-03 0.000000000000000000e+00 1.977810636162757874e-03
0.000000000000000000e+00 2.542650747727748239e-07 9.826181894823093899e-07 3.621852329160901718e-07 1.183496351586654782e-06 0.000000000000000000e+00 6.400167080755636562e-07 9.285386681767704431e-07 0.000000000000000000e+00 9.009037853502377402e-07 1.789164514320873423e-07
