0.000000000000000000e+00 0.000000000000000000e+00 1.618431298993527889e-03 0.000000000000000000e+00 0.000000000000000000e+00 0.000000000000000000e+00 6.384780164808034897e-03 7.305540144443511963e-03 2.736685331910848618e-03 0.000000000000000000e+00 0.000000000000000000e+00
5.154683720320463181e-03 0.000000000000000000e+00 1.691588945686817169e-02 3.668338293209671974e-03 5.178481340408325195e-03 2.109145279973745346e-03 2.736633177846670151e-03 6.324106943793594837e-04 2.747889375314116478e-03 0.000000000000000000e+00 0.000000000000000000e+00
0.000000000000000000e+00 4.333585500717163086e-03 0.000000000000000000e+00 3.724254784174263477e-04 0.000000000000000000e+00 1.031601056456565857e-02 6.329264491796493530e-03 0.000000000000000000e+00 0.000000000000000000e+00 0.000000000000000000e+00 6.329172756522893906e-04
1.704372279345989227e-02 0.000000000000000000e+00 0.000000000000000000e+00 5.467905662953853607e-03 9.452810045331716537e-04 9.710066951811313629e-03 0.000000000000000000e+00 5.126784089952707291e-03 0.000000000000000000e+00 0.000000000000000000e+00 0.000000000000000000e+00
1.946964330272749066e-04 2.964879386126995087e-04 2.956649113912135363e-04 3.144180227536708117e-04 0.000000000000000000e+00 2.766676188912242651e-04 3.387721371836960316e-04 3.064830962102860212e-04 2.348894631722941995e-04 3.844331367872655392e-04 7.052138098515570164e-04
0.000000000000000000e+00 0.000000000000000000e+00 0.000000000000000000e+00 0.000000000000000000e+00 0.000000000000000000e+00 0.000000000000000000e+00 0.000000000000000000e+00 0.000000000000000000e+00 0.000000000000000000e+00 0.000000000000000000e+00 0.000000000000000000e+00
0.000000000000000000e+00 1.098332450055750087e-05 0.000000000000000000e+00 0.000000000000000000e+00 0.000000000000000000e+00 9.249975904822349548e-03 4.685816820710897446e-03 1.175181751023046672e-04 1.187413185834884644e-02 1.401898078620433807e-02 4.768802318722009659e-03
0.000000000000000000e+00 0.000000000000000000e+00 0.000000000000000000e+00 0.000000000000000000e+00 3.910426312359049916e-05 0.000000000000000000e+00 0.000000000000000000e+00 0.000000000000000000e+00 3.117855405434966087e-03 0.000000000000000000e+00 0.000000000000000000e+00
0.000000000000000000e+00 2.590163610875606537e-03 3.931769169867038727e-03 0.000000000000000000e+00 0.000000000000000000e+00 0.000000000000000000e+00 0.000000000000000000e+00 3.390271449461579323e-04 0.000000000000000000e+00 0.000000000000000000e+00 2.655114745721220970e-03
2.367520239204168320e-03 0.000000000000000000e+00 1.570203900337219238e-02 0.000000000000000000e+00 3.455675020813941956e-02 0.000000000000000000e+00 0.000000000000000000e+00 0.000000000000000000e+00 9.674576111137866974e-03 0.000000000000000000e+00 9.295954369008541107e-03
0.000000000000000000e+00 0.000000000000000000e+00 2.898118282246286981e-06 1.440539222130610142e-06 9.212631084665190428e-06 0.000000000000000000e+00 3.496995077512110583e-06 4.451447239262051880e-06 0.000000000000000000e+00 3.977024789492134005e-06 0.000000000000000000e+00
