0.000000000000000000e+00 0.000000000000000000e+00 0.000000000000000000e+00 0.000000000000000000e+00 0.000000000000000000e+00 0.000000000000000000e+00 2.892841119319200516e-03 0.000000000000000000e+00 0.000000000000000000e+00 0.000000000000000000e+00 0.000000000000000000e+00
1.465589157305657864e-03 0.000000000000000000e+00 2.073495648801326752e-03 2.438075374811887741e-03 2.594540361315011978e-03 1.149345189332962036e-03 7.525676628574728966e-04 0.000000000000000000e+00 0.000000000000000000e+00 0.000000000000000000e+00 0.000000000000000000e+00
0.000000000000000000e+00 1.425928436219692230e-03 4.631703777704387903e-04 5.328235565684735775e-04 0.000000000000000000e+00 3.037524875253438950e-03 2.479222137480974197e-03 0.000000000000000000e+00 0.000000000000000000e+00 1.709205243969336152e-04 2.809039782732725143e-03
4.827403463423252106e-03 0.000000000000000000e+00 8.526255260221660137e-04 0.000000000000000000e+00 2.986253006383776665e-03 0.000000000000000000e+00 1.226656837388873100e-03 3.248150227591395378e-03 1.508312299847602844e-03 0.000000000000000000e+00 0.000000000000000000e+00
5.382135350373573601e-05 6.270909216254949570e-05 1.035364039125852287e-04 1.288885687245056033e-04 0.000000000000000000e+00 4.487244223128072917e-05 1.341386814601719379e-04 1.153739722212776542e-04 1.135995335062034428e-04 1.255361275980249047e-04 4.168410669080913067e-04
0.000000000000000000e+00 0.000000000000000000e+00 0.000000000000000000e+00 1.066027791239321232e-03 0.000000000000000000e+00 1.180980820208787918e-02 0.000000000000000000e+00 0.000000000000000000e+00 1.319475937634706497e-03 4.140942823141813278e-03 1.670952886343002319e-02
0.000000000000000000e+00 4.843768838327378035e-04 0.000000000000000000e+00 3.044320503249764442e-03 0.000000000000000000e+00 2.419762546196579933e-03 0.000000000000000000e+00 3.034851513803005219e-03 3.040466224774718285e-03 1.104431343264877796e-03 9.467093041166663170e-04
0.000000000000000000e+00 1.566825667396187782e-03 0.000000000000000000e+00 0.000000000000000000e+00 1.517227850854396820e-03 0.000000000000000000e+00 0.000000000000000000e+00 1.192010124213993549e-03 2.803656389005482197e-04 0.000000000000000000e+00 0.000000000000000000e+00
1.567748222441878170e-05 8.889267919585108757e-04 0.000000000000000000e+00 8.969776681624352932e-04 0.000000000000000000e+00 9.253189782612025738e-04 0.000000000000000000e+00 0.000000000000000000e+00 1.444963272660970688e-03 0.000000000000000000e+00 0.000000000000000000e+00
2.109980909153819084e-03 0.000000000000000000e+00 6.022002547979354858e-03 0.000000000000000000e+00 1.062837243080139160e-02 0.000000000000000000e+00 0.000000000000000000e+00 0.000000000000000000e+00 3.636917565017938614e-03 0.000000000000000000e+00 8.623575791716575623e-03
0.000000000000000000e+00 4.972703209205064923e-07 6.406724423868581653e-06 3.818941422650823370e-06 1.129095289797987789e-05 0.000000000000000000e+00 3.801114417001372203e-06 7.437210115313064307e-06 0.000000000000000000e+00 4.993041784473462030e-06 0.000000000000000000e+00
