0.000000000000000000e+00 0.000000000000000000e+00 6.714991759508848190e-04 0.000000000000000000e+00 0.000000000000000000e+00 0.000000000000000000e+00 0.000000000000000000e+00 0.000000000000000000e+00 9.035630500875413418e-04 0.000000000000000000e+00 0.000000000000000000e+00
4.643206018954515457e-03 0.000000000000000000e+00 1.825100858695805073e-03 0.000000000000000000e+00 8.247773512266576290e-04 0.000000000000000000e+00 1.986751332879066467e-03 3.999013570137321949e-04 0.000000000000000000e+00 0.000000000000000000e+00 0.000000000000000000e+00
0.000000000000000000e+00 1.152049563825130463e-02 0.000000000000000000e+00 0.000000000000000000e+00 2.863083267584443092e-03 1.654333993792533875e-02 0.000000000000000000e+00 0.000000000000000000e+00 8.963955566287040710e-03 1.586840720847249031e-03 0.000000000000000000e+00
4.163647536188364029e-03 0.000000000000000000e+00 0.000000000000000000e+00 0.000000000000000000e+00 1.054875459522008896e-02 0.000000000000000000e+00 0.000000000000000000e+00 4.811422433704137802e-03 0.000000000000000000e+00 0.000000000000000000e+00 0.000000000000000000e+00
6.016552561050048098e-06 4.784525372087955475e-04 3.705509589053690434e-04 8.563291339669376612e-05 0.000000000000000000e+00 2.960092679131776094e-04 3.192275471519678831e-04 2.453916822560131550e-04 6.061092717573046684e-04 9.131958940997719765e-04 1.714431680738925934e-03
0.000000000000000000e+00 0.000000000000000000e+00 0.000000000000000000e+00 0.000000000000000000e+00 0.000000000000000000e+00 1.548742875456809998e-04 0.000000000000000000e+00 0.000000000000000000e+00 0.000000000000000000e+00 0.000000000000000000e+00 0.000000000000000000e+00
0.000000000000000000e+00 9.177096188068389893e-03 0.000000000000000000e+00 8.513253182172775269e-03 0.000000000000000000e+00 0.000000000000000000e+00 9.619662305340170860e-04 3.637831425294280052e-03 0.000000000000000000e+00 1.454263692721724510e-03 3.830435918644070625e-03
0.000000000000000000e+00 6.857469677925109863e-03 0.000000000000000000e+00 0.000000000000000000e+00 1.264762715436518192e-03 0.000000000000000000e+00 0.000000000000000000e+00 5.416879430413246155e-03 7.331762462854385376e-03 0.000000000000000000e+00 0.000000000000000000e+00
0.000000000000000000e+00 3.254668845329433680e-04 0.000000000000000000e+00 0.000000000000000000e+00 0.000000000000000000e+00 0.000000000000000000e+00 1.102294307202100754e-02 0.000000000000000000e+00 0.000000000000000000e+00 3.243314102292060852e-03 0.000000000000000000e+00
7.053384557366371155e-03 4.435642156749963760e-03 1.968348165974020958e-03 0.000000000000000000e+00 3.777565434575080872e-02 2.696158597245812416e-03 0.000000000000000000e+00 0.000000000000000000e+00 0.000000000000000000e+00 0.000000000000000000e+00 1.209122221916913986e-02
0.000000000000000000e+00 0.000000000000000000e+00 1.105673436541110277e-05 4.391652623780828435e-07 1.947239798028022051e-05 0.000000000000000000e+00 0.000000000000000000e+00 4.183439614280359820e-06 9.085557053367665503e-07 4.805804110219469294e-06 0.000000000000000000e+00
