8.513012886047363281e+00 4.199010848999023438e+01 3.532708358764648438e+01 4.642115592956542969e+00 2.265317365527153015e-02 1.542167425155639648e+00 3.844271087646484375e+01 4.000209426879882812e+01 3.170808219909667969e+01 2.046775245666503906e+01 1.228383302688598633e+00
1.109969140625000000e+04 0.000000000000000000e+00 1.618479882812500000e+04 1.954283593750000000e+04 1.511858520507812500e+02 6.782872558593750000e+03 6.577879394531250000e+03 2.436255493164062500e+02 5.398249053955078125e+01 1.224409570312500000e+04 4.802110595703125000e+02
2.103425741195678711e+00 1.188441284179687500e+03 2.764816284179687500e+02 1.384977148437500000e+04 2.339073730468750000e+03 1.790779907226562500e+03 2.645708984375000000e+04 5.927366256713867188e+00 1.392785742187500000e+04 1.133509033203125000e+03 5.348681640625000000e+02
1.395335449218750000e+04 7.078519439697265625e+01 4.792434871196746826e-01 1.340541015625000000e+04 3.102262268066406250e+02 9.997467041015625000e+02 1.202693481445312500e+03 2.368190917968750000e+03 1.353314208984375000e+03 3.340838849544525146e-01 3.456324768066406250e+01
2.294819641113281250e+01 4.299178314208984375e+01 2.877543640136718750e+01 6.516421508789062500e+01 1.999542519115493633e-06 2.231780624389648438e+01 5.107606506347656250e+01 6.741203784942626953e+00 4.474704742431640625e+01 7.722425079345703125e+01 1.386141052246093750e+02
0.000000000000000000e+00 0.000000000000000000e+00 0.000000000000000000e+00 0.000000000000000000e+00 0.000000000000000000e+00 0.000000000000000000e+00 0.000000000000000000e+00 0.000000000000000000e+00 0.000000000000000000e+00 0.000000000000000000e+00 7.156255340576171875e+01
1.024316894531250000e+04 3.614252929687500000e+03 2.607191563583910465e-04 3.623364257812500000e+03 5.562530517578125000e+00 1.744641406250000000e+04 9.309987792968750000e+02 5.722431030273437500e+02 8.563621520996093750e+01 1.014508056640625000e+03 9.736075195312500000e+03
0.000000000000000000e+00 1.513776855468750000e+03 1.845503320312500000e+04 0.000000000000000000e+00 5.344353515625000000e+04 1.692328333854675293e+00 2.669728710937500000e+04 8.980419921875000000e+03 4.209891796875000000e+04 1.768142700195312500e+01 1.251545288085937500e+03
4.044503784179687500e+01 5.542354492187500000e+03 1.052506469726562500e+03 2.143431640625000000e+03 6.930829025804996490e-03 2.036511840820312500e+03 3.899436718750000000e+04 7.685061645507812500e+01 1.302601562500000000e+03 3.013035058975219727e-01 1.394380615234375000e+03
6.074872016906738281e+00 0.000000000000000000e+00 3.009812011718750000e+02 0.000000000000000000e+00 3.441940625000000000e+04 5.518535614013671875e+01 0.000000000000000000e+00 0.000000000000000000e+00 1.479346007108688354e-01 0.000000000000000000e+00 2.936227798461914062e+01
0.000000000000000000e+00 1.164108067750930786e-01 7.060750126838684082e-01 2.769021391868591309e-01 1.256066441535949707e+00 0.000000000000000000e+00 1.727286726236343384e-01 6.622456908226013184e-01 7.088205933314384311e-08 7.467133998870849609e-01 0.000000000000000000e+00
