0.000000000000000000e+00 1.110385754145681858e-03 0.000000000000000000e+00 0.000000000000000000e+00 0.000000000000000000e+00 0.000000000000000000e+00 1.101576350629329681e-02 3.045407822355628014e-03 7.661901414394378662e-03 0.000000000000000000e+00 0.000000000000000000e+00
2.005380956688895822e-04 0.000000000000000000e+00 4.017002414911985397e-03 0.000000000000000000e+00 5.931678228080272675e-03 0.000000000000000000e+00 6.171882618218660355e-03 0.000000000000000000e+00 0.000000000000000000e+00 0.000000000000000000e+00 0.000000000000000000e+00
0.000000000000000000e+00 7.929781451821327209e-03 0.000000000000000000e+00 0.000000000000000000e+00 0.000000000000000000e+00 1.723686046898365021e-02 7.786937523633241653e-03 3.930171020328998566e-03 0.000000000000000000e+00 0.000000000000000000e+00 0.000000000000000000e+00
1.188003830611705780e-02 0.000000000000000000e+00 0.000000000000000000e+00 0.000000000000000000e+00 2.356209792196750641e-03 0.000000000000000000e+00 0.000000000000000000e+00 0.000000000000000000e+00 2.348170615732669830e-03 9.222022257745265961e-03 0.000000000000000000e+00
0.000000000000000000e+00 7.864551298553124070e-05 1.373743871226906776e-04 4.954819814884103835e-05 0.000000000000000000e+00 0.000000000000000000e+00 9.887936903396621346e-05 0.000000000000000000e+00 0.000000000000000000e+00 1.497440825914964080e-04 4.885575035586953163e-04
0.000000000000000000e+00 0.000000000000000000e+00 0.000000000000000000e+00 0.000000000000000000e+00 0.000000000000000000e+00 0.000000000000000000e+00 0.000000000000000000e+00 0.000000000000000000e+00 0.000000000000000000e+00 0.000000000000000000e+00 1.469702692702412605e-03
1.505316700786352158e-03 2.511173370294272900e-04 0.000000000000000000e+00 5.405087023973464966e-03 0.000000000000000000e+00 0.000000000000000000e+00 2.899541752412915230e-03 4.262803122401237488e-03 0.000000000000000000e+00 2.508972072973847389e-03 4.576893988996744156e-03
0.000000000000000000e+00 7.488777395337820053e-03 0.000000000000000000e+00 0.000000000000000000e+00 1.171612646430730820e-03 4.371033515781164169e-03 0.000000000000000000e+00 2.165029523894190788e-03 0.000000000000000000e+00 0.000000000000000000e+00 0.000000000000000000e+00
0.000000000000000000e+00 7.618444506078958511e-04 0.000000000000000000e+00 0.000000000000000000e+00 0.000000000000000000e+00 1.398074324242770672e-03 4.311208613216876984e-03 0.000000000000000000e+00 6.273245904594659805e-03 1.398483756929636002e-03 0.000000000000000000e+00
0.000000000000000000e+00 5.622181110084056854e-03 1.324243657290935516e-02 2.096112817525863647e-03 3.994021564722061157e-02 0.000000000000000000e+00 0.000000000000000000e+00 0.000000000000000000e+00 8.490668609738349915e-03 4.735754802823066711e-03 1.590408198535442352e-02
0.000000000000000000e+00 0.000000000000000000e+00 1.679706883805920370e-06 1.018699322230531834e-06 3.765348765227827244e-06 0.000000000000000000e+00 9.016413287099567242e-07 2.143414121746900491e-06 0.000000000000000000e+00 8.069144996625254862e-07 0.000000000000000000e+00
