0.000000000000000000e+00 2.244013214111328125e+01 2.520005798339843750e+02 0.000000000000000000e+00 0.000000000000000000e+00 0.000000000000000000e+00 5.726304626464843750e+01 7.329285888671875000e+02 1.324735107421875000e+03 6.161814332008361816e-01 0.000000000000000000e+00
5.805814208984375000e+02 2.221442162990570068e-01 2.951578613281250000e+03 2.485467773437500000e+03 2.275572052001953125e+02 2.386909961700439453e+00 4.402270202636718750e+02 2.942000627517700195e-01 1.327708721160888672e+01 3.249254226684570312e+01 1.590223754882812500e+03
3.886069335937500000e+02 4.852469635009765625e+01 1.861623764038085938e+01 4.670004272460937500e+01 0.000000000000000000e+00 5.527445678710937500e+02 7.582219848632812500e+02 1.612357095837069210e-06 1.662556457519531250e+02 1.777002868652343750e+02 1.763403701782226562e+01
4.077481384277343750e+02 8.735969543457031250e+00 1.119720816612243652e+00 2.640993041992187500e+02 1.226518440246582031e+01 3.757351684570312500e+01 1.241136779785156250e+02 5.853097534179687500e+01 4.121562194824218750e+01 5.735997924804687500e+02 2.077460861206054688e+01
1.468421697616577148e+00 1.975962400436401367e+00 5.538221597671508789e-01 1.191430568695068359e+00 0.000000000000000000e+00 9.164007306098937988e-01 1.198795318603515625e+00 8.241236209869384766e-01 8.739675283432006836e-01 1.420487403869628906e+00 4.419380187988281250e+00
0.000000000000000000e+00 0.000000000000000000e+00 0.000000000000000000e+00 0.000000000000000000e+00 0.000000000000000000e+00 0.000000000000000000e+00 0.000000000000000000e+00 0.000000000000000000e+00 0.000000000000000000e+00 0.000000000000000000e+00 4.575697326660156250e+01
1.680528640747070312e+01 2.763764953613281250e+02 0.000000000000000000e+00 3.407720336914062500e+02 0.000000000000000000e+00 1.048553466796875000e+02 0.000000000000000000e+00 3.773543539864476770e-06 1.836616210937500000e+02 3.298393554687500000e+02 7.017139434814453125e+01
0.000000000000000000e+00 6.077455902099609375e+01 2.796812133789062500e+02 9.720102539062500000e+02 2.257994995117187500e+02 1.256509704589843750e+02 4.052072143554687500e+02 1.266031860351562500e+03 9.142003784179687500e+02 1.373602142333984375e+02 1.000954055786132812e+02
2.361010760068893433e-02 1.358700561523437500e+02 8.536347656250000000e+02 2.378314361572265625e+02 3.519675598144531250e+02 6.300648117065429688e+01 3.181694641113281250e+02 3.873695678710937500e+02 7.280372619628906250e+01 7.129271850585937500e+02 6.327305297851562500e+02
0.000000000000000000e+00 0.000000000000000000e+00 0.000000000000000000e+00 0.000000000000000000e+00 3.418964147567749023e+00 0.000000000000000000e+00 0.000000000000000000e+00 0.000000000000000000e+00 0.000000000000000000e+00 0.000000000000000000e+00 0.000000000000000000e+00
0.000000000000000000e+00 6.917827762663364410e-03 2.726134471595287323e-02 0.000000000000000000e+00 4.493583738803863525e-02 0.000000000000000000e+00 1.791312242858111858e-03 2.741182781755924225e-02 3.041470790776656941e-07 2.199803665280342102e-02 3.285804064944386482e-03
