0.000000000000000000e+00 0.000000000000000000e+00 3.325977129861712456e-03 0.000000000000000000e+00 0.000000000000000000e+00 0.000000000000000000e+00 2.321072155609726906e-03 1.618772512301802635e-03 2.049452014034613967e-04 0.000000000000000000e+00 0.000000000000000000e+00
3.338266862556338310e-03 0.000000000000000000e+00 1.497643650509417057e-03 3.676132182590663433e-04 0.000000000000000000e+00 0.000000000000000000e+00 2.506758784875273705e-03 0.000000000000000000e+00 4.482823424041271210e-04 1.641609123907983303e-04 0.000000000000000000e+00
5.818554200232028961e-05 1.964618451893329620e-03 0.000000000000000000e+00 0.000000000000000000e+00 0.000000000000000000e+00 4.001541063189506531e-03 4.793100233655422926e-04 0.000000000000000000e+00 0.000000000000000000e+00 4.126679617911577225e-03 1.839303178712725639e-03
4.162571392953395844e-03 1.946603879332542419e-03 0.000000000000000000e+00 0.000000000000000000e+00 0.000000000000000000e+00 1.152669079601764679e-03 2.220298862084746361e-03 4.391741007566452026e-03 8.831471786834299564e-04 0.000000000000000000e+00 0.000000000000000000e+00
5.733052239520475268e-05 2.329440612811595201e-04 2.841633686330169439e-04 2.280354674439877272e-04 0.000000000000000000e+00 1.901461073430255055e-04 2.724500081967562437e-04 1.007660175673663616e-04 1.525674015283584595e-04 3.418438136577606201e-04 6.057332502678036690e-04
0.000000000000000000e+00 0.000000000000000000e+00 4.769538994878530502e-03 1.302821678109467030e-03 0.000000000000000000e+00 1.602426916360855103e-02 2.673189854249358177e-03 8.013791521079838276e-04 0.000000000000000000e+00 5.579917691648006439e-03 1.945868134498596191e-02
1.365114934742450714e-03 8.033642370719462633e-05 1.027336693368852139e-03 1.562829129397869110e-03 1.582915720064193010e-04 8.056384976953268051e-04 0.000000000000000000e+00 0.000000000000000000e+00 3.545207437127828598e-04 3.618058050051331520e-03 0.000000000000000000e+00
0.000000000000000000e+00 0.000000000000000000e+00 0.000000000000000000e+00 0.000000000000000000e+00 1.137581653892993927e-03 0.000000000000000000e+00 0.000000000000000000e+00 0.000000000000000000e+00 1.229408313520252705e-03 1.078714383766055107e-03 0.000000000000000000e+00
0.000000000000000000e+00 0.000000000000000000e+00 1.155363861471414566e-03 2.457468654029071331e-04 0.000000000000000000e+00 1.607154146768152714e-03 0.000000000000000000e+00 0.000000000000000000e+00 0.000000000000000000e+00 0.000000000000000000e+00 2.214615698903799057e-03
2.775144297629594803e-03 2.472502412274479866e-03 4.126021638512611389e-03 0.000000000000000000e+00 1.449434179812669754e-02 0.000000000000000000e+00 0.000000000000000000e+00 0.000000000000000000e+00 4.723452497273683548e-03 0.000000000000000000e+00 5.581315606832504272e-03
0.000000000000000000e+00 0.000000000000000000e+00 8.429305125901009887e-06 3.309116209493367933e-06 1.192371837532846257e-05 0.000000000000000000e+00 4.823260951525298879e-06 8.642835382488556206e-06 0.000000000000000000e+00 6.938066690054256469e-06 0.000000000000000000e+00
