0.000000000000000000e+00 1.021782634779810905e-03 0.000000000000000000e+00 0.000000000000000000e+00 0.000000000000000000e+00 0.000000000000000000e+00 2.431469969451427460e-03 9.842965751886367798e-03 4.619892686605453491e-03 0.000000000000000000e+00 0.000000000000000000e+00
7.757176179438829422e-03 0.000000000000000000e+00 4.628804512321949005e-03 1.805372769013047218e-03 8.289514807984232903e-04 0.000000000000000000e+00 0.000000000000000000e+00 0.000000000000000000e+00 2.326501067727804184e-03 1.513554947450757027e-03 0.000000000000000000e+00
2.053206553682684898e-04 0.000000000000000000e+00 0.000000000000000000e+00 2.240722998976707458e-03 0.000000000000000000e+00 1.586145721375942230e-02 5.063905846327543259e-03 0.000000000000000000e+00 0.000000000000000000e+00 5.225375760346651077e-03 0.000000000000000000e+00
4.153748974204063416e-03 0.000000000000000000e+00 0.000000000000000000e+00 5.621223244816064835e-03 3.661820432171225548e-03 0.000000000000000000e+00 2.474387641996145248e-03 0.000000000000000000e+00 2.325969282537698746e-03 3.804348409175872803e-03 0.000000000000000000e+00
3.661731852844241075e-06 4.924783934256993234e-05 0.000000000000000000e+00 1.094826984626706690e-05 0.000000000000000000e+00 9.353899258712772280e-06 5.431182216852903366e-05 0.000000000000000000e+00 0.000000000000000000e+00 1.037040710798464715e-04 3.306909056846052408e-04
0.000000000000000000e+00 0.000000000000000000e+00 0.000000000000000000e+00 0.000000000000000000e+00 0.000000000000000000e+00 0.000000000000000000e+00 0.000000000000000000e+00 0.000000000000000000e+00 0.000000000000000000e+00 0.000000000000000000e+00 6.476508919149637222e-03
1.869862608145922422e-04 0.000000000000000000e+00 0.000000000000000000e+00 4.844145849347114563e-03 0.000000000000000000e+00 0.000000000000000000e+00 1.344013842754065990e-03 1.127986423671245575e-02 7.246276363730430603e-03 4.906588699668645859e-03 2.676100935786962509e-03
0.000000000000000000e+00 1.169480103999376297e-02 0.000000000000000000e+00 0.000000000000000000e+00 0.000000000000000000e+00 0.000000000000000000e+00 0.000000000000000000e+00 0.000000000000000000e+00 9.932235814630985260e-03 0.000000000000000000e+00 0.000000000000000000e+00
0.000000000000000000e+00 8.420092985033988953e-03 1.510840142145752907e-03 0.000000000000000000e+00 0.000000000000000000e+00 6.113584619015455246e-03 4.075341857969760895e-03 0.000000000000000000e+00 7.170807104557752609e-03 1.014361740089952946e-03 0.000000000000000000e+00
0.000000000000000000e+00 0.000000000000000000e+00 4.977265838533639908e-03 0.000000000000000000e+00 2.813780680298805237e-02 3.387159202247858047e-03 0.000000000000000000e+00 0.000000000000000000e+00 6.079306360334157944e-03 8.654803241370245814e-05 1.097669266164302826e-02
0.000000000000000000e+00 0.000000000000000000e+00 3.153395709887263365e-06 2.406063401849678485e-07 4.018439540232066065e-06 0.000000000000000000e+00 2.466475962137337774e-06 1.917456273758944008e-07 0.000000000000000000e+00 1.185611836262978613e-06 1.341277425126463640e-06
