0.000000000000000000e+00 1.052407531738281250e+02 1.446211914062500000e+03 0.000000000000000000e+00 0.000000000000000000e+00 0.000000000000000000e+00 2.090754547119140625e+02 1.741035644531250000e+03 9.795437622070312500e+02 4.680323181152343750e+02 0.000000000000000000e+00
4.706781250000000000e+03 0.000000000000000000e+00 2.399162597656250000e+03 5.151324218750000000e+03 1.934240478515625000e+03 8.100452423095703125e+00 2.253570800781250000e+03 3.196402685716748238e-04 2.188698974609375000e+03 9.900386810302734375e+01 4.363951660156250000e+03
4.271717834472656250e+01 1.890178833007812500e+02 1.708389818668365479e-01 3.776681518554687500e+02 1.000818087959487457e-06 1.286833789062500000e+04 3.223071533203125000e+03 1.311084960937500000e+04 9.619888671875000000e+03 5.654413085937500000e+03 8.144056640625000000e+03
1.543118041992187500e+03 3.633373975753784180e-02 2.876253318786621094e+01 1.309983398437500000e+03 3.089366699218750000e+03 4.379677124023437500e+02 1.252214233398437500e+03 2.122371826171875000e+03 4.989319610595703125e+01 4.459093475341796875e+01 8.188332557678222656e+00
2.199744224548339844e+00 5.935619354248046875e+00 3.471090793609619141e-01 4.588208675384521484e+00 0.000000000000000000e+00 3.928347587585449219e+00 5.136417388916015625e+00 2.805230140686035156e+00 1.071380734443664551e+00 4.762435436248779297e+00 9.828283309936523438e+00
0.000000000000000000e+00 0.000000000000000000e+00 0.000000000000000000e+00 0.000000000000000000e+00 0.000000000000000000e+00 0.000000000000000000e+00 0.000000000000000000e+00 0.000000000000000000e+00 0.000000000000000000e+00 0.000000000000000000e+00 1.570228322367306362e-14
3.072851562500000000e+03 3.414050537109375000e+03 1.637251464843750000e+03 7.853178222656250000e+03 5.763124389648437500e+02 2.462270736694335938e+01 5.280857421875000000e+03 1.310227870941162109e+00 4.227302246093750000e+03 9.383201171875000000e+03 8.286163330078125000e+01
1.765299916267395020e+00 1.176094894409179688e+02 5.282843261718750000e+03 1.535072422027587891e+01 6.647271728515625000e+01 3.478195190429687500e+01 1.013920349121093750e+03 1.748878051757812500e+03 1.367221069335937500e+02 1.165035247802734375e+01 3.327916717529296875e+01
5.945084922132082283e-06 8.857269287109375000e+02 3.545272827148437500e+02 1.156923522949218750e+02 5.264853286743164062e+01 1.052959106445312500e+03 5.145338745117187500e+02 1.085476837158203125e+02 1.421895599365234375e+02 9.511485290527343750e+01 1.529010620117187500e+02
0.000000000000000000e+00 0.000000000000000000e+00 0.000000000000000000e+00 0.000000000000000000e+00 6.998614788055419922e+00 0.000000000000000000e+00 0.000000000000000000e+00 0.000000000000000000e+00 0.000000000000000000e+00 0.000000000000000000e+00 4.909599738311953843e-05
0.000000000000000000e+00 1.396248303353786469e-02 3.605165332555770874e-02 5.091780330985784531e-04 5.545032024383544922e-02 0.000000000000000000e+00 1.139436382800340652e-02 2.283710986375808716e-02 2.195344131905585527e-05 1.347441039979457855e-02 6.425093488360289484e-07
