1.537435408681631088e-02 3.603163719177246094e+00 3.733066558837890625e+00 4.426166415214538574e-01 1.221198141574859619e-01 3.061386346817016602e-01 3.647498607635498047e+00 3.829815864562988281e+00 3.180339336395263672e+00 3.141269683837890625e+00 3.175577521324157715e-01
8.341179199218750000e+02 0.000000000000000000e+00 3.732151184082031250e+02 5.737952148437500000e+03 4.195353984832763672e-01 1.723894104361534119e-02 6.113920593261718750e+01 1.072941541671752930e+00 2.723141784667968750e+02 5.538486480712890625e+01 2.940024902343750000e+03
8.174417114257812500e+01 3.476489746093750000e+03 2.575429534912109375e+01 4.817414283752441406e+00 1.499032115936279297e+01 6.955073730468750000e+03 5.865240478515625000e+02 1.421635894775390625e+02 6.750686168670654297e-01 1.801633300781250000e+03 3.401968240737915039e+00
3.156626220703125000e+03 3.087212324142456055e+00 1.713594055175781250e+01 1.054217834472656250e+02 1.044531860351562500e+02 4.597296905517578125e+01 3.305003906250000000e+03 5.546877441406250000e+03 8.546276855468750000e+01 1.842378387451171875e+02 9.496411132812500000e+01
4.173748970031738281e+00 1.030344867706298828e+01 4.159801483154296875e+00 3.240676164627075195e+00 0.000000000000000000e+00 5.641512393951416016e+00 4.639564037322998047e+00 4.378571033477783203e+00 2.823291301727294922e+00 1.632178878784179688e+01 3.208953475952148438e+01
0.000000000000000000e+00 0.000000000000000000e+00 0.000000000000000000e+00 0.000000000000000000e+00 0.000000000000000000e+00 2.819643486873246729e-05 0.000000000000000000e+00 0.000000000000000000e+00 0.000000000000000000e+00 0.000000000000000000e+00 4.942758096149191260e-06
4.423689880371093750e+02 1.987460083007812500e+03 0.000000000000000000e+00 6.196202392578125000e+02 5.619370131171308458e-05 1.698265075683593750e+01 6.508522949218750000e+02 5.209455871582031250e+01 2.263672851562500000e+03 3.503642272949218750e+02 5.716858886718750000e+03
2.288648630610623513e-07 2.418992187500000000e+03 8.140171875000000000e+03 4.085535049438476562e+00 1.919452148437500000e+03 2.647247314453125000e+02 1.878327636718750000e+02 6.111493164062500000e+03 3.607516601562500000e+03 3.027109863281250000e+03 1.345425537109375000e+03
1.049135439097881317e-02 2.822341992187500000e+04 5.028448828125000000e+04 1.630663281250000000e+04 1.379039231687784195e-02 4.453650781250000000e+04 4.247392654418945312e+00 2.085193786621093750e+02 7.155560546875000000e+03 1.250632031250000000e+04 8.215570312500000000e+03
0.000000000000000000e+00 0.000000000000000000e+00 0.000000000000000000e+00 0.000000000000000000e+00 5.474609375000000000e+01 0.000000000000000000e+00 0.000000000000000000e+00 0.000000000000000000e+00 0.000000000000000000e+00 0.000000000000000000e+00 0.000000000000000000e+00
0.000000000000000000e+00 1.560424861963838339e-04 3.226138949394226074e-01 4.051394353155046701e-05 4.596372842788696289e-01 0.000000000000000000e+00 8.412929601036012173e-04 5.628945305943489075e-03 0.000000000000000000e+00 1.166285574436187744e-01 2.333932206965982914e-04
