0.000000000000000000e+00 0.000000000000000000e+00 8.252661675214767456e-03 0.000000000000000000e+00 0.000000000000000000e+00 0.000000000000000000e+00 1.881579402834177017e-03 1.041494775563478470e-03 2.819941379129886627e-03 0.000000000000000000e+00 0.000000000000000000e+00
3.958309069275856018e-03 0.000000000000000000e+00 1.757957274094223976e-03 5.020038806833326817e-04 0.000000000000000000e+00 0.000000000000000000e+00 0.000000000000000000e+00 0.000000000000000000e+00 0.000000000000000000e+00 0.000000000000000000e+00 1.358910347335040569e-03
0.000000000000000000e+00 3.401956520974636078e-03 4.193425411358475685e-04 0.000000000000000000e+00 0.000000000000000000e+00 3.119105240330100060e-03 0.000000000000000000e+00 0.000000000000000000e+00 1.742701424518600106e-04 5.721503403037786484e-03 0.000000000000000000e+00
7.093975786119699478e-03 0.000000000000000000e+00 0.000000000000000000e+00 0.000000000000000000e+00 0.000000000000000000e+00 9.439617278985679150e-04 0.000000000000000000e+00 3.006927436217665672e-03 5.198060069233179092e-03 2.755392342805862427e-03 0.000000000000000000e+00
0.000000000000000000e+00 1.039973067236132920e-04 4.847854506806470454e-05 5.269541361485607922e-05 0.000000000000000000e+00 1.201426202896982431e-04 2.327468791918363422e-05 0.000000000000000000e+00 1.413020072504878044e-05 1.066592740244232118e-04 2.680988109204918146e-04
0.000000000000000000e+00 2.525820455048233271e-04 4.234150983393192291e-03 9.792632190510630608e-04 0.000000000000000000e+00 1.408739387989044189e-02 4.671034694183617830e-04 0.000000000000000000e+00 0.000000000000000000e+00 7.512559532187879086e-04 2.090090140700340271e-02
1.354413572698831558e-03 2.265669172629714012e-03 0.000000000000000000e+00 1.051321160048246384e-03 0.000000000000000000e+00 3.170412732288241386e-03 2.313166391104459763e-03 0.000000000000000000e+00 2.062017098069190979e-03 2.123765880241990089e-03 1.461256179027259350e-03
0.000000000000000000e+00 0.000000000000000000e+00 0.000000000000000000e+00 0.000000000000000000e+00 3.234324103686958551e-04 1.602552947588264942e-04 0.000000000000000000e+00 0.000000000000000000e+00 0.000000000000000000e+00 0.000000000000000000e+00 0.000000000000000000e+00
0.000000000000000000e+00 2.964867278933525085e-03 2.688091481104493141e-03 0.000000000000000000e+00 0.000000000000000000e+00 0.000000000000000000e+00 2.830600598827004433e-03 1.444321824237704277e-03 1.483052503317594528e-03 2.115125069394707680e-03 0.000000000000000000e+00
0.000000000000000000e+00 3.312254557386040688e-03 4.381110426038503647e-03 0.000000000000000000e+00 1.567442901432514191e-02 0.000000000000000000e+00 1.299652270972728729e-03 2.772189909592270851e-03 5.539146717637777328e-03 0.000000000000000000e+00 7.645683363080024719e-03
0.000000000000000000e+00 0.000000000000000000e+00 1.271427890969789587e-06 1.062302246168655984e-07 2.501493781892349944e-06 0.000000000000000000e+00 2.851091380762227345e-07 1.706698526504624169e-06 0.000000000000000000e+00 1.519726424703549128e-06 0.000000000000000000e+00
