0.000000000000000000e+00 0.000000000000000000e+00 3.087060758844017982e-03 0.000000000000000000e+00 0.000000000000000000e+00 0.000000000000000000e+00 2.053496427834033966e-03 3.356022760272026062e-03 0.000000000000000000e+00 0.000000000000000000e+00 0.000000000000000000e+00
8.890721015632152557e-03 0.000000000000000000e+00 3.286641323938965797e-03 1.612784573808312416e-03 0.000000000000000000e+00 0.000000000000000000e+00 0.000000000000000000e+00 0.000000000000000000e+00 1.082354341633617878e-03 0.000000000000000000e+00 2.422844991087913513e-03
1.047945348545908928e-03 7.125368574634194374e-04 0.000000000000000000e+00 1.185910878120921552e-04 2.199050970375537872e-03 0.000000000000000000e+00 1.759734004735946655e-03 0.000000000000000000e+00 0.000000000000000000e+00 3.498659236356616020e-03 0.000000000000000000e+00
3.883850295096635818e-03 1.018775394186377525e-03 0.000000000000000000e+00 0.000000000000000000e+00 0.000000000000000000e+00 1.680672052316367626e-03 3.927384968847036362e-03 2.822667360305786133e-03 3.607821883633732796e-03 0.000000000000000000e+00 0.000000000000000000e+00
0.000000000000000000e+00 3.585195518098771572e-04 2.817407366819679737e-04 1.216271703015081584e-04 0.000000000000000000e+00 1.505027175880968571e-04 2.108839544234797359e-04 1.754478216753341258e-05 1.635824010008946061e-04 3.446527989581227303e-04 6.632770528085529804e-04
0.000000000000000000e+00 0.000000000000000000e+00 4.904897068627178669e-04 0.000000000000000000e+00 0.000000000000000000e+00 1.644416339695453644e-02 1.394906430505216122e-03 0.000000000000000000e+00 0.000000000000000000e+00 2.866085851565003395e-03 2.110223844647407532e-02
2.242118353024125099e-03 1.323346048593521118e-03 0.000000000000000000e+00 2.811990911141037941e-03 0.000000000000000000e+00 6.145091610960662365e-04 0.000000000000000000e+00 0.000000000000000000e+00 4.675220232456922531e-03 2.734902547672390938e-03 0.000000000000000000e+00
0.000000000000000000e+00 2.300621941685676575e-03 2.874606871046125889e-04 0.000000000000000000e+00 0.000000000000000000e+00 1.984305679798126221e-03 0.000000000000000000e+00 0.000000000000000000e+00 0.000000000000000000e+00 0.000000000000000000e+00 5.011425819247961044e-04
0.000000000000000000e+00 1.353565254248678684e-03 3.882439807057380676e-03 0.000000000000000000e+00 0.000000000000000000e+00 2.285162918269634247e-03 0.000000000000000000e+00 0.000000000000000000e+00 0.000000000000000000e+00 4.670949128922075033e-04 2.295185113325715065e-03
0.000000000000000000e+00 3.654668689705431461e-04 6.583841517567634583e-03 0.000000000000000000e+00 1.336356718093156815e-02 0.000000000000000000e+00 0.000000000000000000e+00 0.000000000000000000e+00 7.150315679609775543e-03 0.000000000000000000e+00 6.697115488350391388e-03
0.000000000000000000e+00 4.647277364711044356e-06 1.939152934937737882e-05 1.400149449182208627e-05 2.642480103531852365e-05 0.000000000000000000e+00 2.129289714503102005e-05 1.806578438845463097e-05 1.098967550205998123e-05 1.754173354129306972e-05 7.621558324899524450e-06
