0.000000000000000000e+00 0.000000000000000000e+00 5.044964607805013657e-03 0.000000000000000000e+00 0.000000000000000000e+00 0.000000000000000000e+00 0.000000000000000000e+00 1.008839439600706100e-02 0.000000000000000000e+00 0.000000000000000000e+00 0.000000000000000000e+00
9.077982045710086823e-03 0.000000000000000000e+00 2.627036534249782562e-03 0.000000000000000000e+00 0.000000000000000000e+00 0.000000000000000000e+00 3.253553528338670731e-03 0.000000000000000000e+00 0.000000000000000000e+00 0.000000000000000000e+00 0.000000000000000000e+00
0.000000000000000000e+00 0.000000000000000000e+00 4.065639339387416840e-03 0.000000000000000000e+00 0.000000000000000000e+00 0.000000000000000000e+00 3.674583975225687027e-03 0.000000000000000000e+00 0.000000000000000000e+00 1.881157397292554379e-03 0.000000000000000000e+00
5.487449467182159424e-03 0.000000000000000000e+00 0.000000000000000000e+00 3.526515327394008636e-03 8.456477080471813679e-04 6.622101645916700363e-04 7.066186517477035522e-03 0.000000000000000000e+00 4.730550572276115417e-03 0.000000000000000000e+00 3.899215371347963810e-04
0.000000000000000000e+00 4.374995114631019533e-05 2.782389856292866170e-05 9.825441338762175292e-06 0.000000000000000000e+00 4.586680006468668580e-05 1.013102610158966854e-05 8.389692993659991771e-06 2.712022069317754358e-05 1.318860086030326784e-05 1.652945502428337932e-04
0.000000000000000000e+00 0.000000000000000000e+00 0.000000000000000000e+00 0.000000000000000000e+00 0.000000000000000000e+00 0.000000000000000000e+00 0.000000000000000000e+00 0.000000000000000000e+00 0.000000000000000000e+00 0.000000000000000000e+00 0.000000000000000000e+00
7.106748409569263458e-03 8.263349533081054688e-03 0.000000000000000000e+00 1.781003666110336781e-03 0.000000000000000000e+00 1.998608699068427086e-03 0.000000000000000000e+00 0.000000000000000000e+00 0.000000000000000000e+00 1.199812814593315125e-02 3.746672067791223526e-03
0.000000000000000000e+00 0.000000000000000000e+00 0.000000000000000000e+00 4.975521005690097809e-03 0.000000000000000000e+00 0.000000000000000000e+00 4.029984120279550552e-03 0.000000000000000000e+00 5.163824651390314102e-03 0.000000000000000000e+00 0.000000000000000000e+00
0.000000000000000000e+00 3.213281277567148209e-03 0.000000000000000000e+00 1.319430652074515820e-03 0.000000000000000000e+00 0.000000000000000000e+00 5.506475921720266342e-03 0.000000000000000000e+00 0.000000000000000000e+00 0.000000000000000000e+00 8.038076339289546013e-04
7.467726711183786392e-03 0.000000000000000000e+00 4.007483832538127899e-03 0.000000000000000000e+00 2.998693846166133881e-02 0.000000000000000000e+00 0.000000000000000000e+00 2.107257489114999771e-03 1.682048081420361996e-03 0.000000000000000000e+00 1.381451636552810669e-02
0.000000000000000000e+00 5.570083203565445729e-07 1.757283712322532665e-06 0.000000000000000000e+00 3.029803792742313817e-06 0.000000000000000000e+00 0.000000000000000000e+00 0.000000000000000000e+00 0.000000000000000000e+00 2.070432856271509081e-06 0.000000000000000000e+00
