0.000000000000000000e+00 3.332611231599003077e-04 0.000000000000000000e+00 0.000000000000000000e+00 0.000000000000000000e+00 0.000000000000000000e+00 5.904980353079736233e-04 1.691704150289297104e-03 0.000000000000000000e+00 0.000000000000000000e+00 0.000000000000000000e+00
3.606927581131458282e-03 0.000000000000000000e+00 3.826351137831807137e-03 0.000000000000000000e+00 1.202120445668697357e-03 0.000000000000000000e+00 0.000000000000000000e+00 0.000000000000000000e+00 0.000000000000000000e+00 0.000000000000000000e+00 0.000000000000000000e+00
0.000000000000000000e+00 7.572792470455169678e-03 5.202020052820444107e-03 0.000000000000000000e+00 2.176754205720499158e-04 5.822733975946903229e-03 4.240780137479305267e-03 3.400972345843911171e-04 0.000000000000000000e+00 1.499458681792020798e-03 5.658954614773392677e-04
2.835295163094997406e-03 0.000000000000000000e+00 7.082858355715870857e-04 1.993767800740897655e-04 6.494629662483930588e-03 0.000000000000000000e+00 0.000000000000000000e+00 3.052860032767057419e-03 5.106814205646514893e-04 7.806222129147499800e-05 0.000000000000000000e+00
5.973720180918462574e-05 2.290032571181654930e-04 0.000000000000000000e+00 1.615847868379205465e-04 0.000000000000000000e+00 7.428665412589907646e-05 2.007660659728571773e-04 4.913785232929512858e-05 9.740710811456665397e-05 7.404525968013331294e-05 3.769505419768393040e-04
0.000000000000000000e+00 1.403039204888045788e-03 5.317524541169404984e-03 3.097338369116187096e-03 0.000000000000000000e+00 1.623560860753059387e-02 0.000000000000000000e+00 8.461632532998919487e-04 0.000000000000000000e+00 3.345425240695476532e-03 2.111874334514141083e-02
5.194842349737882614e-03 0.000000000000000000e+00 0.000000000000000000e+00 3.767225425690412521e-03 0.000000000000000000e+00 5.175439640879631042e-03 4.678447265177965164e-03 1.814483664929866791e-03 2.562215318903326988e-03 4.202801268547773361e-03 9.345916099846363068e-03
0.000000000000000000e+00 4.106140229851007462e-03 0.000000000000000000e+00 0.000000000000000000e+00 4.828426244785077870e-05 0.000000000000000000e+00 0.000000000000000000e+00 0.000000000000000000e+00 2.768496517091989517e-03 0.000000000000000000e+00 8.819398353807628155e-04
0.000000000000000000e+00 1.809865003451704979e-03 0.000000000000000000e+00 2.940781414508819580e-03 0.000000000000000000e+00 1.118154032155871391e-03 0.000000000000000000e+00 0.000000000000000000e+00 3.433039237279444933e-04 0.000000000000000000e+00 2.603593515232205391e-03
9.131871047429740429e-04 0.000000000000000000e+00 6.726390216499567032e-03 1.988970907405018806e-03 2.400226518511772156e-02 1.106443116441369057e-03 9.922307217493653297e-04 0.000000000000000000e+00 0.000000000000000000e+00 0.000000000000000000e+00 7.322674617171287537e-03
0.000000000000000000e+00 0.000000000000000000e+00 4.827835709875216708e-06 1.675510929999290965e-06 4.834027095057535917e-06 0.000000000000000000e+00 4.104884283151477575e-06 1.606351588634424843e-06 0.000000000000000000e+00 2.316012341907480732e-06 2.209272480513391201e-07
