0.000000000000000000e+00 1.070134960937500000e+04 2.543236694335937500e+02 0.000000000000000000e+00 0.000000000000000000e+00 0.000000000000000000e+00 9.260264396667480469e+00 2.197228320312500000e+04 1.315625610351562500e+02 3.107427978515625000e+03 0.000000000000000000e+00
8.054945312500000000e+04 2.848159783752635121e-05 9.732134375000000000e+04 3.005044677734375000e+03 9.768447875976562500e+01 5.109001171875000000e+04 2.101054882812500000e+04 1.420270336893736385e-07 1.252996875000000000e+05 1.952707824707031250e+02 1.046805664062500000e+04
4.166012672612851020e-07 1.456331920623779297e+01 3.485556953819468617e-05 3.089854431152343750e+02 1.886989379882812500e+03 1.312435546875000000e+04 1.991993865966796875e+02 2.715888916015625000e+03 6.508964233398437500e+02 1.624445507812500000e+04 3.855662500000000000e+04
8.799563598632812500e+02 3.609641641378402710e-02 1.599044189453125000e+02 6.699250488281250000e+03 5.113625976562500000e+03 1.126597167968750000e+03 1.060792578125000000e+04 2.701634033203125000e+03 8.944757080078125000e+02 2.361239492893218994e-01 6.353979492187500000e+03
8.280809223651885986e-02 4.904663085937500000e+00 3.106497228145599365e-02 9.947533607482910156e-01 0.000000000000000000e+00 6.365202367305755615e-02 8.620753139257431030e-02 5.052870139479637146e-02 4.502297192811965942e-02 8.458629846572875977e-01 1.575294780731201172e+01
0.000000000000000000e+00 0.000000000000000000e+00 0.000000000000000000e+00 0.000000000000000000e+00 0.000000000000000000e+00 8.341830107383430004e-05 0.000000000000000000e+00 0.000000000000000000e+00 0.000000000000000000e+00 0.000000000000000000e+00 2.769450657069683075e-05
2.766108398437500000e+04 2.424221801757812500e+02 0.000000000000000000e+00 6.115878906250000000e+02 2.155339813232421875e+01 1.672943725585937500e+02 5.535584106445312500e+02 6.825355529785156250e+00 4.988219238281250000e+03 6.878919433593750000e+03 3.931465576171875000e+03
1.485678926110267639e-02 7.798756347656250000e+03 1.481342578125000000e+04 5.188302323222160339e-02 4.347931518554687500e+02 3.119460046291351318e-01 8.063496093750000000e+03 1.028646972656250000e+04 1.545362109375000000e+04 9.279861450195312500e+00 7.003466796875000000e+01
0.000000000000000000e+00 2.739127343750000000e+04 1.462198828125000000e+04 5.762245483398437500e+02 9.881675720214843750e+01 1.547462304687500000e+04 4.631406555175781250e+02 4.885744147031800821e-07 2.926017150878906250e+02 5.625007629394531250e+01 2.012798583984375000e+03
0.000000000000000000e+00 0.000000000000000000e+00 0.000000000000000000e+00 0.000000000000000000e+00 6.069159317016601562e+01 0.000000000000000000e+00 0.000000000000000000e+00 0.000000000000000000e+00 0.000000000000000000e+00 0.000000000000000000e+00 0.000000000000000000e+00
0.000000000000000000e+00 3.497069883451331407e-06 1.592231392860412598e-01 2.329186099814251065e-04 2.696018815040588379e-01 0.000000000000000000e+00 1.343306805938482285e-02 3.770557465031743050e-03 8.327150135301053524e-04 2.013054303824901581e-02 1.063554938562916163e-10
