0.000000000000000000e+00 1.626641308593750000e+04 4.979602734375000000e+04 0.000000000000000000e+00 0.000000000000000000e+00 0.000000000000000000e+00 6.457731250000000000e+04 2.858930397033691406e+01 5.688450781250000000e+04 2.991231689453125000e+03 0.000000000000000000e+00
1.135561279296875000e+03 9.729446411132812500e+02 2.132941162109375000e+03 2.805302734375000000e+03 2.249379394531250000e+03 6.613625488281250000e+02 1.736760498046875000e+03 2.403202514648437500e+02 1.909641418457031250e+02 1.402035832405090332e+00 2.707202636718750000e+03
1.332041168212890625e+02 1.954176635742187500e+03 7.606734335422515869e-02 3.281537841796875000e+03 4.437640190124511719e+00 2.854515625000000000e+03 8.026442871093750000e+02 7.787999267578125000e+02 1.174105224609375000e+03 8.095823974609375000e+02 4.597400873899459839e-02
2.626525146484375000e+03 2.567554664611816406e+01 2.671123656909912825e-04 2.303713623046875000e+03 6.748309326171875000e+02 2.359675598144531250e+02 1.842981262207031250e+02 2.546649169921875000e+01 6.171952056884765625e+01 1.600769165039062500e+03 1.789770841598510742e+00
1.834220290184020996e-01 4.990315437316894531e+00 3.970681190490722656e+00 4.661846905946731567e-02 2.337349542358424515e-06 6.138416767120361328e+00 4.439395427703857422e+00 2.594292759895324707e-01 6.633861064910888672e-01 4.917543411254882812e+00 2.399470329284667969e+01
0.000000000000000000e+00 0.000000000000000000e+00 0.000000000000000000e+00 0.000000000000000000e+00 0.000000000000000000e+00 0.000000000000000000e+00 0.000000000000000000e+00 0.000000000000000000e+00 0.000000000000000000e+00 0.000000000000000000e+00 1.492399883270263672e+01
6.949285125732421875e+01 1.028791381835937500e+03 0.000000000000000000e+00 7.064648437500000000e+01 0.000000000000000000e+00 1.437164843082427979e-01 1.520622444152832031e+01 2.285588234663009644e-01 1.315857177734375000e+03 1.887267333984375000e+03 1.837089843750000000e+02
0.000000000000000000e+00 1.011927795410156250e+01 2.592000122070312500e+02 4.990620613098144531e+00 2.228490722656250000e+03 2.015145263671875000e+03 1.069520711898803711e+00 2.331728458404541016e+00 1.105983154296875000e+03 1.102037072181701660e+00 9.069432020187377930e-01
9.260930528398603201e-05 2.943397705078125000e+03 4.255602050781250000e+03 1.234169799804687500e+03 4.235628128051757812e+00 2.149275146484375000e+03 1.797115722656250000e+03 2.416150146484375000e+03 1.926387084960937500e+03 1.230019165632256772e-06 1.133446350097656250e+02
1.741489410400390625e+01 7.176610231399536133e-01 1.352965545654296875e+02 0.000000000000000000e+00 3.492350830078125000e+03 1.933155822753906250e+01 0.000000000000000000e+00 0.000000000000000000e+00 9.942236328125000000e+01 0.000000000000000000e+00 3.587378540039062500e+02
0.000000000000000000e+00 1.902239746414124966e-03 1.359343230724334717e-01 2.104779146611690521e-02 2.690542340278625488e-01 0.000000000000000000e+00 1.377258002758026123e-01 3.602125868201255798e-02 1.266499049961566925e-02 1.587488055229187012e-01 1.554022901473217644e-07
