0.000000000000000000e+00 0.000000000000000000e+00 0.000000000000000000e+00 0.000000000000000000e+00 0.000000000000000000e+00 0.000000000000000000e+00 5.123061593621969223e-03 4.454430192708969116e-03 4.055900499224662781e-03 0.000000000000000000e+00 0.000000000000000000e+00
6.189022678881883621e-04 0.000000000000000000e+00 2.360901795327663422e-03 1.163437380455434322e-03 4.160914686508476734e-04 0.000000000000000000e+00 8.599131251685321331e-05 0.000000000000000000e+00 1.741326996125280857e-03 0.000000000000000000e+00 0.000000000000000000e+00
0.000000000000000000e+00 3.822344588115811348e-03 3.604422556236386299e-03 1.239838893525302410e-04 1.044745440594851971e-03 4.434285219758749008e-03 0.000000000000000000e+00 0.000000000000000000e+00 0.000000000000000000e+00 4.502108786255121231e-03 0.000000000000000000e+00
4.525195341557264328e-03 0.000000000000000000e+00 0.000000000000000000e+00 0.000000000000000000e+00 2.655741118360310793e-04 7.015684968791902065e-05 0.000000000000000000e+00 2.202405128628015518e-03 8.126440225169062614e-04 2.426767256110906601e-03 0.000000000000000000e+00
7.271726644830778241e-05 2.927257446572184563e-04 1.100940207834355533e-04 1.481907238485291600e-04 0.000000000000000000e+00 1.941366499522700906e-04 1.739909785101190209e-04 1.340618036920204759e-04 1.566607825225219131e-04 2.227135846624150872e-04 5.858241347596049309e-04
0.000000000000000000e+00 6.687906570732593536e-04 3.737635212019085884e-03 8.798702619969844818e-04 0.000000000000000000e+00 2.082477882504463196e-02 0.000000000000000000e+00 0.000000000000000000e+00 1.329499064013361931e-03 6.527005694806575775e-03 2.676359564065933228e-02
2.523974981158971786e-03 0.000000000000000000e+00 0.000000000000000000e+00 4.208472091704607010e-03 0.000000000000000000e+00 4.242696333676576614e-03 1.443029032088816166e-04 9.715707856230437756e-04 7.210521493107080460e-03 4.223006777465343475e-03 2.891171723604202271e-03
0.000000000000000000e+00 4.486518446356058121e-03 8.787839324213564396e-04 0.000000000000000000e+00 1.672876300290226936e-03 0.000000000000000000e+00 0.000000000000000000e+00 0.000000000000000000e+00 7.078449707478284836e-04 0.000000000000000000e+00 0.000000000000000000e+00
0.000000000000000000e+00 2.768812235444784164e-03 0.000000000000000000e+00 1.075788750313222408e-03 0.000000000000000000e+00 3.011330263689160347e-03 0.000000000000000000e+00 0.000000000000000000e+00 0.000000000000000000e+00 1.819253200665116310e-03 8.635962149128317833e-04
5.708009470254182816e-03 1.947812968865036964e-03 8.520433679223060608e-03 0.000000000000000000e+00 1.936259865760803223e-02 0.000000000000000000e+00 0.000000000000000000e+00 0.000000000000000000e+00 5.758843384683132172e-03 0.000000000000000000e+00 6.437494419515132904e-03
0.000000000000000000e+00 0.000000000000000000e+00 1.838383241192786954e-06 0.000000000000000000e+00 6.525544904434354976e-06 0.000000000000000000e+00 7.373914741037879139e-07 2.232284259662264958e-06 0.000000000000000000e+00 0.000000000000000000e+00 0.000000000000000000e+00
