0.000000000000000000e+00 5.711014382541179657e-04 3.975602332502603531e-03 0.000000000000000000e+00 0.000000000000000000e+00 0.000000000000000000e+00 0.000000000000000000e+00 1.648398488759994507e-02 5.952391802566125989e-05 0.000000000000000000e+00 0.000000000000000000e+00
2.040433511137962341e-02 0.000000000000000000e+00 1.411456614732742310e-02 0.000000000000000000e+00 0.000000000000000000e+00 4.646208137273788452e-03 2.223361050710082054e-03 0.000000000000000000e+00 0.000000000000000000e+00 0.000000000000000000e+00 0.000000000000000000e+00
1.832993701100349426e-03 0.000000000000000000e+00 0.000000000000000000e+00 1.603762269951403141e-03 1.331872772425413132e-02 0.000000000000000000e+00 0.000000000000000000e+00 0.000000000000000000e+00 0.000000000000000000e+00 1.174535229802131653e-02 1.012647897005081177e-02
8.169435895979404449e-03 0.000000000000000000e+00 0.000000000000000000e+00 0.000000000000000000e+00 6.390220485627651215e-03 0.000000000000000000e+00 1.303838449530303478e-03 1.365590561181306839e-02 7.697980385273694992e-03 0.000000000000000000e+00 0.000000000000000000e+00
1.394737191731110215e-04 3.331601619720458984e-04 1.231619971804320812e-04 1.622898853383958340e-04 0.000000000000000000e+00 2.591431257314980030e-04 4.055337049067020416e-04 1.257045369129627943e-04 3.319915849715471268e-04 5.222822073847055435e-04 8.109288173727691174e-04
0.000000000000000000e+00 0.000000000000000000e+00 0.000000000000000000e+00 0.000000000000000000e+00 0.000000000000000000e+00 0.000000000000000000e+00 0.000000000000000000e+00 0.000000000000000000e+00 0.000000000000000000e+00 0.000000000000000000e+00 0.000000000000000000e+00
5.049019586294889450e-03 0.000000000000000000e+00 0.000000000000000000e+00 0.000000000000000000e+00 0.000000000000000000e+00 0.000000000000000000e+00 1.665932359173893929e-03 6.653415970504283905e-03 5.482380278408527374e-03 8.805680088698863983e-03 4.382126033306121826e-03
0.000000000000000000e+00 2.713608322665095329e-03 0.000000000000000000e+00 6.167124491184949875e-03 6.667341222055256367e-04 0.000000000000000000e+00 0.000000000000000000e+00 0.000000000000000000e+00 3.307424951344728470e-03 0.000000000000000000e+00 0.000000000000000000e+00
0.000000000000000000e+00 6.516016088426113129e-03 6.224886048585176468e-03 9.649145795265212655e-05 0.000000000000000000e+00 0.000000000000000000e+00 1.171695068478584290e-02 0.000000000000000000e+00 0.000000000000000000e+00 3.905589459463953972e-03 5.537908524274826050e-03
7.382447365671396255e-03 2.762195421382784843e-03 1.436708681285381317e-02 0.000000000000000000e+00 3.995785862207412720e-02 0.000000000000000000e+00 0.000000000000000000e+00 0.000000000000000000e+00 0.000000000000000000e+00 0.000000000000000000e+00 6.849013734608888626e-03
0.000000000000000000e+00 0.000000000000000000e+00 9.264223990612663329e-06 7.803567314113024622e-06 1.504347892478108406e-05 0.000000000000000000e+00 6.694432158838026226e-06 3.079504040215397254e-06 0.000000000000000000e+00 1.002245517156552523e-05 0.000000000000000000e+00
