0.000000000000000000e+00 0.000000000000000000e+00 3.161542816087603569e-03 0.000000000000000000e+00 0.000000000000000000e+00 0.000000000000000000e+00 2.486092271283268929e-03 3.042709548026323318e-03 0.000000000000000000e+00 0.000000000000000000e+00 0.000000000000000000e+00
4.201859701424837112e-03 0.000000000000000000e+00 2.067593304673209786e-04 0.000000000000000000e+00 0.000000000000000000e+00 0.000000000000000000e+00 0.000000000000000000e+00 1.115844817832112312e-03 0.000000000000000000e+00 0.000000000000000000e+00 0.000000000000000000e+00
0.000000000000000000e+00 4.775034729391336441e-03 4.821531940251588821e-03 4.570148303173482418e-04 1.148096867837011814e-03 0.000000000000000000e+00 0.000000000000000000e+00 0.000000000000000000e+00 3.961728652939200401e-04 3.539101220667362213e-03 0.000000000000000000e+00
3.338343696668744087e-03 0.000000000000000000e+00 0.000000000000000000e+00 0.000000000000000000e+00 3.300600510556250811e-04 2.619699262140784413e-05 0.000000000000000000e+00 2.837092382833361626e-03 2.331004943698644638e-03 3.778561076615005732e-04 0.000000000000000000e+00
0.000000000000000000e+00 1.353652914986014366e-04 1.310728112002834678e-04 7.121967064449563622e-05 0.000000000000000000e+00 5.653701737173832953e-05 8.170736691681668162e-05 5.909506944590248168e-05 1.740915759000927210e-04 2.236847067251801491e-04 4.000627377536147833e-04
0.000000000000000000e+00 0.000000000000000000e+00 2.320691943168640137e-03 0.000000000000000000e+00 0.000000000000000000e+00 1.833878830075263977e-02 9.261789091397076845e-05 8.378415368497371674e-04 0.000000000000000000e+00 3.830522065982222557e-03 2.071083150804042816e-02
4.401845391839742661e-03 2.134225564077496529e-03 0.000000000000000000e+00 0.000000000000000000e+00 0.000000000000000000e+00 8.708551176823675632e-04 3.810971393249928951e-04 7.275964017026126385e-04 3.119008615612983704e-03 2.769054379314184189e-03 0.000000000000000000e+00
0.000000000000000000e+00 5.865859799087047577e-03 4.237983957864344120e-04 0.000000000000000000e+00 0.000000000000000000e+00 8.187391795217990875e-04 0.000000000000000000e+00 7.771714008413255215e-04 0.000000000000000000e+00 0.000000000000000000e+00 0.000000000000000000e+00
0.000000000000000000e+00 3.941093571484088898e-03 0.000000000000000000e+00 1.789805013686418533e-03 0.000000000000000000e+00 0.000000000000000000e+00 3.060315269976854324e-03 0.000000000000000000e+00 1.005972619168460369e-03 0.000000000000000000e+00 0.000000000000000000e+00
0.000000000000000000e+00 0.000000000000000000e+00 5.678812973201274872e-03 0.000000000000000000e+00 1.839783415198326111e-02 1.799420919269323349e-03 0.000000000000000000e+00 0.000000000000000000e+00 9.726512362249195576e-04 0.000000000000000000e+00 6.646790541708469391e-03
0.000000000000000000e+00 0.000000000000000000e+00 3.345060406445554690e-07 0.000000000000000000e+00 5.781204436061671004e-06 0.000000000000000000e+00 0.000000000000000000e+00 7.434157396346563473e-07 0.000000000000000000e+00 2.630684434734575916e-07 0.000000000000000000e+00
