0.000000000000000000e+00 1.196655761718750000e+03 2.260719238281250000e+03 0.000000000000000000e+00 0.000000000000000000e+00 0.000000000000000000e+00 2.516963195800781250e+02 1.691731689453125000e+03 5.662490081787109375e+01 6.524584960937500000e+01 0.000000000000000000e+00
4.073353271484375000e+02 9.723222465254366398e-04 5.812969207763671875e+01 1.952264892578125000e+03 3.748747408390045166e-01 7.086020507812500000e+02 3.448067138671875000e+03 2.684911346435546875e+01 7.630620574951171875e+01 3.771882629394531250e+01 1.334400024414062500e+02
1.077224884033203125e+02 7.715938687324523926e-01 9.307842407226562500e+02 2.674018798828125000e+03 4.451673030853271484e-01 1.971904785156250000e+03 1.205614013671875000e+03 8.241405885200947523e-05 1.473201782226562500e+03 2.780162353515625000e+03 2.969701660156250000e+03
1.183553222656250000e+03 5.088276672363281250e+02 1.626923767616972327e-05 1.131704101562500000e+02 1.213647827148437500e+03 4.183517456054687500e+02 1.588312255859375000e+03 1.648174438476562500e+03 1.110237548828125000e+03 2.447661781311035156e+01 1.010058288574218750e+02
5.528163909912109375e+00 6.662840843200683594e+00 3.892320156097412109e+00 2.199367761611938477e+00 0.000000000000000000e+00 4.404292106628417969e+00 3.148937702178955078e+00 3.540278375148773193e-01 2.979343175888061523e+00 3.946092605590820312e+00 1.573922634124755859e+01
0.000000000000000000e+00 0.000000000000000000e+00 0.000000000000000000e+00 0.000000000000000000e+00 0.000000000000000000e+00 0.000000000000000000e+00 0.000000000000000000e+00 0.000000000000000000e+00 0.000000000000000000e+00 0.000000000000000000e+00 0.000000000000000000e+00
4.514783477783203125e+01 4.673454101562500000e+03 2.417682886123657227e+00 2.081667137145996094e+01 0.000000000000000000e+00 9.569409489631652832e-02 4.998204708099365234e-01 2.151383300781250000e+03 2.221544265747070312e+01 1.706910133361816406e+00 2.324329101562500000e+03
0.000000000000000000e+00 5.375091552734375000e+02 1.183012847900390625e+02 3.602142896852456033e-05 2.125828613281250000e+03 3.341964185237884521e-01 1.791583740234375000e+03 8.123254394531250000e+02 3.644366455078125000e+03 2.543686294555664062e+01 8.141226768493652344e-01
0.000000000000000000e+00 6.864763183593750000e+02 5.538332519531250000e+02 5.285095825195312500e+02 1.604636669158935547e+00 7.792377471923828125e+01 3.450791931152343750e+02 1.019214272499084473e+00 9.023471679687500000e+02 5.824373245239257812e+01 1.958213500976562500e+02
0.000000000000000000e+00 0.000000000000000000e+00 0.000000000000000000e+00 0.000000000000000000e+00 9.102128028869628906e+00 0.000000000000000000e+00 0.000000000000000000e+00 0.000000000000000000e+00 0.000000000000000000e+00 0.000000000000000000e+00 2.849671909643802792e-05
0.000000000000000000e+00 3.678396296891150996e-06 6.886102259159088135e-02 1.092417398467659950e-03 1.312356293201446533e-01 0.000000000000000000e+00 1.413893140852451324e-02 3.484576940536499023e-02 2.837638021446764469e-04 5.283141881227493286e-02 5.714920234822784550e-07
