0.000000000000000000e+00 0.000000000000000000e+00 0.000000000000000000e+00 0.000000000000000000e+00 0.000000000000000000e+00 0.000000000000000000e+00 5.810497328639030457e-03 2.617206890136003494e-03 0.000000000000000000e+00 1.437046797946095467e-03 0.000000000000000000e+00
5.958750844001770020e-03 0.000000000000000000e+00 0.000000000000000000e+00 5.294647417031228542e-04 6.525554694235324860e-03 0.000000000000000000e+00 0.000000000000000000e+00 1.121752313338220119e-03 0.000000000000000000e+00 6.555566098541021347e-03 3.710723249241709709e-03
0.000000000000000000e+00 6.868858356028795242e-03 0.000000000000000000e+00 7.270825095474720001e-03 0.000000000000000000e+00 0.000000000000000000e+00 1.534688193351030350e-02 0.000000000000000000e+00 0.000000000000000000e+00 4.201276693493127823e-03 0.000000000000000000e+00
8.871994796209037304e-04 0.000000000000000000e+00 0.000000000000000000e+00 2.125659259036183357e-03 0.000000000000000000e+00 9.853378869593143463e-03 0.000000000000000000e+00 0.000000000000000000e+00 2.662661485373973846e-03 0.000000000000000000e+00 0.000000000000000000e+00
0.000000000000000000e+00 8.175995753845199943e-05 1.264954244106775150e-05 1.831642002798616886e-04 0.000000000000000000e+00 1.344137854175642133e-04 1.130890814238227904e-04 3.365977718772228400e-08 0.000000000000000000e+00 1.261161960428580642e-04 3.162891662213951349e-04
0.000000000000000000e+00 0.000000000000000000e+00 0.000000000000000000e+00 0.000000000000000000e+00 0.000000000000000000e+00 0.000000000000000000e+00 0.000000000000000000e+00 0.000000000000000000e+00 0.000000000000000000e+00 0.000000000000000000e+00 0.000000000000000000e+00
6.479362957179546356e-03 0.000000000000000000e+00 0.000000000000000000e+00 7.015031296759843826e-04 0.000000000000000000e+00 1.028688438236713409e-02 0.000000000000000000e+00 0.000000000000000000e+00 1.385923940688371658e-02 9.581345133483409882e-03 8.398870006203651428e-03
0.000000000000000000e+00 5.366768687963485718e-03 4.542160313576459885e-03 0.000000000000000000e+00 0.000000000000000000e+00 5.091397324576973915e-04 0.000000000000000000e+00 0.000000000000000000e+00 4.803198855370283127e-03 0.000000000000000000e+00 4.032256547361612320e-03
1.443100773030892015e-04 0.000000000000000000e+00 0.000000000000000000e+00 0.000000000000000000e+00 0.000000000000000000e+00 3.898795694112777710e-03 1.775412820279598236e-04 3.861632896587252617e-03 0.000000000000000000e+00 0.000000000000000000e+00 5.966813303530216217e-03
1.140478299930691719e-03 0.000000000000000000e+00 7.739032735116779804e-04 0.000000000000000000e+00 2.783853933215141296e-02 0.000000000000000000e+00 0.000000000000000000e+00 0.000000000000000000e+00 1.024293527007102966e-02 0.000000000000000000e+00 1.504289824515581131e-02
0.000000000000000000e+00 9.817310910875676200e-07 4.785992587130749598e-06 0.000000000000000000e+00 5.420416528068017215e-06 0.000000000000000000e+00 4.667798748414497823e-06 3.606945483625167981e-06 1.115997179113037419e-06 1.084107452697935514e-06 0.000000000000000000e+00
