0.000000000000000000e+00 4.568166732788085938e+01 1.414724540710449219e+01 0.000000000000000000e+00 0.000000000000000000e+00 0.000000000000000000e+00 1.203815460205078125e+02 1.587355804443359375e+02 5.359820175170898438e+01 5.329128907760605216e-05 0.000000000000000000e+00
2.892574768066406250e+02 0.000000000000000000e+00 1.947961425781250000e+01 1.034779586791992188e+02 3.105368316173553467e-01 8.637506365776062012e-01 3.596851806640625000e+02 2.264386138916015625e+02 3.530328979492187500e+02 9.506189823150634766e-01 4.580826568603515625e+01
3.266994476318359375e+00 5.114256668090820312e+01 2.800079345703125000e+02 1.305571746826171875e+02 5.312265777587890625e+01 3.668838119506835938e+01 4.323060226440429688e+01 1.642246246337890625e+02 3.175703430175781250e+01 4.742818603515625000e+02 9.831164550781250000e+01
2.081170806884765625e+02 4.658502803067676723e-06 2.218270540237426758e+00 2.000397872924804688e+01 5.750554084777832031e+00 9.218712806701660156e+00 1.673316001892089844e+01 1.589807033538818359e+01 9.896863555908203125e+01 8.879464149475097656e+00 5.563301849365234375e+01
2.786569595336914062e-01 1.464647173881530762e+00 5.907262563705444336e-01 1.370387554168701172e+00 0.000000000000000000e+00 1.503374576568603516e-01 1.400861978530883789e+00 2.019775956869125366e-01 1.315984725952148438e+00 1.506179809570312500e+00 3.792260169982910156e+00
0.000000000000000000e+00 0.000000000000000000e+00 0.000000000000000000e+00 0.000000000000000000e+00 0.000000000000000000e+00 0.000000000000000000e+00 0.000000000000000000e+00 0.000000000000000000e+00 0.000000000000000000e+00 0.000000000000000000e+00 1.805632591247558594e+01
1.052844085693359375e+02 1.876623916625976562e+01 2.791098785400390625e+01 1.590149993896484375e+02 8.092692375183105469e+00 1.533580970764160156e+01 3.468731790781021118e-02 9.847551345825195312e+00 1.804898376464843750e+02 1.242282714843750000e+02 6.297304534912109375e+01
2.661354064941406250e+00 1.029385375976562500e+02 1.387852172851562500e+02 4.906527996063232422e+00 4.380443725585937500e+02 2.372781991958618164e+00 2.225358963012695312e+00 2.145050525665283203e+00 2.464877605438232422e+00 5.597440795898437500e+02 1.726025462150573730e+00
0.000000000000000000e+00 5.494514160156250000e+02 2.121374511718750000e+02 3.324645080566406250e+02 9.072851389646530151e-03 3.272762145996093750e+02 5.753481388092041016e+00 2.288879394531250000e+02 1.206239891052246094e+01 9.267246246337890625e+00 4.909047186374664307e-01
1.357495486736297607e-01 2.722322463989257812e+00 1.825301170349121094e+01 0.000000000000000000e+00 4.149398803710937500e+02 4.142375290393829346e-02 0.000000000000000000e+00 0.000000000000000000e+00 5.071637630462646484e+00 0.000000000000000000e+00 1.855802345275878906e+01
0.000000000000000000e+00 4.179428797215223312e-04 2.337967604398727417e-02 8.681170642375946045e-03 4.294607043266296387e-02 0.000000000000000000e+00 5.581445526331663132e-03 1.598023809492588043e-02 6.250370461202692240e-07 1.525594387203454971e-02 5.307088722474873066e-04
