0.000000000000000000e+00 0.000000000000000000e+00 0.000000000000000000e+00 0.000000000000000000e+00 0.000000000000000000e+00 0.000000000000000000e+00 3.129645716398954391e-03 8.756276802159845829e-04 1.309042680077254772e-03 0.000000000000000000e+00 0.000000000000000000e+00
5.165887065231800079e-03 0.000000000000000000e+00 3.226837841793894768e-03 0.000000000000000000e+00 2.389499684795737267e-03 0.000000000000000000e+00 0.000000000000000000e+00 0.000000000000000000e+00 0.000000000000000000e+00 0.000000000000000000e+00 0.000000000000000000e+00
0.000000000000000000e+00 0.000000000000000000e+00 0.000000000000000000e+00 1.795756397768855095e-03 0.000000000000000000e+00 0.000000000000000000e+00 3.012115368619561195e-03 0.000000000000000000e+00 0.000000000000000000e+00 3.361704526469111443e-03 0.000000000000000000e+00
1.048875506967306137e-02 0.000000000000000000e+00 0.000000000000000000e+00 0.000000000000000000e+00 3.205447690561413765e-03 9.442245936952531338e-05 0.000000000000000000e+00 5.652660503983497620e-03 9.464707691222429276e-04 0.000000000000000000e+00 0.000000000000000000e+00
8.233497283072210848e-06 2.020717511186376214e-04 2.656331926118582487e-04 2.072117931675165892e-04 0.000000000000000000e+00 2.390600129729136825e-04 3.236412012483924627e-04 0.000000000000000000e+00 7.227269816212356091e-05 2.762406948022544384e-04 9.357758099213242531e-04
0.000000000000000000e+00 1.533892354927957058e-03 2.195499837398529053e-03 1.475464552640914917e-03 0.000000000000000000e+00 2.001426182687282562e-02 0.000000000000000000e+00 0.000000000000000000e+00 0.000000000000000000e+00 5.869850516319274902e-03 3.108715638518333435e-02
0.000000000000000000e+00 1.828064327128231525e-03 0.000000000000000000e+00 4.104682710021734238e-03 0.000000000000000000e+00 2.960643731057643890e-03 0.000000000000000000e+00 1.518533797934651375e-03 7.616071379743516445e-04 7.389695383608341217e-03 8.443140424787998199e-03
0.000000000000000000e+00 2.804766874760389328e-03 0.000000000000000000e+00 0.000000000000000000e+00 3.623961471021175385e-03 0.000000000000000000e+00 0.000000000000000000e+00 0.000000000000000000e+00 7.065800600685179234e-04 0.000000000000000000e+00 0.000000000000000000e+00
0.000000000000000000e+00 5.551834590733051300e-03 3.650896542239934206e-04 2.610571216791868210e-03 0.000000000000000000e+00 0.000000000000000000e+00 5.138020031154155731e-03 1.246669271495193243e-04 3.628369187936186790e-03 2.581650856882333755e-03 1.145963906310498714e-03
2.368312794715166092e-03 7.068740669637918472e-04 1.036991737782955170e-02 0.000000000000000000e+00 2.369899488985538483e-02 0.000000000000000000e+00 0.000000000000000000e+00 0.000000000000000000e+00 4.891801159828901291e-03 0.000000000000000000e+00 1.063823513686656952e-02
0.000000000000000000e+00 0.000000000000000000e+00 1.432381759514100850e-05 0.000000000000000000e+00 3.069886588491499424e-05 0.000000000000000000e+00 1.224792322318535298e-05 1.250898822036106139e-05 0.000000000000000000e+00 7.594044745928840712e-06 0.000000000000000000e+00
