0.000000000000000000e+00 2.997790230438113213e-03 0.000000000000000000e+00 0.000000000000000000e+00 0.000000000000000000e+00 0.000000000000000000e+00 0.000000000000000000e+00 4.324247129261493683e-03 1.365632633678615093e-03 0.000000000000000000e+00 0.000000000000000000e+00
1.390432100743055344e-02 0.000000000000000000e+00 0.000000000000000000e+00 0.000000000000000000e+00 0.000000000000000000e+00 0.000000000000000000e+00 1.541559700854122639e-03 6.401306018233299255e-03 4.848944488912820816e-03 0.000000000000000000e+00 0.000000000000000000e+00
0.000000000000000000e+00 4.234663210809230804e-03 1.499666366726160049e-03 0.000000000000000000e+00 1.113785617053508759e-02 8.760430850088596344e-03 1.965594477951526642e-03 0.000000000000000000e+00 0.000000000000000000e+00 9.691393002867698669e-03 3.535452065989375114e-03
2.782025258056819439e-04 0.000000000000000000e+00 0.000000000000000000e+00 0.000000000000000000e+00 4.608039278537034988e-03 0.000000000000000000e+00 0.000000000000000000e+00 4.860849119722843170e-03 3.101320704445242882e-03 0.000000000000000000e+00 0.000000000000000000e+00
1.949711877387017012e-04 4.137887444812804461e-04 2.457639493513852358e-04 3.147919487673789263e-04 0.000000000000000000e+00 3.969119570683687925e-04 3.196622710675001144e-04 1.656183012528344989e-04 3.779814869631081820e-04 6.121921469457447529e-04 9.335332433693110943e-04
0.000000000000000000e+00 0.000000000000000000e+00 0.000000000000000000e+00 0.000000000000000000e+00 0.000000000000000000e+00 0.000000000000000000e+00 0.000000000000000000e+00 0.000000000000000000e+00 0.000000000000000000e+00 0.000000000000000000e+00 0.000000000000000000e+00
1.254140492528676987e-02 0.000000000000000000e+00 0.000000000000000000e+00 0.000000000000000000e+00 0.000000000000000000e+00 0.000000000000000000e+00 0.000000000000000000e+00 3.457125043496489525e-03 9.156077168881893158e-03 5.019835196435451508e-03 5.589829292148351669e-03
0.000000000000000000e+00 1.256923191249370575e-02 0.000000000000000000e+00 0.000000000000000000e+00 4.801324394065886736e-05 6.098651283537037671e-05 0.000000000000000000e+00 0.000000000000000000e+00 6.306995172053575516e-03 0.000000000000000000e+00 5.978240631520748138e-03
2.813082886859774590e-03 2.914750482887029648e-03 3.396744839847087860e-03 0.000000000000000000e+00 0.000000000000000000e+00 0.000000000000000000e+00 2.475924789905548096e-03 0.000000000000000000e+00 0.000000000000000000e+00 0.000000000000000000e+00 4.461332689970731735e-03
1.064787432551383972e-02 6.428551860153675079e-03 7.174164988100528717e-03 0.000000000000000000e+00 5.033704638481140137e-02 6.718836259096860886e-03 0.000000000000000000e+00 0.000000000000000000e+00 0.000000000000000000e+00 1.321721263229846954e-02 1.107623055577278137e-02
0.000000000000000000e+00 0.000000000000000000e+00 6.196370122779626399e-06 0.000000000000000000e+00 1.218153829540824518e-05 0.000000000000000000e+00 3.238780664105433971e-06 6.352185550895228516e-07 0.000000000000000000e+00 1.350923639620305039e-06 0.000000000000000000e+00
