0.000000000000000000e+00 0.000000000000000000e+00 2.893994096666574478e-03 0.000000000000000000e+00 0.000000000000000000e+00 0.000000000000000000e+00 0.000000000000000000e+00 0.000000000000000000e+00 4.746929276734590530e-03 0.000000000000000000e+00 0.000000000000000000e+00
1.170147024095058441e-02 0.000000000000000000e+00 5.432550329715013504e-03 1.386129180900752544e-03 0.000000000000000000e+00 5.466140806674957275e-03 1.050573121756315231e-02 3.051219973713159561e-03 0.000000000000000000e+00 0.000000000000000000e+00 9.134537540376186371e-04
0.000000000000000000e+00 5.850587971508502960e-03 0.000000000000000000e+00 2.153671579435467720e-03 3.652832470834255219e-03 1.969451084733009338e-03 0.000000000000000000e+00 0.000000000000000000e+00 9.902887977659702301e-04 7.628834806382656097e-03 1.144767273217439651e-03
3.518489655107259750e-03 2.270430559292435646e-03 0.000000000000000000e+00 0.000000000000000000e+00 1.964621013030409813e-03 1.298150164075195789e-03 6.762790493667125702e-03 7.949224673211574554e-03 3.414554754272103310e-03 0.000000000000000000e+00 0.000000000000000000e+00
0.000000000000000000e+00 3.785497028729878366e-05 2.460249525029212236e-04 1.482227235101163387e-04 0.000000000000000000e+00 1.055131433531641960e-04 1.852152054198086262e-04 6.336562364595010877e-05 5.462193075800314546e-05 3.879793221130967140e-04 5.057898233644664288e-04
0.000000000000000000e+00 0.000000000000000000e+00 0.000000000000000000e+00 0.000000000000000000e+00 0.000000000000000000e+00 0.000000000000000000e+00 0.000000000000000000e+00 0.000000000000000000e+00 0.000000000000000000e+00 0.000000000000000000e+00 0.000000000000000000e+00
0.000000000000000000e+00 6.612723227590322495e-03 0.000000000000000000e+00 4.604355897754430771e-03 0.000000000000000000e+00 3.183698980137705803e-03 4.097336903214454651e-03 1.335842069238424301e-02 3.992812416981905699e-04 3.784985980018973351e-03 2.463322365656495094e-03
0.000000000000000000e+00 0.000000000000000000e+00 0.000000000000000000e+00 0.000000000000000000e+00 9.204628877341747284e-03 0.000000000000000000e+00 0.000000000000000000e+00 0.000000000000000000e+00 2.875342499464750290e-03 0.000000000000000000e+00 0.000000000000000000e+00
1.144534908235073090e-03 0.000000000000000000e+00 9.718023240566253662e-03 0.000000000000000000e+00 0.000000000000000000e+00 0.000000000000000000e+00 2.220850437879562378e-03 0.000000000000000000e+00 3.482686355710029602e-03 0.000000000000000000e+00 2.219407586380839348e-03
7.794510107487440109e-03 5.395908374339342117e-03 7.437756285071372986e-03 0.000000000000000000e+00 3.401434049010276794e-02 0.000000000000000000e+00 3.956316970288753510e-03 0.000000000000000000e+00 4.889460746198892593e-03 1.028167898766696453e-03 3.643420990556478500e-03
0.000000000000000000e+00 0.000000000000000000e+00 7.606259259773651138e-06 5.386037628341000527e-06 1.316107955062761903e-05 0.000000000000000000e+00 1.157799601969600189e-06 2.026365109486505389e-06 1.328554162682848983e-06 6.714012215525144711e-06 0.000000000000000000e+00
