0.000000000000000000e+00 0.000000000000000000e+00 4.718502983450889587e-03 0.000000000000000000e+00 0.000000000000000000e+00 0.000000000000000000e+00 5.722220987081527710e-03 0.000000000000000000e+00 6.087833084166049957e-03 0.000000000000000000e+00 0.000000000000000000e+00
7.178121712058782578e-03 0.000000000000000000e+00 4.127420485019683838e-03 8.060931577347218990e-04 0.000000000000000000e+00 0.000000000000000000e+00 2.410632790997624397e-03 0.000000000000000000e+00 0.000000000000000000e+00 0.000000000000000000e+00 0.000000000000000000e+00
0.000000000000000000e+00 9.018669836223125458e-03 0.000000000000000000e+00 4.957707133144140244e-03 0.000000000000000000e+00 0.000000000000000000e+00 4.563516937196254730e-03 0.000000000000000000e+00 6.694396492093801498e-03 0.000000000000000000e+00 0.000000000000000000e+00
7.035057526081800461e-03 4.161946009844541550e-03 0.000000000000000000e+00 2.969273133203387260e-03 5.448108073323965073e-03 0.000000000000000000e+00 0.000000000000000000e+00 1.555090676993131638e-02 1.704127760604023933e-03 3.569757565855979919e-03 0.000000000000000000e+00
2.710033186303917319e-05 2.399409859208390117e-04 2.190088416682556272e-04 2.242379414383322001e-04 0.000000000000000000e+00 7.264490704983472824e-05 3.572338391677476466e-05 1.719674473861232400e-04 6.651309377048164606e-05 2.505118027329444885e-04 4.737170238513499498e-04
0.000000000000000000e+00 0.000000000000000000e+00 0.000000000000000000e+00 0.000000000000000000e+00 0.000000000000000000e+00 0.000000000000000000e+00 0.000000000000000000e+00 0.000000000000000000e+00 0.000000000000000000e+00 0.000000000000000000e+00 0.000000000000000000e+00
1.098552066832780838e-02 5.306243896484375000e-03 0.000000000000000000e+00 0.000000000000000000e+00 0.000000000000000000e+00 3.695146180689334869e-03 2.865614835172891617e-03 1.708516501821577549e-04 4.034044221043586731e-03 3.288103966042399406e-03 0.000000000000000000e+00
0.000000000000000000e+00 1.396020641550421715e-03 0.000000000000000000e+00 3.232110990211367607e-03 0.000000000000000000e+00 0.000000000000000000e+00 2.346571534872055054e-03 4.710741341114044189e-03 4.455489572137594223e-03 0.000000000000000000e+00 0.000000000000000000e+00
0.000000000000000000e+00 1.585741760209202766e-03 5.374867934733629227e-03 0.000000000000000000e+00 2.586628776043653488e-03 0.000000000000000000e+00 1.452374039217829704e-03 0.000000000000000000e+00 0.000000000000000000e+00 9.417454712092876434e-04 3.594139707274734974e-04
0.000000000000000000e+00 2.239209599792957306e-03 9.760407730937004089e-03 0.000000000000000000e+00 3.124520741403102875e-02 0.000000000000000000e+00 6.582034286111593246e-03 0.000000000000000000e+00 3.073298372328281403e-03 0.000000000000000000e+00 6.142063066363334656e-03
0.000000000000000000e+00 0.000000000000000000e+00 4.131277364649577066e-06 5.458538225866504945e-07 7.379102498816791922e-06 0.000000000000000000e+00 0.000000000000000000e+00 1.717155100777745247e-06 0.000000000000000000e+00 0.000000000000000000e+00 0.000000000000000000e+00
