0.000000000000000000e+00 0.000000000000000000e+00 3.280121367424726486e-03 0.000000000000000000e+00 0.000000000000000000e+00 0.000000000000000000e+00 6.221850868314504623e-03 0.000000000000000000e+00 0.000000000000000000e+00 0.000000000000000000e+00 0.000000000000000000e+00
1.297193020582199097e-02 0.000000000000000000e+00 5.547593347728252411e-03 3.827834967523813248e-03 0.000000000000000000e+00 0.000000000000000000e+00 8.962806896306574345e-04 0.000000000000000000e+00 0.000000000000000000e+00 0.000000000000000000e+00 0.000000000000000000e+00
2.193786203861236572e-03 0.000000000000000000e+00 0.000000000000000000e+00 3.755827900022268295e-03 0.000000000000000000e+00 2.643618063302710652e-05 3.442390589043498039e-03 0.000000000000000000e+00 3.731344360858201981e-03 1.038053818047046661e-02 7.139732129871845245e-03
7.394771091639995575e-03 0.000000000000000000e+00 0.000000000000000000e+00 1.111489837057888508e-03 7.736128289252519608e-03 0.000000000000000000e+00 2.511885017156600952e-03 9.475140832364559174e-03 2.602770226076245308e-03 4.365514498203992844e-03 0.000000000000000000e+00
1.221650018123909831e-04 3.051134408451616764e-04 3.306252474430948496e-04 3.355411463417112827e-04 5.421010862427522170e-20 3.795089432969689369e-04 2.729928528424352407e-04 3.779746184591203928e-04 2.924971631728112698e-04 3.033268731087446213e-04 9.048757492564618587e-04
0.000000000000000000e+00 0.000000000000000000e+00 0.000000000000000000e+00 0.000000000000000000e+00 0.000000000000000000e+00 6.468661129474639893e-03 0.000000000000000000e+00 0.000000000000000000e+00 0.000000000000000000e+00 0.000000000000000000e+00 0.000000000000000000e+00
1.164578739553689957e-02 6.308544427156448364e-03 0.000000000000000000e+00 3.377488814294338226e-03 0.000000000000000000e+00 5.652993917465209961e-03 0.000000000000000000e+00 6.987191736698150635e-03 4.681119229644536972e-03 0.000000000000000000e+00 4.645276814699172974e-03
0.000000000000000000e+00 1.103282789699733257e-03 1.791581162251532078e-04 0.000000000000000000e+00 4.022749606519937515e-03 0.000000000000000000e+00 4.103254061192274094e-03 2.221264876425266266e-04 7.446297910064458847e-03 0.000000000000000000e+00 1.752845244482159615e-03
0.000000000000000000e+00 0.000000000000000000e+00 3.627869067713618279e-03 0.000000000000000000e+00 0.000000000000000000e+00 0.000000000000000000e+00 1.131461095064878464e-02 0.000000000000000000e+00 6.383127183653414249e-04 0.000000000000000000e+00 5.193213000893592834e-03
7.253709714859724045e-03 3.696486237458884716e-04 1.628327555954456329e-02 0.000000000000000000e+00 3.284585475921630859e-02 2.576263155788183212e-03 0.000000000000000000e+00 0.000000000000000000e+00 7.751252036541700363e-03 0.000000000000000000e+00 1.114576775580644608e-02
0.000000000000000000e+00 0.000000000000000000e+00 6.401604878192301840e-06 0.000000000000000000e+00 2.103974475176073611e-05 0.000000000000000000e+00 4.896474365523317829e-06 1.813104177017521579e-06 0.000000000000000000e+00 3.390478468645596877e-06 0.000000000000000000e+00
