0.000000000000000000e+00 2.431221306324005127e-02 1.075621508061885834e-02 0.000000000000000000e+00 0.000000000000000000e+00 0.000000000000000000e+00 8.497167378664016724e-02 1.679659485816955566e-01 1.646768115460872650e-02 0.000000000000000000e+00 0.000000000000000000e+00
1.276064962148666382e-01 0.000000000000000000e+00 4.345527850091457367e-03 4.018151666969060898e-03 0.000000000000000000e+00 0.000000000000000000e+00 2.737957052886486053e-02 5.448311567306518555e-03 0.000000000000000000e+00 6.889885989949107170e-04 1.351045370101928711e-01
0.000000000000000000e+00 5.998115986585617065e-02 3.901378484442830086e-03 0.000000000000000000e+00 7.396092265844345093e-02 3.153069689869880676e-02 1.234938278794288635e-01 0.000000000000000000e+00 2.918977849185466766e-02 5.152757838368415833e-02 0.000000000000000000e+00
9.355640411376953125e-02 0.000000000000000000e+00 4.814011044800281525e-04 9.886453300714492798e-02 1.083907764405012131e-02 1.248856447637081146e-02 2.737844828516244888e-03 6.918889936059713364e-03 6.445127725601196289e-02 1.157103404402732849e-01 0.000000000000000000e+00
1.136112405220046639e-04 4.435808805283159018e-04 3.845655883196741343e-04 1.293685636483132839e-04 0.000000000000000000e+00 2.065243461402133107e-04 2.801573136821389198e-04 2.224323106929659843e-04 2.418709918856620789e-04 4.082866071257740259e-04 2.012224169448018074e-03
0.000000000000000000e+00 0.000000000000000000e+00 0.000000000000000000e+00 0.000000000000000000e+00 0.000000000000000000e+00 1.394493505358695984e-03 0.000000000000000000e+00 0.000000000000000000e+00 0.000000000000000000e+00 0.000000000000000000e+00 3.901038326148409396e-06
2.596642076969146729e-01 1.068205200135707855e-02 0.000000000000000000e+00 2.720099985599517822e-01 0.000000000000000000e+00 0.000000000000000000e+00 4.432922229170799255e-03 1.654074876569211483e-03 1.442980468273162842e-01 6.274117529392242432e-02 3.178753657266497612e-03
0.000000000000000000e+00 5.918782353401184082e-01 5.442771315574645996e-01 1.262701600790023804e-01 1.214597523212432861e-01 5.050724148750305176e-01 1.597051392309367657e-03 4.897688925266265869e-01 6.130603328347206116e-02 1.768748909235000610e-01 2.489726059138774872e-02
0.000000000000000000e+00 0.000000000000000000e+00 1.361026894301176071e-03 1.522000995464622974e-03 0.000000000000000000e+00 7.807158231735229492e-01 3.428644835948944092e-01 0.000000000000000000e+00 2.491159539204090834e-04 2.415933310985565186e-01 6.304261088371276855e-01
4.199669696390628815e-03 6.781547330319881439e-03 6.864375900477170944e-03 0.000000000000000000e+00 1.878756880760192871e-01 9.319942444562911987e-03 0.000000000000000000e+00 1.763315085554495454e-04 1.290629059076309204e-02 0.000000000000000000e+00 2.070989087224006653e-02
0.000000000000000000e+00 0.000000000000000000e+00 2.685239451238885522e-05 2.114168182743014768e-06 4.361616447567939758e-05 0.000000000000000000e+00 5.663712727255187929e-06 1.228533619723748416e-05 0.000000000000000000e+00 2.124611091858241707e-05 0.000000000000000000e+00
