2.554931910481172963e-08 3.052365875244140625e+01 1.430715820312500000e+04 0.000000000000000000e+00 0.000000000000000000e+00 0.000000000000000000e+00 1.452768554687500000e+02 1.691688476562500000e+04 1.189713574218750000e+04 4.316936874389648438e+01 0.000000000000000000e+00
5.105755233764648438e+01 0.000000000000000000e+00 2.913044140625000000e+04 1.218606152343750000e+04 5.879207611083984375e+01 8.058056640625000000e+01 7.030062866210937500e+01 4.834434127807617188e+01 1.004656448364257812e+02 1.302900085449218750e+02 1.019543838500976562e+02
7.426962890625000000e+03 4.228565216064453125e+01 2.296930503845214844e+01 1.007169952392578125e+02 4.531609863281250000e+03 1.730791015625000000e+04 1.016069824218750000e+04 7.422082519531250000e+01 1.476525878906250000e+02 2.324981994628906250e+02 1.981782226562500000e+03
9.631259765625000000e+03 2.930780982971191406e+01 1.006237106323242188e+02 4.397714355468750000e+03 2.450184020996093750e+02 1.647431640625000000e+02 5.695316894531250000e+03 1.579994201660156250e+01 1.948338317871093750e+02 1.037411718750000000e+04 1.787802734375000000e+02
1.849212169647216797e+00 3.411746263504028320e+00 8.962236046791076660e-01 3.461806535720825195e+00 0.000000000000000000e+00 2.039981603622436523e+00 3.056479692459106445e+00 1.211951255798339844e+00 1.301160573959350586e+00 8.161890983581542969e+00 2.002286529541015625e+01
0.000000000000000000e+00 0.000000000000000000e+00 0.000000000000000000e+00 0.000000000000000000e+00 0.000000000000000000e+00 1.030601706588640809e-04 0.000000000000000000e+00 0.000000000000000000e+00 0.000000000000000000e+00 0.000000000000000000e+00 2.323655280633829534e-06
1.159372558593750000e+04 2.486530517578125000e+03 2.548761069774627686e-01 1.147831542968750000e+04 1.874530761718750000e+03 9.100041389465332031e+00 1.095419921875000000e+04 4.791970062255859375e+01 2.611061477661132812e+01 1.316960449218750000e+04 9.149360961914062500e+02
0.000000000000000000e+00 1.254620513916015625e+02 7.258196777343750000e+03 2.126268196105957031e+01 1.971254425048828125e+02 2.779006899800151587e-04 2.276288986206054688e+01 9.965559570312500000e+03 8.766084960937500000e+03 8.582648634910583496e-01 2.817878007888793945e+00
1.060278296470642090e+00 6.462757812500000000e+03 2.099881835937500000e+03 5.130836425781250000e+03 9.824970703125000000e+02 2.270720825195312500e+02 1.359764160156250000e+03 1.072509841918945312e+02 1.954348449707031250e+02 5.350355468750000000e+03 3.438465881347656250e+01
0.000000000000000000e+00 0.000000000000000000e+00 0.000000000000000000e+00 0.000000000000000000e+00 2.095642471313476562e+01 0.000000000000000000e+00 0.000000000000000000e+00 0.000000000000000000e+00 0.000000000000000000e+00 0.000000000000000000e+00 0.000000000000000000e+00
0.000000000000000000e+00 1.612146198749542236e-02 1.054065972566604614e-01 4.045656964990484994e-07 1.903848201036453247e-01 0.000000000000000000e+00 1.947527006268501282e-02 2.393973246216773987e-02 5.037484690546989441e-03 4.785382747650146484e-02 2.900604272326745559e-07
