0.000000000000000000e+00 4.084906540811061859e-04 1.229543588124215603e-03 0.000000000000000000e+00 0.000000000000000000e+00 0.000000000000000000e+00 2.152798231691122055e-03 2.368251793086528778e-03 2.341855783015489578e-03 0.000000000000000000e+00 0.000000000000000000e+00
3.792864503338932991e-03 0.000000000000000000e+00 5.228712107054889202e-04 2.148931147530674934e-03 0.000000000000000000e+00 0.000000000000000000e+00 0.000000000000000000e+00 0.000000000000000000e+00 1.573039800859987736e-03 0.000000000000000000e+00 0.000000000000000000e+00
0.000000000000000000e+00 1.206518616527318954e-03 6.540995091199874878e-04 1.891479361802339554e-03 2.294184640049934387e-03 4.068162757903337479e-03 0.000000000000000000e+00 0.000000000000000000e+00 0.000000000000000000e+00 4.612595308572053909e-03 1.876681635621935129e-04
3.743620589375495911e-03 0.000000000000000000e+00 0.000000000000000000e+00 0.000000000000000000e+00 0.000000000000000000e+00 0.000000000000000000e+00 3.827344335149973631e-04 3.808690933510661125e-03 2.043817425146698952e-03 0.000000000000000000e+00 0.000000000000000000e+00
2.500122718629427254e-05 1.422690693289041519e-04 1.306978811044245958e-04 3.536784424795769155e-05 0.000000000000000000e+00 7.504956010961905122e-05 1.342735631624236703e-04 4.032388824271038175e-05 1.164003042504191399e-04 1.603363198228180408e-04 3.581935598049312830e-04
0.000000000000000000e+00 1.852335408329963684e-03 2.767285041045397520e-04 2.471003681421279907e-03 0.000000000000000000e+00 1.668792217969894409e-02 1.602994627319276333e-03 0.000000000000000000e+00 0.000000000000000000e+00 4.143424797803163528e-03 2.465751022100448608e-02
0.000000000000000000e+00 1.261881901882588863e-03 0.000000000000000000e+00 3.305144608020782471e-03 0.000000000000000000e+00 3.218720084987580776e-04 0.000000000000000000e+00 0.000000000000000000e+00 2.939077327027916908e-03 4.812397994101047516e-03 8.716774755157530308e-04
0.000000000000000000e+00 1.013695611618459225e-03 1.748287322698161006e-04 0.000000000000000000e+00 1.412921352311968803e-03 0.000000000000000000e+00 0.000000000000000000e+00 2.212297695223242044e-04 0.000000000000000000e+00 0.000000000000000000e+00 0.000000000000000000e+00
0.000000000000000000e+00 2.732319058850407600e-03 5.210879258811473846e-03 2.185831108363345265e-04 0.000000000000000000e+00 1.454436453059315681e-03 0.000000000000000000e+00 0.000000000000000000e+00 0.000000000000000000e+00 1.341023831628262997e-03 2.702191704884171486e-04
4.053517710417509079e-03 5.693929269909858704e-03 6.505419965833425522e-03 0.000000000000000000e+00 1.748580485582351685e-02 0.000000000000000000e+00 0.000000000000000000e+00 0.000000000000000000e+00 3.306000959128141403e-03 0.000000000000000000e+00 4.877282772213220596e-03
0.000000000000000000e+00 0.000000000000000000e+00 9.147541959464433603e-07 7.958365699778369162e-07 3.758150796784320846e-06 0.000000000000000000e+00 1.397313440065772738e-06 1.604348426553769968e-06 0.000000000000000000e+00 1.456707195757189766e-06 0.000000000000000000e+00
