0.000000000000000000e+00 1.769889000000000000e+06 4.746184375000000000e+04 0.000000000000000000e+00 0.000000000000000000e+00 0.000000000000000000e+00 7.548847000000000000e+06 6.113719000000000000e+06 9.343331250000000000e+05 8.669255468750000000e+04 0.000000000000000000e+00
2.310620312500000000e+04 2.204115269705653191e-03 1.768539200000000000e+07 1.346378320312500000e+04 7.641382446289062500e+02 1.110905700000000000e+07 2.981739257812500000e+04 1.130139648437500000e+03 4.159886718750000000e+03 3.642332519531250000e+03 4.809350000000000000e+04
4.063079296875000000e+04 1.006301100000000000e+07 9.629314000000000000e+06 6.421659000000000000e+06 4.033117500000000000e+06 2.919639600000000000e+07 4.798943000000000000e+06 5.382548096122263814e-08 3.335104296875000000e+04 3.498111200000000000e+07 1.235585400000000000e+07
1.888552750000000000e+06 1.628741699218750000e+03 0.000000000000000000e+00 1.574675937500000000e+05 1.397336914062500000e+03 7.551696093750000000e+04 2.769299500000000000e+06 1.563412000000000000e+06 1.799043750000000000e+04 1.802869995117187500e+03 2.788397460937500000e+04
2.997667968750000000e+03 1.030788345336914062e+02 1.564421653747558594e+01 2.223961425781250000e+03 2.940159291028976440e-03 1.086726039648056030e-01 2.533533782958984375e+02 2.522326469421386719e+00 1.861512282630428672e-05 2.649227294921875000e+02 6.398674804687500000e+03
0.000000000000000000e+00 0.000000000000000000e+00 0.000000000000000000e+00 0.000000000000000000e+00 0.000000000000000000e+00 0.000000000000000000e+00 0.000000000000000000e+00 0.000000000000000000e+00 0.000000000000000000e+00 0.000000000000000000e+00 9.455911748057488353e-12
3.219837187500000000e+05 2.521266250000000000e+05 5.089273713565489743e-08 2.574605625000000000e+05 4.937201171875000000e+03 1.126232617187500000e+04 3.492686035156250000e+03 8.031292724609375000e+01 7.618146875000000000e+04 2.562642187500000000e+05 2.510102750000000000e+06
6.516011126223020256e-07 5.571076500000000000e+06 9.260619000000000000e+06 4.916141601562500000e+03 4.579756000000000000e+06 1.537649688720703125e+02 5.240851171875000000e+04 1.582100700000000000e+07 1.905768750000000000e+04 1.022757562500000000e+06 1.669590972142032115e-07
0.000000000000000000e+00 8.305072000000000000e+06 2.380811000000000000e+06 1.100108750000000000e+06 4.316581250000000000e+04 1.135759400000000000e+07 1.559058750000000000e+05 3.417653250000000000e+06 2.846822500000000000e+06 4.163418579101562500e+02 5.065725500000000000e+06
0.000000000000000000e+00 0.000000000000000000e+00 0.000000000000000000e+00 0.000000000000000000e+00 0.000000000000000000e+00 0.000000000000000000e+00 0.000000000000000000e+00 0.000000000000000000e+00 0.000000000000000000e+00 0.000000000000000000e+00 0.000000000000000000e+00
0.000000000000000000e+00 2.338353917002677917e-02 4.077095031738281250e+00 0.000000000000000000e+00 5.831088256835937500e+01 0.000000000000000000e+00 1.804450585041195154e-05 2.376350641250610352e+00 1.926980540156364441e-02 5.265696525573730469e+00 9.684149990789592266e-04
