0.000000000000000000e+00 0.000000000000000000e+00 0.000000000000000000e+00 0.000000000000000000e+00 0.000000000000000000e+00 0.000000000000000000e+00 5.387333221733570099e-03 8.070697076618671417e-03 0.000000000000000000e+00 0.000000000000000000e+00 0.000000000000000000e+00
1.298531424254179001e-03 0.000000000000000000e+00 8.476785384118556976e-03 6.424972787499427795e-03 0.000000000000000000e+00 4.136039409786462784e-03 0.000000000000000000e+00 0.000000000000000000e+00 6.076891440898180008e-03 0.000000000000000000e+00 0.000000000000000000e+00
0.000000000000000000e+00 5.125397816300392151e-03 8.890832395991310477e-05 0.000000000000000000e+00 0.000000000000000000e+00 1.066488958895206451e-02 0.000000000000000000e+00 0.000000000000000000e+00 0.000000000000000000e+00 8.088191971182823181e-03 5.157729610800743103e-03
5.307161249220371246e-03 0.000000000000000000e+00 0.000000000000000000e+00 2.571324002929031849e-04 4.800254479050636292e-03 6.823179312050342560e-03 3.255240619182586670e-03 1.194045133888721466e-02 0.000000000000000000e+00 0.000000000000000000e+00 0.000000000000000000e+00
6.843452865723520517e-05 1.723332679830491543e-04 2.135168906534090638e-04 2.559059430495835841e-05 0.000000000000000000e+00 3.652326631709001958e-05 1.586216385476291180e-04 0.000000000000000000e+00 1.744186156429350376e-04 2.503469295334070921e-04 5.175732076168060303e-04
0.000000000000000000e+00 0.000000000000000000e+00 0.000000000000000000e+00 0.000000000000000000e+00 0.000000000000000000e+00 0.000000000000000000e+00 0.000000000000000000e+00 0.000000000000000000e+00 0.000000000000000000e+00 0.000000000000000000e+00 0.000000000000000000e+00
4.727676976472139359e-03 0.000000000000000000e+00 0.000000000000000000e+00 2.807332202792167664e-03 7.503054803237318993e-04 2.889195224270224571e-03 3.164738416671752930e-03 5.585981998592615128e-03 9.096716530621051788e-03 7.506449706852436066e-03 4.361476749181747437e-03
0.000000000000000000e+00 0.000000000000000000e+00 0.000000000000000000e+00 0.000000000000000000e+00 0.000000000000000000e+00 0.000000000000000000e+00 0.000000000000000000e+00 6.983429659157991409e-03 1.321632787585258484e-02 0.000000000000000000e+00 1.690467470325529575e-03
0.000000000000000000e+00 3.723492380231618881e-03 4.814161919057369232e-03 5.440112203359603882e-03 0.000000000000000000e+00 0.000000000000000000e+00 0.000000000000000000e+00 6.504041608422994614e-03 8.782082237303256989e-03 0.000000000000000000e+00 1.473451382480561733e-03
7.038453593850135803e-03 0.000000000000000000e+00 6.522016599774360657e-03 0.000000000000000000e+00 2.521722577512264252e-02 0.000000000000000000e+00 0.000000000000000000e+00 3.091025166213512421e-03 8.317573927342891693e-03 0.000000000000000000e+00 1.389917358756065369e-02
0.000000000000000000e+00 0.000000000000000000e+00 4.462612650968367234e-06 1.642605752749659587e-06 5.615711415885016322e-06 0.000000000000000000e+00 9.184192322209128179e-07 1.181782863568514585e-06 0.000000000000000000e+00 3.217251105525065213e-06 0.000000000000000000e+00
