0.000000000000000000e+00 0.000000000000000000e+00 0.000000000000000000e+00 0.000000000000000000e+00 0.000000000000000000e+00 0.000000000000000000e+00 9.359573945403099060e-03 0.000000000000000000e+00 0.000000000000000000e+00 0.000000000000000000e+00 0.000000000000000000e+00
1.215772330760955811e-02 0.000000000000000000e+00 8.949795155785977840e-04 6.693883799016475677e-03 0.000000000000000000e+00 0.000000000000000000e+00 8.586246520280838013e-03 0.000000000000000000e+00 5.164199043065309525e-03 0.000000000000000000e+00 0.000000000000000000e+00
2.735895803198218346e-03 7.718619890511035919e-03 2.396724303252995014e-04 0.000000000000000000e+00 1.094521675258874893e-02 8.787907660007476807e-03 0.000000000000000000e+00 0.000000000000000000e+00 6.384480278939008713e-03 9.037347510457038879e-03 8.304849267005920410e-03
1.475041359663009644e-02 0.000000000000000000e+00 3.711119992658495903e-03 0.000000000000000000e+00 0.000000000000000000e+00 0.000000000000000000e+00 2.000500448048114777e-03 8.643360808491706848e-03 0.000000000000000000e+00 7.847214117646217346e-03 0.000000000000000000e+00
0.000000000000000000e+00 3.790466507780365646e-05 1.770916132954880595e-04 1.279552816413342953e-04 0.000000000000000000e+00 1.210098780575208366e-04 9.254725591745227575e-05 6.399943231372162700e-05 2.129830390913411975e-04 2.727674145717173815e-04 5.835936171934008598e-04
0.000000000000000000e+00 0.000000000000000000e+00 0.000000000000000000e+00 0.000000000000000000e+00 0.000000000000000000e+00 0.000000000000000000e+00 0.000000000000000000e+00 0.000000000000000000e+00 0.000000000000000000e+00 0.000000000000000000e+00 0.000000000000000000e+00
9.654940105974674225e-03 0.000000000000000000e+00 0.000000000000000000e+00 5.398480687290430069e-03 0.000000000000000000e+00 1.093710889108479023e-03 0.000000000000000000e+00 1.104906294494867325e-02 3.325835103169083595e-03 1.051834915415383875e-04 0.000000000000000000e+00
0.000000000000000000e+00 0.000000000000000000e+00 1.875681336969137192e-04 0.000000000000000000e+00 7.944578304886817932e-03 0.000000000000000000e+00 0.000000000000000000e+00 0.000000000000000000e+00 6.676069926470518112e-03 3.762800944969058037e-03 7.744966424070298672e-04
0.000000000000000000e+00 2.864297712221741676e-03 4.667463246732950211e-03 0.000000000000000000e+00 0.000000000000000000e+00 1.101267291232943535e-03 0.000000000000000000e+00 2.145944163203239441e-03 0.000000000000000000e+00 1.340509159490466118e-03 0.000000000000000000e+00
1.419246755540370941e-02 3.985740710049867630e-03 1.969307102262973785e-02 0.000000000000000000e+00 4.171486571431159973e-02 0.000000000000000000e+00 0.000000000000000000e+00 4.894537269137799740e-04 3.499598242342472076e-03 0.000000000000000000e+00 2.274104207754135132e-02
0.000000000000000000e+00 0.000000000000000000e+00 2.319841996722971089e-06 0.000000000000000000e+00 6.431994279409991577e-06 0.000000000000000000e+00 0.000000000000000000e+00 1.652771743465564214e-06 0.000000000000000000e+00 1.724877847664174624e-06 0.000000000000000000e+00
