0.000000000000000000e+00 0.000000000000000000e+00 0.000000000000000000e+00 0.000000000000000000e+00 0.000000000000000000e+00 0.000000000000000000e+00 1.028414350003004074e-02 0.000000000000000000e+00 9.988505626097321510e-04 0.000000000000000000e+00 0.000000000000000000e+00
0.000000000000000000e+00 0.000000000000000000e+00 1.412766613066196442e-02 9.326750412583351135e-03 7.193103665485978127e-04 5.090147722512483597e-03 1.025402103550732136e-03 0.000000000000000000e+00 0.000000000000000000e+00 0.000000000000000000e+00 0.000000000000000000e+00
0.000000000000000000e+00 7.854569703340530396e-03 8.279976900666952133e-04 1.143066678196191788e-03 0.000000000000000000e+00 7.239285390824079514e-03 3.160675987601280212e-03 0.000000000000000000e+00 9.675080073066055775e-04 2.763195428997278214e-03 2.613408141769468784e-04
6.265135016292333603e-03 0.000000000000000000e+00 0.000000000000000000e+00 1.634238651604391634e-05 5.026192869991064072e-03 2.910078270360827446e-03 5.911218002438545227e-03 1.260078977793455124e-02 0.000000000000000000e+00 2.890293020755052567e-03 0.000000000000000000e+00
0.000000000000000000e+00 1.192885029013268650e-04 9.398220572620630264e-05 1.000806514639407396e-04 0.000000000000000000e+00 0.000000000000000000e+00 1.614064676687121391e-04 6.791279156459495425e-05 4.259011257090605795e-05 1.374559360556304455e-04 3.747966839000582695e-04
0.000000000000000000e+00 0.000000000000000000e+00 0.000000000000000000e+00 0.000000000000000000e+00 0.000000000000000000e+00 0.000000000000000000e+00 0.000000000000000000e+00 0.000000000000000000e+00 0.000000000000000000e+00 0.000000000000000000e+00 6.636726902797818184e-04
3.900256007909774780e-03 6.182001437991857529e-03 0.000000000000000000e+00 7.731792982667684555e-03 5.240763537585735321e-03 5.027005448937416077e-03 5.555253592319786549e-04 5.515972734428942204e-04 9.068552404642105103e-03 1.465600100345909595e-03 1.974043902009725571e-03
0.000000000000000000e+00 2.348513342440128326e-03 0.000000000000000000e+00 6.582781206816434860e-04 2.482722047716379166e-03 0.000000000000000000e+00 2.449066378176212311e-04 2.000301843509078026e-03 8.651414886116981506e-03 0.000000000000000000e+00 0.000000000000000000e+00
0.000000000000000000e+00 3.985839895904064178e-03 1.462780404835939407e-03 5.743693327531218529e-04 0.000000000000000000e+00 0.000000000000000000e+00 5.279098171740770340e-03 1.369161065667867661e-03 4.930065013468265533e-03 2.348676556721329689e-03 6.500029121525585651e-04
4.834720864892005920e-03 5.179987783776596189e-05 1.388271152973175049e-02 7.044374942779541016e-04 3.305023536086082458e-02 0.000000000000000000e+00 2.031811978667974472e-03 0.000000000000000000e+00 9.331128560006618500e-03 0.000000000000000000e+00 8.450872264802455902e-03
0.000000000000000000e+00 0.000000000000000000e+00 2.126110530298319645e-06 3.381151998382847523e-07 3.141366278214263730e-06 0.000000000000000000e+00 5.285881456984498072e-07 1.386523081237100996e-06 0.000000000000000000e+00 1.578432375026750378e-06 5.071532882539031561e-08
