0.000000000000000000e+00 0.000000000000000000e+00 3.084611380472779274e-03 0.000000000000000000e+00 0.000000000000000000e+00 0.000000000000000000e+00 3.524496452882885933e-03 4.658573598135262728e-04 0.000000000000000000e+00 0.000000000000000000e+00 0.000000000000000000e+00
4.213022068142890930e-03 0.000000000000000000e+00 4.097161814570426941e-03 1.432771445252001286e-03 0.000000000000000000e+00 0.000000000000000000e+00 1.807496446417644620e-04 0.000000000000000000e+00 0.000000000000000000e+00 0.000000000000000000e+00 5.223384941928088665e-04
0.000000000000000000e+00 6.392648443579673767e-03 5.707344971597194672e-04 0.000000000000000000e+00 0.000000000000000000e+00 1.404950302094221115e-02 4.634859971702098846e-03 0.000000000000000000e+00 3.260565688833594322e-03 2.490609651431441307e-03 0.000000000000000000e+00
1.158646401017904282e-02 0.000000000000000000e+00 0.000000000000000000e+00 2.309246687218546867e-03 3.980101086199283600e-03 5.756727419793605804e-03 0.000000000000000000e+00 1.724192406982183456e-03 0.000000000000000000e+00 1.414037426002323627e-03 0.000000000000000000e+00
4.944355168845504522e-05 9.190857235807925463e-05 1.703677990008145571e-04 1.139511223300360143e-04 0.000000000000000000e+00 3.713192927534691989e-05 1.131549215642735362e-04 1.213280411320738494e-04 9.459746070206165314e-05 1.209566398756578565e-04 4.019147017970681190e-04
0.000000000000000000e+00 0.000000000000000000e+00 0.000000000000000000e+00 0.000000000000000000e+00 0.000000000000000000e+00 0.000000000000000000e+00 0.000000000000000000e+00 0.000000000000000000e+00 0.000000000000000000e+00 0.000000000000000000e+00 0.000000000000000000e+00
5.358555354177951813e-04 3.756091697141528130e-03 0.000000000000000000e+00 4.466583195608109236e-04 0.000000000000000000e+00 0.000000000000000000e+00 3.664576681330800056e-03 2.314443467184901237e-03 8.515617228113114834e-04 3.382092807441949844e-03 1.622272655367851257e-03
0.000000000000000000e+00 0.000000000000000000e+00 6.103330524638295174e-04 0.000000000000000000e+00 2.717784140259027481e-03 0.000000000000000000e+00 0.000000000000000000e+00 1.839723670855164528e-03 4.028419032692909241e-03 0.000000000000000000e+00 0.000000000000000000e+00
0.000000000000000000e+00 2.987460233271121979e-03 8.019042434170842171e-05 0.000000000000000000e+00 0.000000000000000000e+00 0.000000000000000000e+00 0.000000000000000000e+00 0.000000000000000000e+00 0.000000000000000000e+00 0.000000000000000000e+00 0.000000000000000000e+00
0.000000000000000000e+00 1.157461432740092278e-03 1.086063124239444733e-02 0.000000000000000000e+00 3.326454386115074158e-02 7.264239247888326645e-04 0.000000000000000000e+00 0.000000000000000000e+00 1.285473164170980453e-02 0.000000000000000000e+00 1.143679115921258926e-02
0.000000000000000000e+00 0.000000000000000000e+00 1.446960823159315623e-06 4.692714128395891748e-07 4.151970188104314730e-06 0.000000000000000000e+00 9.683097914603422396e-07 8.075018627096142154e-07 0.000000000000000000e+00 1.695663513601175509e-06 0.000000000000000000e+00
