0.000000000000000000e+00 2.830924233421683311e-03 4.750038497149944305e-03 0.000000000000000000e+00 0.000000000000000000e+00 0.000000000000000000e+00 0.000000000000000000e+00 7.053723558783531189e-03 0.000000000000000000e+00 0.000000000000000000e+00 0.000000000000000000e+00
2.473414642736315727e-03 0.000000000000000000e+00 9.458203800022602081e-03 3.693347680382430553e-04 0.000000000000000000e+00 1.806996762752532959e-03 0.000000000000000000e+00 0.000000000000000000e+00 3.011786902789026499e-04 0.000000000000000000e+00 0.000000000000000000e+00
0.000000000000000000e+00 9.722828865051269531e-03 6.104915519244968891e-04 0.000000000000000000e+00 0.000000000000000000e+00 5.840768106281757355e-03 0.000000000000000000e+00 0.000000000000000000e+00 3.416336607187986374e-03 8.549087680876255035e-03 0.000000000000000000e+00
1.022865436971187592e-02 0.000000000000000000e+00 0.000000000000000000e+00 3.143355250358581543e-03 3.936931490898132324e-03 3.226461587473750114e-03 2.016491023823618889e-03 1.157094072550535202e-02 0.000000000000000000e+00 5.091246683150529861e-03 0.000000000000000000e+00
0.000000000000000000e+00 5.107312972540967166e-05 4.008763062302023172e-05 7.210322655737400055e-05 0.000000000000000000e+00 6.458390998886898160e-05 9.778923413250595331e-05 0.000000000000000000e+00 0.000000000000000000e+00 1.280935248360037804e-04 3.638173511717468500e-04
0.000000000000000000e+00 0.000000000000000000e+00 0.000000000000000000e+00 0.000000000000000000e+00 0.000000000000000000e+00 0.000000000000000000e+00 0.000000000000000000e+00 0.000000000000000000e+00 0.000000000000000000e+00 0.000000000000000000e+00 0.000000000000000000e+00
9.168826974928379059e-03 3.293088404461741447e-03 3.713261336088180542e-03 1.025405526161193848e-02 0.000000000000000000e+00 7.508927956223487854e-03 5.742391105741262436e-03 9.760969318449497223e-03 2.700288780033588409e-03 1.066789962351322174e-02 9.602721780538558960e-03
0.000000000000000000e+00 4.099076613783836365e-03 0.000000000000000000e+00 0.000000000000000000e+00 0.000000000000000000e+00 0.000000000000000000e+00 2.748911501839756966e-03 0.000000000000000000e+00 6.774516776204109192e-03 2.066020155325531960e-03 1.984529662877321243e-03
0.000000000000000000e+00 5.806788336485624313e-03 0.000000000000000000e+00 4.025321919471025467e-03 0.000000000000000000e+00 0.000000000000000000e+00 1.105171907693147659e-02 5.317058414220809937e-03 1.748872571624815464e-03 0.000000000000000000e+00 0.000000000000000000e+00
1.300038211047649384e-02 0.000000000000000000e+00 1.135554257780313492e-02 0.000000000000000000e+00 3.254034742712974548e-02 2.405771054327487946e-03 0.000000000000000000e+00 0.000000000000000000e+00 7.866505533456802368e-03 0.000000000000000000e+00 1.098036579787731171e-02
0.000000000000000000e+00 1.621270030227606185e-06 4.407868345879251137e-06 5.206797215606684404e-09 8.783096745901275426e-06 0.000000000000000000e+00 8.287374839710537344e-07 4.852616712014423683e-06 0.000000000000000000e+00 4.178185463388217613e-06 0.000000000000000000e+00
