0.000000000000000000e+00 1.565834856592118740e-03 0.000000000000000000e+00 0.000000000000000000e+00 0.000000000000000000e+00 0.000000000000000000e+00 6.770978681743144989e-03 5.017742980271577835e-03 1.019573654048144817e-03 0.000000000000000000e+00 0.000000000000000000e+00
3.967187833040952682e-03 0.000000000000000000e+00 2.086725318804383278e-03 0.000000000000000000e+00 0.000000000000000000e+00 0.000000000000000000e+00 0.000000000000000000e+00 0.000000000000000000e+00 0.000000000000000000e+00 0.000000000000000000e+00 0.000000000000000000e+00
0.000000000000000000e+00 2.916187280789017677e-03 0.000000000000000000e+00 2.055082703009247780e-03 0.000000000000000000e+00 4.796735011041164398e-03 3.606620244681835175e-03 0.000000000000000000e+00 0.000000000000000000e+00 5.318424664437770844e-04 2.146131737390533090e-04
1.100635807961225510e-02 0.000000000000000000e+00 0.000000000000000000e+00 0.000000000000000000e+00 0.000000000000000000e+00 3.934180131182074547e-04 0.000000000000000000e+00 9.677994064986705780e-03 2.907511312514543533e-03 1.635497901588678360e-03 0.000000000000000000e+00
5.840061203343793750e-05 1.733644749037921429e-04 1.143149565905332565e-04 1.307933271164074540e-04 0.000000000000000000e+00 9.226155088981613517e-05 2.132749650627374649e-04 1.160868559964001179e-04 1.587318402016535401e-04 1.765677443472668529e-04 4.287656047381460667e-04
0.000000000000000000e+00 4.400836303830146790e-03 1.631326740607619286e-03 0.000000000000000000e+00 0.000000000000000000e+00 2.911847829818725586e-02 2.748302882537245750e-03 5.755834747105836868e-03 0.000000000000000000e+00 7.529213093221187592e-03 3.765527158975601196e-02
1.295363879762589931e-03 2.047786954790353775e-03 0.000000000000000000e+00 0.000000000000000000e+00 0.000000000000000000e+00 7.762374007143080235e-04 0.000000000000000000e+00 0.000000000000000000e+00 2.561553847044706345e-03 5.568240303546190262e-03 1.711814315058290958e-03
0.000000000000000000e+00 2.891803393140435219e-03 3.694167826324701309e-03 0.000000000000000000e+00 0.000000000000000000e+00 0.000000000000000000e+00 0.000000000000000000e+00 0.000000000000000000e+00 0.000000000000000000e+00 0.000000000000000000e+00 0.000000000000000000e+00
0.000000000000000000e+00 0.000000000000000000e+00 4.883747082203626633e-03 0.000000000000000000e+00 0.000000000000000000e+00 9.522390551865100861e-03 1.782294712029397488e-03 0.000000000000000000e+00 0.000000000000000000e+00 0.000000000000000000e+00 9.052922949194908142e-03
5.501086357980966568e-03 2.103349659591913223e-03 1.076545938849449158e-02 0.000000000000000000e+00 2.990590780973434448e-02 0.000000000000000000e+00 0.000000000000000000e+00 0.000000000000000000e+00 4.058033693581819534e-03 0.000000000000000000e+00 7.293945644050836563e-03
0.000000000000000000e+00 0.000000000000000000e+00 8.737897019273077603e-07 3.959210062021156773e-07 3.489609071039012633e-06 0.000000000000000000e+00 1.443313067284179851e-06 1.241077143276925199e-06 0.000000000000000000e+00 1.442829329789674375e-06 0.000000000000000000e+00
