0.000000000000000000e+00 5.934911346435546875e+01 1.667280883789062500e+02 0.000000000000000000e+00 0.000000000000000000e+00 0.000000000000000000e+00 1.978908691406250000e+03 6.682249145507812500e+02 3.711878356933593750e+02 2.456457824707031250e+02 0.000000000000000000e+00
2.799871826171875000e+01 3.426655723615112947e-07 2.040436706542968750e+02 9.135336914062500000e+02 2.346476745605468750e+02 4.189705657958984375e+01 1.024624267578125000e+03 4.012268371582031250e+02 2.359888458251953125e+02 1.190848999023437500e+03 1.029457031250000000e+03
3.141615152359008789e+00 1.827969055175781250e+02 1.056436657905578613e+00 2.865813493728637695e+00 5.720298767089843750e+00 2.663234558105468750e+02 4.201739883422851562e+01 9.464284181594848633e-01 1.004190921783447266e+00 7.326273193359375000e+02 2.630116883665323257e-03
4.439360961914062500e+02 3.703850805759429932e-01 0.000000000000000000e+00 1.163097470998764038e-02 2.859080886840820312e+01 2.309384942054748535e-01 9.942855834960937500e+00 2.337901153564453125e+02 6.590356445312500000e+02 3.486516418457031250e+02 8.408356225118041039e-04
5.480913072824478149e-02 3.227869510650634766e+00 2.117463111877441406e+00 1.221381500363349915e-02 8.886199509561265586e-08 3.103417577221989632e-03 8.614108562469482422e-01 0.000000000000000000e+00 1.974668025970458984e+00 3.820180416107177734e+00 9.205158233642578125e+00
0.000000000000000000e+00 0.000000000000000000e+00 0.000000000000000000e+00 0.000000000000000000e+00 0.000000000000000000e+00 0.000000000000000000e+00 0.000000000000000000e+00 0.000000000000000000e+00 0.000000000000000000e+00 0.000000000000000000e+00 1.287566566467285156e+01
1.947013244628906250e+02 4.367785644531250000e+01 0.000000000000000000e+00 3.321942749023437500e+02 0.000000000000000000e+00 3.897132873535156250e+01 6.805032730102539062e+00 0.000000000000000000e+00 6.007306518554687500e+02 2.089870605468750000e+02 1.772077331542968750e+02
0.000000000000000000e+00 2.368752441406250000e+02 5.205431938171386719e+00 4.019922256469726562e+00 3.201041259765625000e+02 4.226306915283203125e+01 1.468779444694519043e-01 5.774970703125000000e+02 1.632603454589843750e+02 1.146978378295898438e+00 2.930999994277954102e+00
2.798127441406250000e+02 4.752589416503906250e+02 4.069364318847656250e+02 3.017982177734375000e+02 1.979901753657031804e-06 5.687192382812500000e+02 4.967727050781250000e+02 3.038027343750000000e+02 2.208730773925781250e+02 2.721739501953125000e+02 4.283071289062500000e+02
1.082280158996582031e+00 0.000000000000000000e+00 9.004422187805175781e+00 0.000000000000000000e+00 1.179664794921875000e+03 0.000000000000000000e+00 0.000000000000000000e+00 4.293686389923095703e+00 2.148799896240234375e+00 1.385365676879882812e+01 1.668895568847656250e+02
0.000000000000000000e+00 3.153471916448324919e-04 5.127852410078048706e-02 3.204029798507690430e-02 7.913351804018020630e-02 0.000000000000000000e+00 3.198482841253280640e-02 4.506879299879074097e-02 1.349146128632128239e-03 3.603751957416534424e-02 9.841048158705234528e-03
