0.000000000000000000e+00 5.510149523615837097e-03 4.222389459609985352e-01 0.000000000000000000e+00 0.000000000000000000e+00 0.000000000000000000e+00 1.427874863147735596e-01 4.529451429843902588e-01 1.193510666489601135e-01 1.402700543403625488e-01 0.000000000000000000e+00
1.271058917045593262e-01 1.043209107592701912e-03 5.641271919012069702e-02 8.875373750925064087e-03 4.414105787873268127e-03 1.145789166912436485e-03 3.502045758068561554e-03 0.000000000000000000e+00 4.329340159893035889e-02 2.315595932304859161e-02 7.832078635692596436e-02
2.889175340533256531e-02 5.959436297416687012e-02 5.599498003721237183e-02 3.435657173395156860e-02 0.000000000000000000e+00 7.996718585491180420e-02 4.257829487323760986e-02 0.000000000000000000e+00 3.123591095209121704e-02 2.026374191045761108e-01 8.877669461071491241e-03
1.865548640489578247e-01 1.965637056855484843e-04 1.003921715891920030e-04 1.678374260663986206e-01 6.178555265069007874e-02 8.199594914913177490e-02 5.846125632524490356e-02 1.098961103707551956e-02 1.781256049871444702e-01 0.000000000000000000e+00 3.976842015981674194e-02
7.810192983015440404e-06 4.144820268265902996e-04 7.960340008139610291e-04 8.283510687761008739e-04 0.000000000000000000e+00 7.343894685618579388e-04 1.641404000110924244e-03 8.155383693519979715e-05 7.842645281925797462e-04 1.657214714214205742e-03 3.464051056653261185e-03
0.000000000000000000e+00 0.000000000000000000e+00 0.000000000000000000e+00 0.000000000000000000e+00 0.000000000000000000e+00 0.000000000000000000e+00 0.000000000000000000e+00 0.000000000000000000e+00 0.000000000000000000e+00 0.000000000000000000e+00 0.000000000000000000e+00
2.584604313597083092e-03 6.135525554418563843e-02 0.000000000000000000e+00 1.724115312099456787e-01 0.000000000000000000e+00 4.809954669326543808e-03 2.739099040627479553e-02 1.712204143404960632e-02 7.690859027206897736e-03 2.903201803565025330e-02 6.296491622924804688e-02
0.000000000000000000e+00 5.970631260424852371e-03 1.351668238639831543e-01 0.000000000000000000e+00 0.000000000000000000e+00 0.000000000000000000e+00 0.000000000000000000e+00 2.639859020709991455e-01 4.850571975111961365e-03 0.000000000000000000e+00 0.000000000000000000e+00
0.000000000000000000e+00 1.007196307182312012e-02 1.058906912803649902e-01 0.000000000000000000e+00 8.993787923827767372e-04 6.644549220800399780e-02 1.477370262145996094e-01 7.766267284750938416e-03 1.883259266614913940e-01 3.500120341777801514e-02 3.113544546067714691e-02
1.784231513738632202e-03 0.000000000000000000e+00 1.454714778810739517e-02 0.000000000000000000e+00 1.994348764419555664e-01 0.000000000000000000e+00 0.000000000000000000e+00 0.000000000000000000e+00 1.044678688049316406e-02 0.000000000000000000e+00 4.974177852272987366e-02
0.000000000000000000e+00 1.119157786888536066e-06 3.646319964900612831e-05 2.608520117064472288e-05 5.808998685097321868e-05 0.000000000000000000e+00 2.015439167735166848e-05 3.433058009250089526e-05 1.449332194169983268e-05 3.247866334277205169e-05 0.000000000000000000e+00
