0.000000000000000000e+00 0.000000000000000000e+00 4.409947432577610016e-03 0.000000000000000000e+00 0.000000000000000000e+00 0.000000000000000000e+00 2.850171644240617752e-03 1.722450542729347944e-04 9.544188156723976135e-03 0.000000000000000000e+00 0.000000000000000000e+00
1.051295734941959381e-02 0.000000000000000000e+00 9.895596886053681374e-04 3.101262962445616722e-03 0.000000000000000000e+00 0.000000000000000000e+00 2.890742849558591843e-03 7.325029000639915466e-04 0.000000000000000000e+00 0.000000000000000000e+00 3.607439808547496796e-03
0.000000000000000000e+00 9.040172211825847626e-03 0.000000000000000000e+00 4.464066587388515472e-03 2.603889442980289459e-03 3.664232557639479637e-03 5.808819551020860672e-03 0.000000000000000000e+00 8.662810549139976501e-03 4.721789620816707611e-03 0.000000000000000000e+00
9.646537713706493378e-03 2.066752407699823380e-03 0.000000000000000000e+00 0.000000000000000000e+00 1.388853648677468300e-03 0.000000000000000000e+00 0.000000000000000000e+00 1.125534623861312866e-02 2.423110883682966232e-03 2.133414382115006447e-03 0.000000000000000000e+00
0.000000000000000000e+00 1.531066081952303648e-04 2.706380328163504601e-04 0.000000000000000000e+00 0.000000000000000000e+00 0.000000000000000000e+00 0.000000000000000000e+00 0.000000000000000000e+00 0.000000000000000000e+00 3.281152748968452215e-04 5.518913967534899712e-04
0.000000000000000000e+00 0.000000000000000000e+00 0.000000000000000000e+00 0.000000000000000000e+00 0.000000000000000000e+00 0.000000000000000000e+00 0.000000000000000000e+00 0.000000000000000000e+00 0.000000000000000000e+00 0.000000000000000000e+00 0.000000000000000000e+00
3.706556744873523712e-03 8.667180314660072327e-03 0.000000000000000000e+00 1.288774306885898113e-03 0.000000000000000000e+00 0.000000000000000000e+00 7.552072871476411819e-03 3.117397893220186234e-03 1.947081182152032852e-03 2.644962398335337639e-03 0.000000000000000000e+00
0.000000000000000000e+00 5.616279668174684048e-04 0.000000000000000000e+00 0.000000000000000000e+00 0.000000000000000000e+00 0.000000000000000000e+00 0.000000000000000000e+00 2.598809776827692986e-03 1.231810776516795158e-03 0.000000000000000000e+00 0.000000000000000000e+00
0.000000000000000000e+00 3.833721159026026726e-03 2.020631451159715652e-03 2.635122276842594147e-03 0.000000000000000000e+00 0.000000000000000000e+00 4.973478498868644238e-04 0.000000000000000000e+00 3.896665584761649370e-04 7.044846192002296448e-03 7.321742014028131962e-04
0.000000000000000000e+00 0.000000000000000000e+00 1.009762845933437347e-02 0.000000000000000000e+00 3.076196648180484772e-02 0.000000000000000000e+00 3.578058211132884026e-03 0.000000000000000000e+00 1.200872939079999924e-02 5.292671732604503632e-03 7.070698775351047516e-03
0.000000000000000000e+00 0.000000000000000000e+00 5.690791113011073321e-06 3.069344757022918202e-06 1.115315626520896330e-05 0.000000000000000000e+00 1.927642188093159348e-06 3.173866616634768434e-06 1.490399426984367892e-06 1.359572252113139257e-06 0.000000000000000000e+00
