0.000000000000000000e+00 0.000000000000000000e+00 3.281685756519436836e-03 0.000000000000000000e+00 0.000000000000000000e+00 0.000000000000000000e+00 2.889081835746765137e-03 2.367636654525995255e-03 0.000000000000000000e+00 0.000000000000000000e+00 0.000000000000000000e+00
1.029509305953979492e-02 0.000000000000000000e+00 1.308445911854505539e-02 6.740936078131198883e-03 6.544028874486684799e-03 0.000000000000000000e+00 2.561015775427222252e-03 0.000000000000000000e+00 7.454070262610912323e-03 0.000000000000000000e+00 0.000000000000000000e+00
4.059040918946266174e-03 5.185227375477552414e-03 0.000000000000000000e+00 2.088245382765308022e-04 0.000000000000000000e+00 1.443027611821889877e-02 0.000000000000000000e+00 0.000000000000000000e+00 7.114981766790151596e-03 0.000000000000000000e+00 8.060783147811889648e-03
1.727760583162307739e-02 0.000000000000000000e+00 0.000000000000000000e+00 2.715186448767781258e-03 3.109221346676349640e-03 5.967245902866125107e-03 0.000000000000000000e+00 8.963184431195259094e-03 0.000000000000000000e+00 2.347543369978666306e-03 0.000000000000000000e+00
8.644082845421507955e-05 2.133334965037647635e-05 1.470107090426608920e-04 1.364376075798645616e-04 0.000000000000000000e+00 3.942167677450925112e-05 1.983461879717651755e-05 1.261406578123569489e-04 1.097127460525371134e-04 2.608234062790870667e-04 6.328009185381233692e-04
0.000000000000000000e+00 0.000000000000000000e+00 0.000000000000000000e+00 0.000000000000000000e+00 0.000000000000000000e+00 0.000000000000000000e+00 0.000000000000000000e+00 0.000000000000000000e+00 0.000000000000000000e+00 0.000000000000000000e+00 0.000000000000000000e+00
2.132581867044791579e-04 1.425292436033487320e-02 0.000000000000000000e+00 4.327094648033380508e-03 7.657964015379548073e-04 1.705154776573181152e-03 0.000000000000000000e+00 5.834351293742656708e-03 0.000000000000000000e+00 5.830669775605201721e-03 3.976899897679686546e-04
0.000000000000000000e+00 0.000000000000000000e+00 1.038159825839102268e-03 0.000000000000000000e+00 0.000000000000000000e+00 0.000000000000000000e+00 0.000000000000000000e+00 1.075292378664016724e-02 1.201526541262865067e-02 0.000000000000000000e+00 0.000000000000000000e+00
0.000000000000000000e+00 8.623462170362472534e-03 5.238415207713842392e-03 0.000000000000000000e+00 0.000000000000000000e+00 0.000000000000000000e+00 4.070917144417762756e-03 7.165081333369016647e-03 4.551391117274761200e-03 1.415080041624605656e-03 0.000000000000000000e+00
2.635026117786765099e-03 6.834711413830518723e-03 1.159125380218029022e-02 0.000000000000000000e+00 3.407719358801841736e-02 5.910826846957206726e-03 0.000000000000000000e+00 0.000000000000000000e+00 6.635719910264015198e-03 4.899663850665092468e-03 1.777392253279685974e-02
0.000000000000000000e+00 0.000000000000000000e+00 3.010644832102116197e-06 0.000000000000000000e+00 1.012519169307779521e-05 0.000000000000000000e+00 0.000000000000000000e+00 8.522215466655325145e-07 0.000000000000000000e+00 1.932873374244081788e-06 0.000000000000000000e+00
