4.181087948381900787e-03 6.247963714599609375e+01 4.326825195312500000e+03 0.000000000000000000e+00 0.000000000000000000e+00 0.000000000000000000e+00 1.294366607666015625e+02 1.493721008300781250e+02 1.733030700683593750e+01 3.719447326660156250e+01 0.000000000000000000e+00
6.533408203125000000e+03 1.516522570454981178e-05 4.810987472534179688e+01 3.397577148437500000e+03 1.198629687500000000e+04 2.786043945312500000e+03 1.925355859375000000e+04 6.451732421875000000e+03 5.040216827392578125e+01 5.025595092773437500e+02 1.492770996093750000e+04
1.394705772399902344e+01 4.684109765625000000e+04 8.686933593750000000e+03 3.893917187500000000e+04 9.864749023437500000e+03 3.691439843750000000e+04 4.756620312500000000e+04 4.401727835556812352e-07 2.343234960937500000e+04 4.065008544921875000e+01 2.532684206962585449e-01
5.827774414062500000e+03 1.487272216796875000e+03 5.679463867187500000e+03 4.655309570312500000e+03 4.768159389495849609e-01 6.271263427734375000e+02 4.763151168823242188e+01 3.971744628906250000e+03 6.775925781250000000e+03 5.784939453125000000e+03 5.248347473144531250e+01
2.702867746353149414e+00 1.056035995483398438e+01 6.710938453674316406e+00 4.661856174468994141e+00 0.000000000000000000e+00 2.197499036788940430e+00 4.404153823852539062e+00 6.480385780334472656e+00 4.255540370941162109e+00 7.746241569519042969e+00 1.576240158081054688e+01
0.000000000000000000e+00 0.000000000000000000e+00 0.000000000000000000e+00 0.000000000000000000e+00 0.000000000000000000e+00 9.408032894134521484e-01 0.000000000000000000e+00 0.000000000000000000e+00 0.000000000000000000e+00 0.000000000000000000e+00 2.843688707798719406e-04
1.706299609375000000e+04 1.700666992187500000e+03 4.556603357195854187e-02 7.263990234375000000e+03 4.130711059570312500e+02 3.000534057617187500e+00 9.860660552978515625e+00 6.615339964628219604e-02 1.353787994384765625e+01 2.856595458984375000e+03 7.004073333740234375e+01
0.000000000000000000e+00 2.515489453125000000e+04 2.050971679687500000e+04 5.145269393920898438e+01 2.201466015625000000e+04 1.873655859375000000e+04 2.176910871639847755e-03 2.639939648437500000e+04 4.709381835937500000e+03 9.266125976562500000e+03 1.489273011684417725e-01
8.206623897422105074e-05 6.194585037231445312e+01 1.149221343994140625e+02 4.339659500122070312e+01 1.993493318557739258e+00 2.293174316406250000e+03 2.637931640625000000e+03 1.316266727447509766e+01 2.346668701171875000e+03 5.304313451051712036e-02 2.380531494140625000e+03
0.000000000000000000e+00 0.000000000000000000e+00 2.238754132122267038e-05 0.000000000000000000e+00 1.056742477416992188e+01 0.000000000000000000e+00 0.000000000000000000e+00 0.000000000000000000e+00 0.000000000000000000e+00 0.000000000000000000e+00 1.176822464913129807e-03
0.000000000000000000e+00 7.566434942418709397e-05 6.410529464483261108e-02 6.090844515711069107e-03 1.107125282287597656e-01 0.000000000000000000e+00 9.327029809355735779e-03 6.010217219591140747e-02 0.000000000000000000e+00 5.842165276408195496e-02 0.000000000000000000e+00
