0.000000000000000000e+00 5.138702690601348877e-03 0.000000000000000000e+00 0.000000000000000000e+00 0.000000000000000000e+00 0.000000000000000000e+00 2.874269848689436913e-03 5.064389202743768692e-03 0.000000000000000000e+00 0.000000000000000000e+00 0.000000000000000000e+00
5.966164637356996536e-03 0.000000000000000000e+00 1.010712143033742905e-02 4.165080375969409943e-03 1.071573467925190926e-03 0.000000000000000000e+00 4.074724856764078140e-03 1.225226907990872860e-03 1.809823210351169109e-03 0.000000000000000000e+00 0.000000000000000000e+00
0.000000000000000000e+00 1.405012421309947968e-02 1.045271870680153370e-03 5.075446795672178268e-03 0.000000000000000000e+00 1.222313474863767624e-02 7.663489319384098053e-03 0.000000000000000000e+00 0.000000000000000000e+00 4.853910300880670547e-03 1.087700715288519859e-03
0.000000000000000000e+00 0.000000000000000000e+00 0.000000000000000000e+00 1.692874473519623280e-03 0.000000000000000000e+00 2.674017567187547684e-03 0.000000000000000000e+00 1.094374433159828186e-02 0.000000000000000000e+00 2.943902974948287010e-03 0.000000000000000000e+00
0.000000000000000000e+00 6.016314000589773059e-05 0.000000000000000000e+00 6.184687663335353136e-05 0.000000000000000000e+00 0.000000000000000000e+00 0.000000000000000000e+00 0.000000000000000000e+00 0.000000000000000000e+00 1.777838951966259629e-05 2.039130777120590210e-04
0.000000000000000000e+00 0.000000000000000000e+00 0.000000000000000000e+00 0.000000000000000000e+00 0.000000000000000000e+00 0.000000000000000000e+00 0.000000000000000000e+00 0.000000000000000000e+00 0.000000000000000000e+00 0.000000000000000000e+00 0.000000000000000000e+00
8.912673220038414001e-03 6.196318427100777626e-04 0.000000000000000000e+00 0.000000000000000000e+00 0.000000000000000000e+00 4.786354023963212967e-03 1.874696812592446804e-03 0.000000000000000000e+00 8.831909857690334320e-03 6.177956238389015198e-03 6.521004252135753632e-03
0.000000000000000000e+00 7.919350755400955677e-04 0.000000000000000000e+00 0.000000000000000000e+00 0.000000000000000000e+00 0.000000000000000000e+00 0.000000000000000000e+00 0.000000000000000000e+00 8.015627041459083557e-03 0.000000000000000000e+00 1.465502078644931316e-03
0.000000000000000000e+00 0.000000000000000000e+00 9.603203507140278816e-04 0.000000000000000000e+00 0.000000000000000000e+00 3.157277591526508331e-03 2.166625345125794411e-03 2.365383552387356758e-03 0.000000000000000000e+00 0.000000000000000000e+00 2.230325015261769295e-03
6.923387292772531509e-03 0.000000000000000000e+00 9.765033610165119171e-03 0.000000000000000000e+00 3.297607228159904480e-02 1.291883061639964581e-03 0.000000000000000000e+00 0.000000000000000000e+00 5.336862523108720779e-03 0.000000000000000000e+00 7.034405600279569626e-03
0.000000000000000000e+00 0.000000000000000000e+00 2.351773673581192270e-06 3.088514120008767350e-07 3.775728373511810787e-06 0.000000000000000000e+00 1.934486363097676076e-06 1.268777396035147831e-06 0.000000000000000000e+00 4.567587836845632410e-07 0.000000000000000000e+00
