0.000000000000000000e+00 0.000000000000000000e+00 0.000000000000000000e+00 0.000000000000000000e+00 0.000000000000000000e+00 0.000000000000000000e+00 1.715651596896350384e-03 1.977108622668311000e-04 0.000000000000000000e+00 0.000000000000000000e+00 0.000000000000000000e+00
4.681942053139209747e-03 0.000000000000000000e+00 9.020305238664150238e-03 0.000000000000000000e+00 8.991403505206108093e-03 0.000000000000000000e+00 2.638285746797919273e-03 8.251509279944002628e-04 5.646549165248870850e-03 0.000000000000000000e+00 0.000000000000000000e+00
0.000000000000000000e+00 6.940534338355064392e-03 0.000000000000000000e+00 7.602201309055089951e-03 0.000000000000000000e+00 4.937496036291122437e-03 9.160615736618638039e-04 0.000000000000000000e+00 0.000000000000000000e+00 1.448494195938110352e-02 3.254609415307641029e-03
4.990340210497379303e-03 3.517937147989869118e-03 2.029597759246826172e-03 0.000000000000000000e+00 0.000000000000000000e+00 9.543730877339839935e-03 3.542351769283413887e-03 5.059035494923591614e-03 0.000000000000000000e+00 0.000000000000000000e+00 0.000000000000000000e+00
0.000000000000000000e+00 0.000000000000000000e+00 1.778433070285245776e-04 1.225741289090365171e-04 0.000000000000000000e+00 0.000000000000000000e+00 6.004622264299541712e-05 4.819313471671193838e-05 6.020102591719478369e-05 1.660907146288082004e-04 4.899004125036299229e-04
0.000000000000000000e+00 0.000000000000000000e+00 0.000000000000000000e+00 0.000000000000000000e+00 0.000000000000000000e+00 6.621841341257095337e-03 0.000000000000000000e+00 0.000000000000000000e+00 0.000000000000000000e+00 0.000000000000000000e+00 0.000000000000000000e+00
4.084215033799409866e-03 6.402893923223018646e-04 0.000000000000000000e+00 3.393655410036444664e-03 0.000000000000000000e+00 4.652623552829027176e-03 2.267342933919280767e-04 1.042240392416715622e-02 3.203792497515678406e-03 5.263353697955608368e-03 5.758706480264663696e-03
0.000000000000000000e+00 2.585037378594279289e-03 4.943447420373558998e-04 0.000000000000000000e+00 5.093552637845277786e-03 0.000000000000000000e+00 0.000000000000000000e+00 6.749226711690425873e-03 2.508922945708036423e-03 0.000000000000000000e+00 0.000000000000000000e+00
5.312413559295237064e-04 0.000000000000000000e+00 0.000000000000000000e+00 0.000000000000000000e+00 0.000000000000000000e+00 1.741289743222296238e-04 3.274092217907309532e-03 6.783718243241310120e-03 1.096034422516822815e-02 0.000000000000000000e+00 5.964522133581340313e-04
0.000000000000000000e+00 0.000000000000000000e+00 1.339835207909345627e-02 5.158052779734134674e-03 3.450252860784530640e-02 0.000000000000000000e+00 0.000000000000000000e+00 0.000000000000000000e+00 1.190182752907276154e-02 0.000000000000000000e+00 1.100775413215160370e-02
0.000000000000000000e+00 0.000000000000000000e+00 1.972912514247582294e-06 3.147381903545465320e-06 9.119157766690477729e-06 0.000000000000000000e+00 1.411118773830821738e-06 4.593472567648859695e-06 1.407484660376212560e-06 1.466685716877691448e-06 0.000000000000000000e+00
