0.000000000000000000e+00 0.000000000000000000e+00 1.068023778498172760e-02 0.000000000000000000e+00 0.000000000000000000e+00 0.000000000000000000e+00 7.617445226060226560e-05 0.000000000000000000e+00 0.000000000000000000e+00 0.000000000000000000e+00 0.000000000000000000e+00
1.026270166039466858e-02 0.000000000000000000e+00 1.014298293739557266e-02 3.150342963635921478e-04 0.000000000000000000e+00 0.000000000000000000e+00 8.262357674539089203e-03 3.194783115759491920e-03 0.000000000000000000e+00 0.000000000000000000e+00 0.000000000000000000e+00
1.694620237685739994e-03 8.130887523293495178e-03 1.958970911800861359e-03 2.985339146107435226e-03 1.252626720815896988e-02 0.000000000000000000e+00 3.639442380517721176e-03 0.000000000000000000e+00 1.725336653180420399e-03 1.050039008259773254e-02 1.122214132919907570e-03
6.729045417159795761e-03 0.000000000000000000e+00 6.542872637510299683e-03 0.000000000000000000e+00 4.464294295758008957e-03 0.000000000000000000e+00 6.421151570975780487e-03 7.172435056418180466e-03 0.000000000000000000e+00 0.000000000000000000e+00 0.000000000000000000e+00
7.445197843480855227e-05 1.627967285457998514e-04 2.440315292915329337e-04 1.551696041133254766e-04 0.000000000000000000e+00 1.420516346115618944e-04 8.520817209500819445e-05 5.565453466260805726e-05 1.026497120619751513e-04 3.106792864855378866e-04 5.731347482651472092e-04
0.000000000000000000e+00 0.000000000000000000e+00 0.000000000000000000e+00 0.000000000000000000e+00 0.000000000000000000e+00 0.000000000000000000e+00 0.000000000000000000e+00 0.000000000000000000e+00 0.000000000000000000e+00 0.000000000000000000e+00 9.773522469913586974e-05
1.054180786013603210e-02 1.105752959847450256e-02 0.000000000000000000e+00 4.379033111035823822e-03 0.000000000000000000e+00 0.000000000000000000e+00 0.000000000000000000e+00 0.000000000000000000e+00 0.000000000000000000e+00 0.000000000000000000e+00 4.811418475583195686e-04
0.000000000000000000e+00 2.582663297653198242e-02 1.790814130799844861e-04 0.000000000000000000e+00 0.000000000000000000e+00 0.000000000000000000e+00 1.480410108342766762e-03 4.502208437770605087e-03 4.668522626161575317e-03 0.000000000000000000e+00 0.000000000000000000e+00
0.000000000000000000e+00 2.345112850889563560e-03 0.000000000000000000e+00 0.000000000000000000e+00 0.000000000000000000e+00 8.890055119991302490e-03 1.762178912758827209e-02 0.000000000000000000e+00 0.000000000000000000e+00 0.000000000000000000e+00 3.071457613259553909e-03
3.802658757194876671e-03 0.000000000000000000e+00 0.000000000000000000e+00 0.000000000000000000e+00 4.308605566620826721e-02 0.000000000000000000e+00 0.000000000000000000e+00 2.820886438712477684e-04 6.598302628844976425e-03 9.440640918910503387e-03 1.853719726204872131e-02
0.000000000000000000e+00 0.000000000000000000e+00 2.228111497970530763e-06 4.317946320497867418e-07 7.526312856498407200e-06 0.000000000000000000e+00 0.000000000000000000e+00 5.429516932053957134e-06 0.000000000000000000e+00 2.785070591926341876e-06 0.000000000000000000e+00
