0.000000000000000000e+00 2.323097316548228264e-03 0.000000000000000000e+00 0.000000000000000000e+00 0.000000000000000000e+00 0.000000000000000000e+00 1.957684056833386421e-03 5.422531627118587494e-03 0.000000000000000000e+00 0.000000000000000000e+00 0.000000000000000000e+00
2.452515764161944389e-03 0.000000000000000000e+00 4.802782554179430008e-03 0.000000000000000000e+00 4.234424326568841934e-03 0.000000000000000000e+00 0.000000000000000000e+00 0.000000000000000000e+00 0.000000000000000000e+00 0.000000000000000000e+00 0.000000000000000000e+00
0.000000000000000000e+00 0.000000000000000000e+00 0.000000000000000000e+00 0.000000000000000000e+00 1.636763336136937141e-03 2.283020410686731339e-03 8.707229048013687134e-03 0.000000000000000000e+00 0.000000000000000000e+00 4.451554734259843826e-03 0.000000000000000000e+00
5.989710800349712372e-03 0.000000000000000000e+00 1.743966131471097469e-03 4.320120904594659805e-03 5.804407875984907150e-03 0.000000000000000000e+00 4.374342504888772964e-03 3.705424605868756771e-04 0.000000000000000000e+00 3.143716836348176003e-03 0.000000000000000000e+00
0.000000000000000000e+00 9.227788541465997696e-05 4.439127951627597213e-05 7.129058212740346789e-05 0.000000000000000000e+00 1.074640458682551980e-04 1.359403395326808095e-04 4.698712928075110540e-06 1.342235918855294585e-04 3.767723319469951093e-05 2.730772248469293118e-04
0.000000000000000000e+00 9.314039489254355431e-04 5.370221566408872604e-03 1.769065856933593750e-03 0.000000000000000000e+00 1.453064661473035812e-02 0.000000000000000000e+00 0.000000000000000000e+00 0.000000000000000000e+00 6.288769189268350601e-03 2.530467696487903595e-02
5.254839546978473663e-03 0.000000000000000000e+00 0.000000000000000000e+00 6.451489869505167007e-03 0.000000000000000000e+00 4.125168081372976303e-03 0.000000000000000000e+00 7.194005884230136871e-03 0.000000000000000000e+00 8.663623593747615814e-03 4.974567331373691559e-03
0.000000000000000000e+00 5.968468729406595230e-03 3.092268016189336777e-03 0.000000000000000000e+00 0.000000000000000000e+00 0.000000000000000000e+00 0.000000000000000000e+00 0.000000000000000000e+00 1.479782280512154102e-03 0.000000000000000000e+00 0.000000000000000000e+00
4.250594414770603180e-03 6.796668167226016521e-04 0.000000000000000000e+00 9.576146840117871761e-04 0.000000000000000000e+00 5.767811671830713749e-04 3.147228155285120010e-03 0.000000000000000000e+00 2.322844462469220161e-03 0.000000000000000000e+00 0.000000000000000000e+00
5.453074816614389420e-03 1.378999149892479181e-04 9.533272124826908112e-03 3.386012511327862740e-03 2.033455483615398407e-02 0.000000000000000000e+00 0.000000000000000000e+00 0.000000000000000000e+00 5.117906257510185242e-03 0.000000000000000000e+00 6.072250660508871078e-03
0.000000000000000000e+00 0.000000000000000000e+00 2.628708557494974229e-07 0.000000000000000000e+00 9.031755894284287933e-07 0.000000000000000000e+00 6.341605285342666321e-07 7.591184498778602574e-07 0.000000000000000000e+00 4.720704112060047919e-07 1.115596717227163026e-07
