0.000000000000000000e+00 1.455701072700321674e-03 2.715102629736065865e-03 0.000000000000000000e+00 0.000000000000000000e+00 0.000000000000000000e+00 1.983863767236471176e-03 2.086505293846130371e-03 1.678070111665874720e-04 0.000000000000000000e+00 0.000000000000000000e+00
5.642042960971593857e-03 0.000000000000000000e+00 3.261781297624111176e-03 1.768352347426116467e-03 1.898251648526638746e-04 0.000000000000000000e+00 1.949425495695322752e-05 9.156934684142470360e-04 0.000000000000000000e+00 0.000000000000000000e+00 0.000000000000000000e+00
0.000000000000000000e+00 2.133629517629742622e-03 0.000000000000000000e+00 3.341543721035122871e-03 0.000000000000000000e+00 4.915425553917884827e-03 5.376984830945730209e-03 0.000000000000000000e+00 0.000000000000000000e+00 1.815256895497441292e-03 0.000000000000000000e+00
6.409156601876020432e-03 0.000000000000000000e+00 0.000000000000000000e+00 0.000000000000000000e+00 2.332996111363172531e-03 4.106902633793652058e-04 3.556469164323061705e-04 1.285762293264269829e-03 3.720430657267570496e-03 1.172242104075849056e-03 0.000000000000000000e+00
3.162310531479306519e-05 9.710714221000671387e-05 4.449464904610067606e-05 7.605579594383016229e-05 0.000000000000000000e+00 9.509718074696138501e-05 9.086206409847363830e-05 5.634193439618684351e-05 1.046437100740149617e-04 1.299993309658020735e-04 2.679852477740496397e-04
0.000000000000000000e+00 0.000000000000000000e+00 1.223470084369182587e-03 0.000000000000000000e+00 0.000000000000000000e+00 1.405420619994401932e-02 7.264076266437768936e-04 0.000000000000000000e+00 0.000000000000000000e+00 5.412866361439228058e-03 1.698695309460163116e-02
2.430539345368742943e-03 1.023963443003594875e-03 0.000000000000000000e+00 4.361215396784245968e-04 0.000000000000000000e+00 7.709349738433957100e-04 3.295205999165773392e-03 1.251567737199366093e-03 3.996620420366525650e-03 2.562880283221602440e-03 1.997951476369053125e-04
0.000000000000000000e+00 3.671995655167847872e-04 0.000000000000000000e+00 0.000000000000000000e+00 2.221336326329037547e-04 0.000000000000000000e+00 0.000000000000000000e+00 0.000000000000000000e+00 0.000000000000000000e+00 0.000000000000000000e+00 0.000000000000000000e+00
0.000000000000000000e+00 1.879061339423060417e-03 0.000000000000000000e+00 0.000000000000000000e+00 0.000000000000000000e+00 6.550841499119997025e-04 1.307879108935594559e-03 1.221190555952489376e-03 8.136941469274461269e-04 2.161646261811256409e-03 0.000000000000000000e+00
0.000000000000000000e+00 1.822076621465384960e-03 5.345830693840980530e-03 0.000000000000000000e+00 1.376055739820003510e-02 6.777113303542137146e-04 0.000000000000000000e+00 0.000000000000000000e+00 2.206010511144995689e-03 0.000000000000000000e+00 4.345445428043603897e-03
0.000000000000000000e+00 0.000000000000000000e+00 1.358346708002500236e-06 5.951653179181448650e-07 2.218067038484150544e-06 0.000000000000000000e+00 0.000000000000000000e+00 1.233667262567905709e-06 3.496767817523505073e-07 6.980149578339478467e-07 0.000000000000000000e+00
