0.000000000000000000e+00 0.000000000000000000e+00 1.597026246599853039e-03 0.000000000000000000e+00 0.000000000000000000e+00 0.000000000000000000e+00 2.093415008857846260e-03 6.196474656462669373e-03 1.661765854805707932e-03 0.000000000000000000e+00 0.000000000000000000e+00
2.764822449535131454e-03 0.000000000000000000e+00 4.777323338203132153e-04 2.203985204687342048e-04 0.000000000000000000e+00 0.000000000000000000e+00 5.461922846734523773e-03 7.080166833475232124e-04 9.690455044619739056e-04 0.000000000000000000e+00 0.000000000000000000e+00
0.000000000000000000e+00 4.682706203311681747e-03 3.273605252616107464e-04 0.000000000000000000e+00 0.000000000000000000e+00 3.198085352778434753e-03 8.844286785461008549e-04 0.000000000000000000e+00 0.000000000000000000e+00 2.348461857764050364e-04 0.000000000000000000e+00
4.774860572069883347e-03 5.794252734631299973e-03 0.000000000000000000e+00 1.564107835292816162e-03 0.000000000000000000e+00 0.000000000000000000e+00 2.943203086033463478e-03 1.095387618988752365e-02 1.345798140391707420e-03 0.000000000000000000e+00 2.340588718652725220e-03
0.000000000000000000e+00 8.797968621365725994e-05 1.127792638726532459e-04 9.138005407294258475e-05 0.000000000000000000e+00 0.000000000000000000e+00 0.000000000000000000e+00 2.144926838809624314e-05 1.809087189030833542e-05 1.463918160879984498e-04 3.637283516582101583e-04
0.000000000000000000e+00 0.000000000000000000e+00 0.000000000000000000e+00 0.000000000000000000e+00 0.000000000000000000e+00 4.141945391893386841e-03 0.000000000000000000e+00 0.000000000000000000e+00 0.000000000000000000e+00 0.000000000000000000e+00 0.000000000000000000e+00
0.000000000000000000e+00 5.218103760853409767e-04 0.000000000000000000e+00 1.523241982795298100e-03 0.000000000000000000e+00 2.239162800833582878e-03 0.000000000000000000e+00 2.044965047389268875e-03 1.621435047127306461e-03 7.101425435394048691e-03 3.160618944093585014e-03
0.000000000000000000e+00 0.000000000000000000e+00 0.000000000000000000e+00 0.000000000000000000e+00 1.529326546005904675e-03 0.000000000000000000e+00 0.000000000000000000e+00 0.000000000000000000e+00 4.018804524093866348e-03 0.000000000000000000e+00 0.000000000000000000e+00
0.000000000000000000e+00 0.000000000000000000e+00 5.154140293598175049e-03 1.620382769033312798e-03 4.166694357991218567e-03 0.000000000000000000e+00 0.000000000000000000e+00 5.718526663258671761e-04 0.000000000000000000e+00 0.000000000000000000e+00 7.154042366892099380e-03
7.998923771083354950e-03 1.063124742358922958e-03 1.131926011294126511e-02 0.000000000000000000e+00 3.128196671605110168e-02 1.827221130952239037e-03 0.000000000000000000e+00 0.000000000000000000e+00 2.056100172922015190e-03 0.000000000000000000e+00 5.334179848432540894e-03
0.000000000000000000e+00 0.000000000000000000e+00 2.306711394339799881e-06 1.294630578740907367e-06 4.137026280659483746e-06 0.000000000000000000e+00 1.242446614924119785e-06 5.252339860817301087e-07 0.000000000000000000e+00 1.358899794468015898e-06 0.000000000000000000e+00
