7.929746061563491821e-04 1.685046777129173279e-02 1.768525131046772003e-02 1.781437313184142113e-03 3.348983227624557912e-05 2.343674656003713608e-03 1.581424660980701447e-02 1.740714721381664276e-02 1.735229045152664185e-02 1.249765790998935699e-02 1.689016819000244141e-03
3.124813461303710938e+01 0.000000000000000000e+00 2.510393524169921875e+01 2.438615798950195312e+00 0.000000000000000000e+00 3.269209265708923340e-01 4.077246785163879395e-01 3.083687275648117065e-03 3.232528305053710938e+01 0.000000000000000000e+00 3.731698608398437500e+01
8.757919311523437500e+00 1.770699024200439453e+00 5.557502508163452148e-01 1.515590953826904297e+01 5.854891240596771240e-02 2.054968357086181641e+00 4.280098438262939453e+00 1.084152236580848694e-02 5.230585336685180664e-01 2.952472114562988281e+01 1.129428267478942871e+00
2.953857803344726562e+01 1.854470744729042053e-02 7.354550063610076904e-02 5.103350448608398438e+01 7.899438738822937012e-01 8.900136351585388184e-01 7.295832633972167969e-01 2.014885902404785156e+01 1.404929280281066895e+00 5.069210529327392578e-01 0.000000000000000000e+00
3.556899353861808777e-02 1.244469434022903442e-01 5.019623041152954102e-02 1.122113242745399475e-01 0.000000000000000000e+00 9.989146143198013306e-02 9.840452671051025391e-02 1.460397243499755859e-02 2.566652931272983551e-02 1.422283202409744263e-01 3.061763942241668701e-01
0.000000000000000000e+00 0.000000000000000000e+00 0.000000000000000000e+00 0.000000000000000000e+00 0.000000000000000000e+00 9.361543506383895874e-02 0.000000000000000000e+00 0.000000000000000000e+00 0.000000000000000000e+00 0.000000000000000000e+00 1.639645174145698547e-02
2.393313026428222656e+01 1.656459617614746094e+01 0.000000000000000000e+00 2.937234878540039062e+01 0.000000000000000000e+00 7.192761898040771484e+00 1.486008453369140625e+01 2.403188228607177734e+00 1.580500030517578125e+01 1.318326187133789062e+01 1.520914363861083984e+01
0.000000000000000000e+00 1.054287719726562500e+02 1.556320343017578125e+02 1.031505235005170107e-04 4.589571058750152588e-01 9.391146898269653320e-02 3.167331695556640625e+01 1.081655578613281250e+02 2.150004863739013672e+00 2.964335632324218750e+01 2.073039054870605469e+01
8.206279017031192780e-05 1.352329969406127930e+00 1.155520153045654297e+01 1.438727855682373047e+01 0.000000000000000000e+00 2.135658073425292969e+01 7.689906311035156250e+01 1.599290221929550171e-02 4.208595275878906250e+00 1.307316422462463379e-01 1.243268966674804688e+00
6.235710531473159790e-02 2.248469889163970947e-01 5.711320638656616211e-01 0.000000000000000000e+00 5.221846771240234375e+01 3.658688813447952271e-02 1.375607773661613464e-02 0.000000000000000000e+00 0.000000000000000000e+00 0.000000000000000000e+00 2.643941879272460938e+00
0.000000000000000000e+00 6.706261956423986703e-06 6.880931090563535690e-03 3.087789518758654594e-04 9.867477230727672577e-03 0.000000000000000000e+00 1.403137808665633202e-03 1.311336643993854523e-03 0.000000000000000000e+00 3.715164028108119965e-03 0.000000000000000000e+00
