0.000000000000000000e+00 3.119470085948705673e-03 0.000000000000000000e+00 0.000000000000000000e+00 0.000000000000000000e+00 0.000000000000000000e+00 4.532983899116516113e-02 1.305513381958007812e-01 4.190955587546341121e-05 0.000000000000000000e+00 0.000000000000000000e+00
2.690047323703765869e-01 0.000000000000000000e+00 1.869975007139146328e-03 0.000000000000000000e+00 0.000000000000000000e+00 0.000000000000000000e+00 4.740725457668304443e-01 6.100764498114585876e-02 2.773971259593963623e-01 8.617532253265380859e-01 9.042610526084899902e-01
0.000000000000000000e+00 3.503196407109498978e-03 1.184030086733400822e-03 6.686584092676639557e-04 0.000000000000000000e+00 6.181856989860534668e-02 4.962936043739318848e-03 0.000000000000000000e+00 0.000000000000000000e+00 2.103786021471023560e-01 8.464573184028267860e-04
1.485617309808731079e-01 0.000000000000000000e+00 0.000000000000000000e+00 2.664995193481445312e-02 0.000000000000000000e+00 0.000000000000000000e+00 1.419535130262374878e-01 1.247043022885918617e-03 4.356304705142974854e-01 2.402626676484942436e-03 1.516143977642059326e-01
1.445379341021180153e-03 2.468667225912213326e-03 8.164830505847930908e-04 1.374442363157868385e-03 0.000000000000000000e+00 5.795829929411411285e-04 1.447191694751381874e-03 8.342366199940443039e-04 1.186471083201467991e-03 7.855587173253297806e-04 3.401976078748703003e-03
0.000000000000000000e+00 0.000000000000000000e+00 2.220707479864358902e-03 1.301937038078904152e-03 0.000000000000000000e+00 2.361717075109481812e-02 0.000000000000000000e+00 0.000000000000000000e+00 1.809883513487875462e-03 3.965703304857015610e-03 2.090125083923339844e-01
4.879465699195861816e-02 0.000000000000000000e+00 0.000000000000000000e+00 8.503149449825286865e-02 0.000000000000000000e+00 2.603730419650673866e-03 0.000000000000000000e+00 0.000000000000000000e+00 3.020090749487280846e-03 4.484261386096477509e-03 8.912756294012069702e-02
0.000000000000000000e+00 2.186165563762187958e-02 5.707905814051628113e-02 0.000000000000000000e+00 5.946535468101501465e-01 0.000000000000000000e+00 9.891433874145150185e-04 1.966469138860702515e-01 4.375334382057189941e-01 0.000000000000000000e+00 0.000000000000000000e+00
0.000000000000000000e+00 3.368458449840545654e-01 0.000000000000000000e+00 1.225512847304344177e-01 0.000000000000000000e+00 1.738669574260711670e-01 2.817152440547943115e-02 0.000000000000000000e+00 3.576875329017639160e-01 2.495723601896315813e-04 3.899339586496353149e-03
5.675689782947301865e-03 1.825037295930087566e-03 2.815153449773788452e-03 1.489940215833485126e-03 2.819736599922180176e-01 5.941499257460236549e-04 0.000000000000000000e+00 0.000000000000000000e+00 0.000000000000000000e+00 0.000000000000000000e+00 3.308564051985740662e-02
0.000000000000000000e+00 0.000000000000000000e+00 4.935000833938829601e-05 1.589758176123723388e-05 7.389701204374432564e-05 0.000000000000000000e+00 2.778175257844850421e-05 6.317181396298110485e-05 2.744546634403377539e-07 4.913015436613932252e-05 3.890175503329373896e-05
