0.000000000000000000e+00 0.000000000000000000e+00 1.492985466029495001e-04 0.000000000000000000e+00 0.000000000000000000e+00 0.000000000000000000e+00 0.000000000000000000e+00 1.364228315651416779e-02 3.378062741830945015e-03 0.000000000000000000e+00 0.000000000000000000e+00
7.375300396233797073e-03 0.000000000000000000e+00 1.387715898454189301e-02 0.000000000000000000e+00 0.000000000000000000e+00 0.000000000000000000e+00 2.211483661085367203e-03 3.426491515710949898e-03 0.000000000000000000e+00 0.000000000000000000e+00 0.000000000000000000e+00
0.000000000000000000e+00 0.000000000000000000e+00 0.000000000000000000e+00 0.000000000000000000e+00 0.000000000000000000e+00 4.657560959458351135e-03 0.000000000000000000e+00 0.000000000000000000e+00 0.000000000000000000e+00 1.306105311959981918e-02 3.720161970704793930e-03
8.737820200622081757e-03 0.000000000000000000e+00 0.000000000000000000e+00 0.000000000000000000e+00 1.480272691696882248e-02 7.384059485048055649e-03 3.898515831679105759e-03 7.839721627533435822e-03 1.821319689042866230e-03 0.000000000000000000e+00 0.000000000000000000e+00
1.310714869759976864e-04 2.370276342844590545e-04 1.137739818659611046e-04 1.857383176684379578e-04 0.000000000000000000e+00 2.473423664923757315e-04 2.697010932024568319e-04 8.261889888672158122e-05 1.527864515082910657e-04 3.570891276467591524e-04 5.100902053527534008e-04
0.000000000000000000e+00 0.000000000000000000e+00 0.000000000000000000e+00 0.000000000000000000e+00 0.000000000000000000e+00 2.232035622000694275e-03 0.000000000000000000e+00 0.000000000000000000e+00 0.000000000000000000e+00 0.000000000000000000e+00 0.000000000000000000e+00
6.906569469720125198e-03 5.141281522810459137e-03 0.000000000000000000e+00 0.000000000000000000e+00 0.000000000000000000e+00 6.621088832616806030e-03 1.223577000200748444e-02 6.113099865615367889e-03 7.716203574091196060e-03 6.950653158128261566e-03 1.252332795411348343e-02
0.000000000000000000e+00 1.712609664537012577e-03 0.000000000000000000e+00 0.000000000000000000e+00 5.556837655603885651e-03 0.000000000000000000e+00 0.000000000000000000e+00 0.000000000000000000e+00 6.896193604916334152e-03 0.000000000000000000e+00 0.000000000000000000e+00
0.000000000000000000e+00 4.131617490202188492e-03 1.702407724224030972e-03 0.000000000000000000e+00 0.000000000000000000e+00 3.504625754430890083e-03 9.955298155546188354e-03 8.640452870167791843e-04 0.000000000000000000e+00 0.000000000000000000e+00 5.263948114588856697e-04
8.916864171624183655e-03 4.932146053761243820e-03 3.528135595843195915e-03 0.000000000000000000e+00 5.019348487257957458e-02 0.000000000000000000e+00 0.000000000000000000e+00 0.000000000000000000e+00 3.462549997493624687e-03 0.000000000000000000e+00 1.607749052345752716e-02
0.000000000000000000e+00 0.000000000000000000e+00 3.450120857451111078e-06 2.531389213800139260e-07 8.745459126657806337e-06 0.000000000000000000e+00 2.138938270945800468e-06 2.667895159902400337e-06 0.000000000000000000e+00 2.915915729317930527e-06 0.000000000000000000e+00
