0.000000000000000000e+00 0.000000000000000000e+00 3.274002810940146446e-04 0.000000000000000000e+00 0.000000000000000000e+00 0.000000000000000000e+00 2.745255362242460251e-03 0.000000000000000000e+00 4.755775444209575653e-03 2.401220379397273064e-03 0.000000000000000000e+00
5.966934375464916229e-03 0.000000000000000000e+00 1.884855213575065136e-03 2.921211998909711838e-03 0.000000000000000000e+00 0.000000000000000000e+00 1.884466037154197693e-03 0.000000000000000000e+00 1.856563496403396130e-03 0.000000000000000000e+00 3.621630137786269188e-03
4.209759645164012909e-03 3.185408189892768860e-03 1.028229948133230209e-03 5.139423534274101257e-03 0.000000000000000000e+00 5.277465563267469406e-03 0.000000000000000000e+00 0.000000000000000000e+00 0.000000000000000000e+00 3.989311866462230682e-03 2.191256033256649971e-03
5.728235468268394470e-03 0.000000000000000000e+00 0.000000000000000000e+00 4.771024920046329498e-03 0.000000000000000000e+00 2.757884794846177101e-03 0.000000000000000000e+00 0.000000000000000000e+00 5.149861332029104233e-03 5.425241775810718536e-03 0.000000000000000000e+00
8.648467337479814887e-05 1.582861150382086635e-04 2.372862654738128185e-04 1.835378934629261494e-04 0.000000000000000000e+00 1.318617287324741483e-04 1.332650426775217056e-04 2.451815234962850809e-04 1.968243886949494481e-04 2.274996804771944880e-04 6.310652825050055981e-04
0.000000000000000000e+00 0.000000000000000000e+00 0.000000000000000000e+00 0.000000000000000000e+00 0.000000000000000000e+00 0.000000000000000000e+00 0.000000000000000000e+00 0.000000000000000000e+00 0.000000000000000000e+00 0.000000000000000000e+00 4.336808689942017736e-19
1.789568806998431683e-03 0.000000000000000000e+00 0.000000000000000000e+00 0.000000000000000000e+00 0.000000000000000000e+00 0.000000000000000000e+00 4.429382272064685822e-03 2.731473417952656746e-03 1.213642768561840057e-02 7.254341035149991512e-04 2.494770567864179611e-03
0.000000000000000000e+00 2.576076891273260117e-03 4.771760723087936640e-04 0.000000000000000000e+00 1.777254394255578518e-03 1.393853221088647842e-03 0.000000000000000000e+00 0.000000000000000000e+00 1.535118906758725643e-03 0.000000000000000000e+00 1.478200778365135193e-03
7.816248107701539993e-04 0.000000000000000000e+00 4.070101771503686905e-03 0.000000000000000000e+00 0.000000000000000000e+00 0.000000000000000000e+00 1.803700346499681473e-03 4.508626181632280350e-03 1.843757811002433300e-03 0.000000000000000000e+00 2.023532520979642868e-03
0.000000000000000000e+00 1.809590379707515240e-03 7.662642747163772583e-03 0.000000000000000000e+00 2.838524244725704193e-02 1.762409694492816925e-03 0.000000000000000000e+00 0.000000000000000000e+00 4.796274472028017044e-03 1.341690192930400372e-03 1.307412143796682358e-02
0.000000000000000000e+00 0.000000000000000000e+00 2.601531605250784196e-06 9.763766684045549482e-08 4.875500053458381444e-06 0.000000000000000000e+00 2.402543088919628644e-07 1.266827666768222116e-06 0.000000000000000000e+00 1.558853682581684552e-06 0.000000000000000000e+00
