0.000000000000000000e+00 0.000000000000000000e+00 0.000000000000000000e+00 0.000000000000000000e+00 0.000000000000000000e+00 0.000000000000000000e+00 8.540906012058258057e-03 7.858012104406952858e-04 0.000000000000000000e+00 0.000000000000000000e+00 0.000000000000000000e+00
7.268513552844524384e-03 0.000000000000000000e+00 5.266298539936542511e-03 4.348746966570615768e-03 0.000000000000000000e+00 0.000000000000000000e+00 3.947463817894458771e-03 0.000000000000000000e+00 0.000000000000000000e+00 0.000000000000000000e+00 0.000000000000000000e+00
0.000000000000000000e+00 8.831494487822055817e-03 0.000000000000000000e+00 4.843277856707572937e-04 1.696264953352510929e-03 5.059843417257070541e-03 0.000000000000000000e+00 0.000000000000000000e+00 6.811565719544887543e-03 9.857305558398365974e-04 1.265903236344456673e-03
6.192914675921201706e-03 0.000000000000000000e+00 2.248672069981694221e-03 9.580559708410874009e-05 5.047879181802272797e-03 3.069265221711248159e-04 3.513191826641559601e-03 1.021132338792085648e-02 0.000000000000000000e+00 0.000000000000000000e+00 0.000000000000000000e+00
0.000000000000000000e+00 0.000000000000000000e+00 2.644647611305117607e-05 9.054879046743735671e-05 0.000000000000000000e+00 0.000000000000000000e+00 8.424769475823268294e-05 1.667236938374117017e-05 0.000000000000000000e+00 8.791602886049076915e-05 3.017305280081927776e-04
0.000000000000000000e+00 0.000000000000000000e+00 0.000000000000000000e+00 0.000000000000000000e+00 0.000000000000000000e+00 0.000000000000000000e+00 0.000000000000000000e+00 0.000000000000000000e+00 0.000000000000000000e+00 0.000000000000000000e+00 0.000000000000000000e+00
4.504326265305280685e-03 7.497002370655536652e-03 0.000000000000000000e+00 0.000000000000000000e+00 0.000000000000000000e+00 6.129204761236906052e-03 0.000000000000000000e+00 1.049902103841304779e-02 2.677708631381392479e-03 2.205775119364261627e-03 1.692056469619274139e-02
0.000000000000000000e+00 7.303689606487751007e-03 0.000000000000000000e+00 1.359568443149328232e-03 3.987263422459363937e-03 0.000000000000000000e+00 0.000000000000000000e+00 0.000000000000000000e+00 1.095843687653541565e-02 0.000000000000000000e+00 0.000000000000000000e+00
3.645917633548378944e-03 4.303202964365482330e-03 1.872270018793642521e-03 0.000000000000000000e+00 0.000000000000000000e+00 0.000000000000000000e+00 2.023177919909358025e-03 5.953559884801506996e-04 0.000000000000000000e+00 0.000000000000000000e+00 0.000000000000000000e+00
1.241911482065916061e-02 4.739044234156608582e-03 1.588952355086803436e-02 0.000000000000000000e+00 4.230163618922233582e-02 0.000000000000000000e+00 0.000000000000000000e+00 3.393518272787332535e-04 1.985328970476984978e-03 0.000000000000000000e+00 2.176118642091751099e-02
0.000000000000000000e+00 0.000000000000000000e+00 3.945967364415992051e-06 2.220319572643347783e-07 7.648345672350842506e-06 0.000000000000000000e+00 7.103749908310419414e-07 1.854485844887676649e-06 0.000000000000000000e+00 2.057200390481739305e-06 0.000000000000000000e+00
