0.000000000000000000e+00 3.325677942484617233e-03 1.003366545774042606e-03 0.000000000000000000e+00 0.000000000000000000e+00 0.000000000000000000e+00 5.404963158071041107e-03 0.000000000000000000e+00 0.000000000000000000e+00 0.000000000000000000e+00 0.000000000000000000e+00
6.698856130242347717e-03 0.000000000000000000e+00 8.712534792721271515e-03 3.858206328004598618e-03 0.000000000000000000e+00 3.727027913555502892e-03 0.000000000000000000e+00 4.213008098304271698e-03 1.061076298356056213e-03 0.000000000000000000e+00 0.000000000000000000e+00
0.000000000000000000e+00 1.236590463668107986e-02 0.000000000000000000e+00 4.323092754930257797e-03 0.000000000000000000e+00 1.131874416023492813e-02 2.712032524868845940e-03 0.000000000000000000e+00 1.033665053546428680e-02 1.512374449521303177e-02 4.680813290178775787e-03
4.027627874165773392e-03 0.000000000000000000e+00 0.000000000000000000e+00 2.341527957469224930e-03 0.000000000000000000e+00 9.160984307527542114e-03 0.000000000000000000e+00 8.317424915730953217e-03 0.000000000000000000e+00 0.000000000000000000e+00 0.000000000000000000e+00
0.000000000000000000e+00 1.134245612774975598e-04 9.775588841876015067e-05 1.766069908626377583e-04 0.000000000000000000e+00 4.283683301764540374e-05 4.095304757356643677e-05 1.206607630592770875e-04 4.961148079019039869e-05 2.716331509873270988e-04 5.071830237284302711e-04
0.000000000000000000e+00 0.000000000000000000e+00 0.000000000000000000e+00 0.000000000000000000e+00 0.000000000000000000e+00 9.776093065738677979e-04 0.000000000000000000e+00 0.000000000000000000e+00 0.000000000000000000e+00 0.000000000000000000e+00 0.000000000000000000e+00
3.130986355245113373e-03 9.167922660708427429e-03 0.000000000000000000e+00 8.787693455815315247e-03 0.000000000000000000e+00 4.451432265341281891e-03 1.109498436562716961e-03 1.284981798380613327e-02 7.789506111294031143e-03 2.146500337403267622e-04 3.606859361752867699e-03
0.000000000000000000e+00 3.589130239561200142e-03 4.672724753618240356e-04 0.000000000000000000e+00 5.017555085942149162e-04 0.000000000000000000e+00 0.000000000000000000e+00 4.645182751119136810e-03 9.712402708828449249e-03 0.000000000000000000e+00 2.650059526786208153e-03
0.000000000000000000e+00 0.000000000000000000e+00 0.000000000000000000e+00 0.000000000000000000e+00 0.000000000000000000e+00 4.031486241728998721e-05 9.248281829059123993e-03 0.000000000000000000e+00 3.925714641809463501e-03 0.000000000000000000e+00 1.378374756313860416e-03
7.819279097020626068e-03 0.000000000000000000e+00 3.269390901550650597e-03 0.000000000000000000e+00 3.964795172214508057e-02 2.156308153644204140e-03 0.000000000000000000e+00 0.000000000000000000e+00 2.363183302804827690e-03 2.599760890007019043e-03 8.698882535099983215e-03
0.000000000000000000e+00 0.000000000000000000e+00 3.779083272092975676e-06 1.611931992329118657e-07 1.045513454300817102e-05 0.000000000000000000e+00 5.336170829650654923e-07 3.066577392019098625e-06 0.000000000000000000e+00 0.000000000000000000e+00 0.000000000000000000e+00
