0.000000000000000000e+00 0.000000000000000000e+00 0.000000000000000000e+00 0.000000000000000000e+00 0.000000000000000000e+00 0.000000000000000000e+00 1.329397200606763363e-03 5.721613764762878418e-03 0.000000000000000000e+00 0.000000000000000000e+00 0.000000000000000000e+00
3.167474409565329552e-03 0.000000000000000000e+00 3.177150385454297066e-03 2.034364966675639153e-03 2.538317348808050156e-04 0.000000000000000000e+00 0.000000000000000000e+00 0.000000000000000000e+00 0.000000000000000000e+00 1.261944067664444447e-03 0.000000000000000000e+00
0.000000000000000000e+00 3.070543752983212471e-04 7.503764936700463295e-04 1.060230773873627186e-03 0.000000000000000000e+00 0.000000000000000000e+00 2.826270181685686111e-03 0.000000000000000000e+00 0.000000000000000000e+00 5.884245503693819046e-03 0.000000000000000000e+00
4.469921346753835678e-03 0.000000000000000000e+00 0.000000000000000000e+00 1.091420068405568600e-03 0.000000000000000000e+00 1.155631383880972862e-03 7.983041577972471714e-04 2.447160892188549042e-03 2.640166087076067924e-03 0.000000000000000000e+00 0.000000000000000000e+00
0.000000000000000000e+00 5.573141970671713352e-05 0.000000000000000000e+00 0.000000000000000000e+00 0.000000000000000000e+00 0.000000000000000000e+00 0.000000000000000000e+00 0.000000000000000000e+00 0.000000000000000000e+00 6.560240581165999174e-05 3.353994688950479031e-04
0.000000000000000000e+00 0.000000000000000000e+00 8.340260013937950134e-03 0.000000000000000000e+00 0.000000000000000000e+00 2.409732341766357422e-02 1.861902070231735706e-03 0.000000000000000000e+00 0.000000000000000000e+00 8.963512256741523743e-03 3.369659185409545898e-02
1.468142843805253506e-03 1.750710303895175457e-03 0.000000000000000000e+00 6.928101647645235062e-03 0.000000000000000000e+00 5.907002370804548264e-03 0.000000000000000000e+00 2.135940449079498649e-04 1.052867993712425232e-02 9.573824703693389893e-03 1.554039190523326397e-03
0.000000000000000000e+00 2.352538984268903732e-03 0.000000000000000000e+00 0.000000000000000000e+00 0.000000000000000000e+00 1.838113064877688885e-03 0.000000000000000000e+00 0.000000000000000000e+00 4.134239628911018372e-03 0.000000000000000000e+00 0.000000000000000000e+00
0.000000000000000000e+00 6.936976686120033264e-03 0.000000000000000000e+00 0.000000000000000000e+00 0.000000000000000000e+00 1.383929746225476265e-03 7.139230612665414810e-03 0.000000000000000000e+00 2.206462202593684196e-03 9.734156192280352116e-04 0.000000000000000000e+00
1.196884782984852791e-03 0.000000000000000000e+00 7.018174044787883759e-03 0.000000000000000000e+00 2.339826337993144989e-02 0.000000000000000000e+00 0.000000000000000000e+00 0.000000000000000000e+00 8.786213584244251251e-03 0.000000000000000000e+00 7.610223256051540375e-03
0.000000000000000000e+00 0.000000000000000000e+00 3.190619963788776658e-06 0.000000000000000000e+00 7.490837106161052361e-06 0.000000000000000000e+00 2.399538061581552029e-06 2.043406766460975632e-06 2.968198486996698193e-06 1.188868395729514305e-06 1.046026341100514401e-06
