0.000000000000000000e+00 0.000000000000000000e+00 3.232623857911676168e-04 0.000000000000000000e+00 0.000000000000000000e+00 0.000000000000000000e+00 1.231062575243413448e-03 0.000000000000000000e+00 0.000000000000000000e+00 0.000000000000000000e+00 0.000000000000000000e+00
2.372536808252334595e-03 0.000000000000000000e+00 5.092964274808764458e-04 0.000000000000000000e+00 0.000000000000000000e+00 0.000000000000000000e+00 0.000000000000000000e+00 0.000000000000000000e+00 2.959658449981361628e-04 0.000000000000000000e+00 0.000000000000000000e+00
6.074477569200098515e-04 1.096060033887624741e-03 1.521411701105535030e-03 4.377612203825265169e-04 1.232626149430871010e-03 0.000000000000000000e+00 1.559367054142057896e-03 0.000000000000000000e+00 0.000000000000000000e+00 3.729220479726791382e-03 0.000000000000000000e+00
7.741642766632139683e-04 0.000000000000000000e+00 5.892874905839562416e-04 0.000000000000000000e+00 0.000000000000000000e+00 0.000000000000000000e+00 2.461993426550179720e-04 6.868207710795104504e-04 1.289876294322311878e-03 1.273615052923560143e-03 0.000000000000000000e+00
0.000000000000000000e+00 2.482385316397994757e-04 1.598511007614433765e-04 1.184406282845884562e-04 0.000000000000000000e+00 2.533718652557581663e-04 2.342199295526370406e-04 5.542173676076345146e-05 1.338461879640817642e-04 1.828778622439131141e-04 5.950162303633987904e-04
0.000000000000000000e+00 0.000000000000000000e+00 2.171311061829328537e-03 1.061091315932571888e-04 0.000000000000000000e+00 8.934452198445796967e-03 9.457567648496478796e-05 0.000000000000000000e+00 0.000000000000000000e+00 2.252745209261775017e-03 1.221287064254283905e-02
1.490951399318873882e-03 0.000000000000000000e+00 0.000000000000000000e+00 2.293553436174988747e-03 0.000000000000000000e+00 1.333566731773316860e-03 0.000000000000000000e+00 6.532327970489859581e-04 2.973482245579361916e-03 0.000000000000000000e+00 1.019069924950599670e-03
0.000000000000000000e+00 1.103944494388997555e-03 2.088987501338124275e-03 0.000000000000000000e+00 0.000000000000000000e+00 1.982174580916762352e-04 0.000000000000000000e+00 0.000000000000000000e+00 1.420413842424750328e-03 0.000000000000000000e+00 0.000000000000000000e+00
0.000000000000000000e+00 6.033165263943374157e-04 1.743913628160953522e-03 0.000000000000000000e+00 0.000000000000000000e+00 1.475167693570256233e-03 8.651427924633026123e-04 0.000000000000000000e+00 0.000000000000000000e+00 0.000000000000000000e+00 1.829694083426147699e-04
1.329484977759420872e-03 7.419960456900298595e-04 2.772564766928553581e-03 0.000000000000000000e+00 8.624607697129249573e-03 0.000000000000000000e+00 0.000000000000000000e+00 0.000000000000000000e+00 2.213855506852269173e-03 0.000000000000000000e+00 4.496714565902948380e-03
0.000000000000000000e+00 0.000000000000000000e+00 9.475212209508754313e-06 3.405365077924216166e-06 1.386998337693512440e-05 0.000000000000000000e+00 5.444775979412952438e-06 8.044085916480980814e-06 1.538846163384732790e-06 7.956798071973025799e-06 2.729573225224157795e-06
