0.000000000000000000e+00 0.000000000000000000e+00 0.000000000000000000e+00 0.000000000000000000e+00 0.000000000000000000e+00 0.000000000000000000e+00 0.000000000000000000e+00 8.059682324528694153e-03 0.000000000000000000e+00 1.165086752735078335e-03 0.000000000000000000e+00
9.387900121510028839e-03 0.000000000000000000e+00 1.742040971294045448e-03 0.000000000000000000e+00 0.000000000000000000e+00 0.000000000000000000e+00 0.000000000000000000e+00 1.378201646730303764e-03 1.810436602681875229e-03 1.962470123544335365e-03 1.144581707194447517e-03
3.105938667431473732e-03 2.435079775750637054e-03 0.000000000000000000e+00 0.000000000000000000e+00 3.739291278179734945e-04 8.245259523391723633e-03 8.699572645127773285e-03 0.000000000000000000e+00 0.000000000000000000e+00 3.941920585930347443e-03 0.000000000000000000e+00
8.592087775468826294e-03 1.184997498057782650e-03 0.000000000000000000e+00 0.000000000000000000e+00 6.942437961697578430e-03 1.444350928068161011e-03 1.084445859305560589e-03 4.408936947584152222e-03 1.847692066803574562e-03 0.000000000000000000e+00 0.000000000000000000e+00
2.989219792652875185e-04 1.599423703737556934e-04 3.357566893100738525e-04 1.771622482920065522e-04 0.000000000000000000e+00 1.525938714621588588e-04 3.750775795197114348e-05 9.047814091900363564e-05 5.586018596659414470e-05 3.523004415910691023e-04 6.945051718503236771e-04
0.000000000000000000e+00 0.000000000000000000e+00 0.000000000000000000e+00 0.000000000000000000e+00 0.000000000000000000e+00 0.000000000000000000e+00 0.000000000000000000e+00 0.000000000000000000e+00 0.000000000000000000e+00 0.000000000000000000e+00 0.000000000000000000e+00
1.030304701998829842e-03 5.477199796587228775e-03 0.000000000000000000e+00 0.000000000000000000e+00 0.000000000000000000e+00 0.000000000000000000e+00 0.000000000000000000e+00 0.000000000000000000e+00 0.000000000000000000e+00 2.928536618128418922e-03 4.063197411596775055e-03
0.000000000000000000e+00 8.861334063112735748e-04 1.567471306771039963e-03 0.000000000000000000e+00 0.000000000000000000e+00 0.000000000000000000e+00 0.000000000000000000e+00 4.878967069089412689e-03 4.024759866297245026e-03 0.000000000000000000e+00 0.000000000000000000e+00
0.000000000000000000e+00 1.649829209782183170e-03 2.454096218571066856e-03 3.131814999505877495e-03 0.000000000000000000e+00 5.157835781574249268e-03 2.825187752023339272e-03 0.000000000000000000e+00 0.000000000000000000e+00 2.721072640269994736e-03 3.688278375193476677e-03
0.000000000000000000e+00 0.000000000000000000e+00 3.607107326388359070e-03 0.000000000000000000e+00 3.533148020505905151e-02 0.000000000000000000e+00 0.000000000000000000e+00 0.000000000000000000e+00 1.087599247694015503e-02 0.000000000000000000e+00 1.576850004494190216e-02
0.000000000000000000e+00 0.000000000000000000e+00 4.235753294778987765e-06 2.115958295689779334e-06 9.098796908801887184e-06 0.000000000000000000e+00 3.459794243099167943e-06 5.824897471029544249e-07 0.000000000000000000e+00 1.520182763670163695e-06 0.000000000000000000e+00
