0.000000000000000000e+00 5.333816528320312500e+00 2.115956420898437500e+02 0.000000000000000000e+00 0.000000000000000000e+00 0.000000000000000000e+00 1.077285937500000000e+04 3.077192138671875000e+03 4.602801757812500000e+03 1.313893432617187500e+02 0.000000000000000000e+00
3.540066796875000000e+04 8.611335651949048042e-04 6.890842773437500000e+03 5.780973046875000000e+04 5.318678449839353561e-04 7.165456542968750000e+02 1.953527450561523438e+00 1.353675603866577148e+00 2.039203125000000000e+04 9.341937303543090820e-01 4.428887176513671875e+01
1.996146240234375000e+02 1.684450721740722656e+01 3.399610817432403564e-01 8.144060058593750000e+02 1.651401123046875000e+03 9.086211914062500000e+03 3.479083496093750000e+03 9.128336387220770121e-05 2.323627014160156250e+02 5.915694824218750000e+03 6.953822021484375000e+02
8.111588378906250000e+03 1.686712026596069336e+00 2.861965820193290710e-02 3.510330200195312500e+02 3.475096130371093750e+01 3.310831604003906250e+02 4.417895507812500000e+02 5.586074218750000000e+03 2.263292968750000000e+03 2.047408905029296875e+02 1.724374877929687500e+03
4.215621948242187500e+00 1.712641119956970215e+00 8.298255801200866699e-01 4.529893994331359863e-01 1.868394718940180610e-07 2.099527120590209961e-01 5.532661676406860352e-01 2.548007965087890625e-01 8.047906756401062012e-01 1.432432889938354492e+00 1.853134155273437500e+01
0.000000000000000000e+00 0.000000000000000000e+00 0.000000000000000000e+00 0.000000000000000000e+00 0.000000000000000000e+00 5.729962140321731567e-05 0.000000000000000000e+00 0.000000000000000000e+00 0.000000000000000000e+00 0.000000000000000000e+00 9.690625120128970593e-07
5.463511657714843750e+01 1.058536328125000000e+04 1.164435386657714844e+01 4.845406738281250000e+03 1.640469312667846680e+00 3.778335750102996826e-01 3.912034273147583008e+00 4.317125320434570312e+00 4.399922180175781250e+01 1.399518737792968750e+02 2.624182128906250000e+02
9.940586664924921934e-08 2.948466873168945312e+01 6.234298706054687500e+01 1.185172843933105469e+01 5.794231796264648438e+01 1.672179222106933594e+01 1.514560852050781250e+02 4.727815917968750000e+03 5.096856994628906250e+02 1.985144706395658432e-07 8.119499206542968750e+01
2.257402390241622925e-01 3.115923339843750000e+03 1.537861523437500000e+04 4.315075195312500000e+03 1.105699310302734375e+02 9.584274902343750000e+02 1.607215728759765625e+02 9.270625114440917969e-01 4.256338119506835938e+01 1.587301269531250000e+03 5.755903320312500000e+03
0.000000000000000000e+00 0.000000000000000000e+00 0.000000000000000000e+00 0.000000000000000000e+00 2.300596237182617188e+01 0.000000000000000000e+00 0.000000000000000000e+00 0.000000000000000000e+00 1.655767300690058619e-05 0.000000000000000000e+00 2.512837454560212791e-05
0.000000000000000000e+00 3.401782305445522070e-05 8.013534545898437500e-02 2.184915915131568909e-02 2.357232719659805298e-01 0.000000000000000000e+00 2.156382612884044647e-02 3.802543506026268005e-03 3.115767867711838335e-06 3.814201056957244873e-02 1.063085051100642886e-06
