0.000000000000000000e+00 0.000000000000000000e+00 0.000000000000000000e+00 0.000000000000000000e+00 0.000000000000000000e+00 0.000000000000000000e+00 1.150739006698131561e-02 1.567615312524139881e-03 0.000000000000000000e+00 0.000000000000000000e+00 0.000000000000000000e+00
5.337679758667945862e-03 0.000000000000000000e+00 5.508655216544866562e-03 2.111135749146342278e-03 1.148831751197576523e-02 0.000000000000000000e+00 0.000000000000000000e+00 0.000000000000000000e+00 5.460865795612335205e-03 0.000000000000000000e+00 6.560153327882289886e-03
0.000000000000000000e+00 7.860057987272739410e-03 0.000000000000000000e+00 6.476768292486667633e-03 0.000000000000000000e+00 1.019258238375186920e-02 0.000000000000000000e+00 0.000000000000000000e+00 8.221069350838661194e-03 9.421874769032001495e-03 0.000000000000000000e+00
5.858590826392173767e-03 0.000000000000000000e+00 4.104059189558029175e-03 2.598756458610296249e-03 5.575287155807018280e-03 1.415535109117627144e-03 0.000000000000000000e+00 0.000000000000000000e+00 5.809786263853311539e-03 2.191900508478283882e-03 0.000000000000000000e+00
0.000000000000000000e+00 0.000000000000000000e+00 2.864195557776838541e-04 1.474527671234682202e-04 0.000000000000000000e+00 1.492805895395576954e-04 9.485746704740449786e-05 1.238020740856882185e-05 1.250324385182466358e-05 2.209081139881163836e-04 7.526784902438521385e-04
0.000000000000000000e+00 0.000000000000000000e+00 0.000000000000000000e+00 0.000000000000000000e+00 0.000000000000000000e+00 1.763980835676193237e-03 0.000000000000000000e+00 0.000000000000000000e+00 0.000000000000000000e+00 0.000000000000000000e+00 0.000000000000000000e+00
5.692583043128252029e-03 7.102267816662788391e-03 0.000000000000000000e+00 1.695556216873228550e-03 0.000000000000000000e+00 0.000000000000000000e+00 0.000000000000000000e+00 1.223107334226369858e-02 2.321101725101470947e-03 8.749274420551955700e-04 6.072588264942169189e-03
0.000000000000000000e+00 9.061667136847972870e-03 0.000000000000000000e+00 0.000000000000000000e+00 0.000000000000000000e+00 0.000000000000000000e+00 0.000000000000000000e+00 0.000000000000000000e+00 1.004679687321186066e-02 0.000000000000000000e+00 1.322440104559063911e-03
3.407493000850081444e-03 8.708176203072071075e-03 0.000000000000000000e+00 9.957541478797793388e-04 1.456880941987037659e-03 0.000000000000000000e+00 4.441183991730213165e-03 9.703339892439544201e-04 7.844567298889160156e-03 0.000000000000000000e+00 2.449380233883857727e-03
5.655372515320777893e-04 0.000000000000000000e+00 1.635879464447498322e-02 0.000000000000000000e+00 3.347400948405265808e-02 0.000000000000000000e+00 0.000000000000000000e+00 0.000000000000000000e+00 2.368763834238052368e-02 0.000000000000000000e+00 1.719345152378082275e-02
0.000000000000000000e+00 3.056230980291729793e-06 5.167613835510564968e-06 2.503410087228985503e-06 9.241168299922719598e-06 0.000000000000000000e+00 3.259667664679000154e-06 6.739416676282417029e-06 2.554702405177522451e-06 4.267540134605951607e-06 0.000000000000000000e+00
