0.000000000000000000e+00 0.000000000000000000e+00 6.767987273633480072e-03 0.000000000000000000e+00 0.000000000000000000e+00 0.000000000000000000e+00 2.057043369859457016e-03 5.286084488034248352e-03 8.421481586992740631e-03 0.000000000000000000e+00 0.000000000000000000e+00
2.205725293606519699e-03 0.000000000000000000e+00 5.189069081097841263e-03 1.659404719248414040e-03 0.000000000000000000e+00 7.523873937316238880e-04 1.282178447581827641e-03 0.000000000000000000e+00 0.000000000000000000e+00 0.000000000000000000e+00 2.671060428838245571e-05
0.000000000000000000e+00 6.029764190316200256e-03 0.000000000000000000e+00 0.000000000000000000e+00 1.599685638211667538e-03 7.521554362028837204e-03 0.000000000000000000e+00 0.000000000000000000e+00 9.054763359017670155e-05 4.343526903539896011e-03 0.000000000000000000e+00
7.148088421672582626e-03 0.000000000000000000e+00 0.000000000000000000e+00 2.379664219915866852e-03 7.139820372685790062e-04 9.059785516001284122e-04 0.000000000000000000e+00 4.170019179582595825e-03 5.786830442957580090e-04 1.775921322405338287e-03 0.000000000000000000e+00
1.047748446580953896e-04 2.673127455636858940e-04 1.503632520325481892e-04 1.762684260029345751e-04 0.000000000000000000e+00 1.293516252189874649e-04 1.722992892609909177e-04 1.268473351956345141e-05 1.026910613290965557e-04 2.754688321147114038e-04 5.535419331863522530e-04
0.000000000000000000e+00 3.029779065400362015e-03 6.585698574781417847e-03 1.102509442716836929e-03 0.000000000000000000e+00 1.938861608505249023e-02 0.000000000000000000e+00 8.040682878345251083e-04 0.000000000000000000e+00 3.460533684119582176e-03 2.406349778175354004e-02
7.380601018667221069e-04 4.345840308815240860e-03 0.000000000000000000e+00 6.287977157626301050e-05 4.130127374082803726e-03 1.771378563717007637e-03 1.477874931879341602e-03 3.995860461145639420e-03 4.426710307598114014e-03 2.575824270024895668e-03 1.936490880325436592e-03
0.000000000000000000e+00 6.974144489504396915e-04 0.000000000000000000e+00 0.000000000000000000e+00 2.737086499109864235e-03 2.119157463312149048e-03 0.000000000000000000e+00 3.443364403210580349e-04 0.000000000000000000e+00 0.000000000000000000e+00 0.000000000000000000e+00
0.000000000000000000e+00 5.494282813742756844e-04 5.260083824396133423e-03 0.000000000000000000e+00 0.000000000000000000e+00 2.248684410005807877e-03 2.979798475280404091e-03 0.000000000000000000e+00 2.831410674843937159e-04 1.712293247692286968e-03 1.269204076379537582e-03
3.080150811001658440e-03 6.362722255289554596e-03 8.253349922597408295e-03 0.000000000000000000e+00 2.008817158639431000e-02 0.000000000000000000e+00 0.000000000000000000e+00 0.000000000000000000e+00 4.667252302169799805e-03 0.000000000000000000e+00 3.654140047729015350e-03
0.000000000000000000e+00 0.000000000000000000e+00 7.009362434473587200e-06 3.761967036552960053e-06 1.416325085301650688e-05 0.000000000000000000e+00 1.149711351899895817e-06 4.934813659929204732e-06 0.000000000000000000e+00 4.286241164663806558e-06 0.000000000000000000e+00
