0.000000000000000000e+00 6.166802215576171875e+01 7.116940429687500000e+03 0.000000000000000000e+00 0.000000000000000000e+00 0.000000000000000000e+00 9.158102416992187500e+02 2.192536376953125000e+03 2.065405761718750000e+03 8.772411346435546875e-01 0.000000000000000000e+00
2.789180755615234375e+01 0.000000000000000000e+00 9.833679687500000000e+03 1.248620361328125000e+03 5.834354492187500000e+03 3.700964355468750000e+03 5.675129394531250000e+03 1.972154663085937500e+03 1.381066417694091797e+01 2.268741226196289062e+01 1.134743750000000000e+04
2.609865188598632812e+01 3.887668991088867188e+01 5.187114715576171875e+01 7.244218444824218750e+01 1.036081123352050781e+01 4.627346191406250000e+03 9.900677490234375000e+02 4.531921863555908203e+00 4.526528930664062500e+01 8.317457580566406250e+01 6.784386634826660156e+00
1.348742065429687500e+03 2.961870574951171875e+01 6.778283081054687500e+02 1.280447387695312500e+03 1.513512268066406250e+02 5.830462036132812500e+02 9.441178131103515625e+01 9.581098632812500000e+02 2.245576416015625000e+03 3.588670492172241211e-01 8.155364990234375000e+01
6.655910015106201172e-01 9.192635416984558105e-01 5.512152910232543945e-01 3.572527766227722168e-01 0.000000000000000000e+00 2.057608217000961304e-01 2.051534414291381836e+00 1.047118782997131348e+00 1.166358232498168945e+00 4.197774887084960938e+00 1.173924064636230469e+01
0.000000000000000000e+00 0.000000000000000000e+00 0.000000000000000000e+00 0.000000000000000000e+00 0.000000000000000000e+00 0.000000000000000000e+00 0.000000000000000000e+00 0.000000000000000000e+00 0.000000000000000000e+00 0.000000000000000000e+00 7.369637298583984375e+01
1.073394775390625000e+03 2.420646728515625000e+03 0.000000000000000000e+00 9.903416992187500000e+03 0.000000000000000000e+00 4.620291503906250000e+03 3.721411805599927902e-03 3.007834228515625000e+03 6.996956542968750000e+03 8.288769531250000000e+03 1.193870086669921875e+02
0.000000000000000000e+00 6.585351562500000000e+03 9.731867187500000000e+03 4.064033031463623047e+00 4.946641113281250000e+03 5.088888406753540039e-01 3.390904366970062256e-01 8.213019531250000000e+03 1.748569030761718750e+02 4.729589080810546875e+01 5.213652610778808594e+00
2.910594224929809570e+00 2.327347656250000000e+03 3.187236816406250000e+03 1.942469406127929688e+01 1.183138345368206501e-03 7.035733032226562500e+01 2.142450195312500000e+03 4.475350189208984375e+01 4.872509765625000000e+03 8.232006072998046875e+00 3.330290985107421875e+01
0.000000000000000000e+00 0.000000000000000000e+00 0.000000000000000000e+00 0.000000000000000000e+00 9.474479675292968750e+00 0.000000000000000000e+00 0.000000000000000000e+00 0.000000000000000000e+00 0.000000000000000000e+00 0.000000000000000000e+00 0.000000000000000000e+00
0.000000000000000000e+00 4.262977745383977890e-03 8.829651772975921631e-02 3.647739868029020727e-05 1.486326605081558228e-01 0.000000000000000000e+00 1.739667356014251709e-02 4.202197492122650146e-02 8.641280146548524499e-06 6.714668869972229004e-02 9.684183896752074361e-05
