0.000000000000000000e+00 0.000000000000000000e+00 2.675124211236834526e-03 0.000000000000000000e+00 0.000000000000000000e+00 0.000000000000000000e+00 9.292067959904670715e-03 7.183053996413946152e-03 8.090246468782424927e-03 0.000000000000000000e+00 0.000000000000000000e+00
4.014055710285902023e-03 0.000000000000000000e+00 0.000000000000000000e+00 2.132300287485122681e-03 0.000000000000000000e+00 0.000000000000000000e+00 1.465419481974095106e-04 1.187026384286582470e-03 0.000000000000000000e+00 5.941390059888362885e-03 0.000000000000000000e+00
0.000000000000000000e+00 3.766111098229885101e-03 0.000000000000000000e+00 0.000000000000000000e+00 3.033622051589190960e-04 8.152399212121963501e-03 1.220692764036357403e-03 2.127538900822401047e-03 0.000000000000000000e+00 1.932691899128258228e-03 0.000000000000000000e+00
9.293253533542156219e-03 0.000000000000000000e+00 0.000000000000000000e+00 7.491442956961691380e-04 8.053955622017383575e-03 0.000000000000000000e+00 2.838817192241549492e-03 0.000000000000000000e+00 4.711338784545660019e-03 6.223609205335378647e-03 0.000000000000000000e+00
2.782735391519963741e-04 4.868149990215897560e-04 1.969630538951605558e-04 3.707048890646547079e-04 0.000000000000000000e+00 3.772937925532460213e-04 3.942909243050962687e-04 8.018602238735184073e-05 3.008327912539243698e-04 5.162782035768032074e-04 7.122218958102166653e-04
0.000000000000000000e+00 0.000000000000000000e+00 0.000000000000000000e+00 0.000000000000000000e+00 0.000000000000000000e+00 0.000000000000000000e+00 0.000000000000000000e+00 0.000000000000000000e+00 0.000000000000000000e+00 0.000000000000000000e+00 0.000000000000000000e+00
4.653442185372114182e-03 1.704778755083680153e-03 0.000000000000000000e+00 2.929605077952146530e-03 0.000000000000000000e+00 4.988374654203653336e-03 3.735822159796953201e-03 2.753787557594478130e-04 6.905971560627222061e-03 2.008941955864429474e-03 6.579482462257146835e-03
0.000000000000000000e+00 2.638139063492417336e-03 0.000000000000000000e+00 0.000000000000000000e+00 7.377166301012039185e-03 3.791227936744689941e-03 0.000000000000000000e+00 0.000000000000000000e+00 4.341525491327047348e-03 0.000000000000000000e+00 0.000000000000000000e+00
0.000000000000000000e+00 1.823652652092278004e-03 0.000000000000000000e+00 0.000000000000000000e+00 1.836223062127828598e-03 3.836361225694417953e-03 0.000000000000000000e+00 0.000000000000000000e+00 0.000000000000000000e+00 3.053544322028756142e-03 6.694854819215834141e-04
4.085868131369352341e-03 1.525971340015530586e-03 3.686144249513745308e-03 0.000000000000000000e+00 3.045960143208503723e-02 0.000000000000000000e+00 0.000000000000000000e+00 4.394172690808773041e-03 5.885095335543155670e-03 0.000000000000000000e+00 9.117159992456436157e-03
0.000000000000000000e+00 0.000000000000000000e+00 3.506443363221478648e-06 0.000000000000000000e+00 4.245184754836373031e-06 0.000000000000000000e+00 2.951724127342458814e-07 0.000000000000000000e+00 0.000000000000000000e+00 1.266806179955892731e-06 2.060985337948295637e-07
