0.000000000000000000e+00 0.000000000000000000e+00 0.000000000000000000e+00 0.000000000000000000e+00 0.000000000000000000e+00 0.000000000000000000e+00 2.400996629148721695e-03 0.000000000000000000e+00 0.000000000000000000e+00 0.000000000000000000e+00 0.000000000000000000e+00
1.148971542716026306e-02 0.000000000000000000e+00 6.453915033489465714e-03 0.000000000000000000e+00 4.719381220638751984e-03 0.000000000000000000e+00 0.000000000000000000e+00 5.270390305668115616e-03 3.143842564895749092e-03 0.000000000000000000e+00 0.000000000000000000e+00
0.000000000000000000e+00 1.001535914838314056e-02 0.000000000000000000e+00 5.405568983405828476e-03 3.131054400000721216e-04 0.000000000000000000e+00 1.286551542580127716e-02 0.000000000000000000e+00 0.000000000000000000e+00 7.670282851904630661e-03 0.000000000000000000e+00
1.980691682547330856e-03 1.237081596627831459e-03 0.000000000000000000e+00 0.000000000000000000e+00 7.015321869403123856e-03 0.000000000000000000e+00 0.000000000000000000e+00 6.036349106580018997e-03 7.654406130313873291e-03 0.000000000000000000e+00 0.000000000000000000e+00
5.549437264562584460e-05 8.292157872347161174e-05 1.180617327918298542e-04 1.766406930983066559e-04 0.000000000000000000e+00 1.941099762916564941e-04 7.986548735061660409e-05 7.004419603617861867e-05 1.087600467144511640e-04 2.804224204737693071e-04 4.456598253455013037e-04
0.000000000000000000e+00 0.000000000000000000e+00 0.000000000000000000e+00 0.000000000000000000e+00 0.000000000000000000e+00 0.000000000000000000e+00 0.000000000000000000e+00 0.000000000000000000e+00 0.000000000000000000e+00 0.000000000000000000e+00 0.000000000000000000e+00
8.300290443003177643e-03 0.000000000000000000e+00 0.000000000000000000e+00 1.164523535408079624e-03 0.000000000000000000e+00 8.709158748388290405e-03 2.760766772553324699e-03 4.336877726018428802e-03 1.375361997634172440e-02 6.563722621649503708e-03 7.528935093432664871e-03
0.000000000000000000e+00 1.146102207712829113e-03 0.000000000000000000e+00 2.058154903352260590e-03 4.263133276253938675e-03 0.000000000000000000e+00 7.169800810515880585e-04 0.000000000000000000e+00 1.091839093714952469e-02 0.000000000000000000e+00 0.000000000000000000e+00
0.000000000000000000e+00 0.000000000000000000e+00 0.000000000000000000e+00 0.000000000000000000e+00 2.997122006490826607e-03 0.000000000000000000e+00 5.827144253998994827e-03 0.000000000000000000e+00 0.000000000000000000e+00 0.000000000000000000e+00 1.461580744944512844e-03
0.000000000000000000e+00 0.000000000000000000e+00 6.064880639314651489e-03 0.000000000000000000e+00 4.150784015655517578e-02 0.000000000000000000e+00 0.000000000000000000e+00 0.000000000000000000e+00 1.285756658762693405e-02 0.000000000000000000e+00 1.492308359593153000e-02
0.000000000000000000e+00 6.061757176212267950e-07 3.849838321912102401e-06 1.883082745735009667e-06 4.614754743670346215e-06 0.000000000000000000e+00 2.786223149087163620e-06 3.631965228123590350e-06 1.360746864520478994e-06 2.377061946390313096e-06 0.000000000000000000e+00
