0.000000000000000000e+00 6.877906036376953125e+01 1.254578208923339844e+01 0.000000000000000000e+00 0.000000000000000000e+00 0.000000000000000000e+00 3.018225097656250000e+02 2.554528320312500000e+03 1.551325927734375000e+03 5.439275741577148438e+00 0.000000000000000000e+00
1.282903442382812500e+02 0.000000000000000000e+00 1.112441894531250000e+03 3.915946777343750000e+03 9.856256246566772461e-01 4.165433502197265625e+01 1.510305523872375488e+00 1.451154828071594238e+00 3.625352478027343750e+01 4.234258830547332764e-01 2.027415527343750000e+03
6.293306640625000000e+03 1.862319335937500000e+02 4.303261184692382812e+01 4.223963378906250000e+03 2.819766845703125000e+02 2.376700927734375000e+03 4.440881835937500000e+03 3.558785156250000000e+03 3.283096191406250000e+03 4.380485351562500000e+03 2.934182861328125000e+03
1.179408447265625000e+03 3.721208095550537109e+00 1.566953182220458984e+01 3.158389160156250000e+03 7.258396606445312500e+02 1.645609741210937500e+02 2.527285644531250000e+03 2.451534118652343750e+02 5.233213806152343750e+01 5.694540739059448242e-01 1.603548431396484375e+01
6.164277553558349609e+00 8.276467323303222656e+00 4.604995727539062500e+00 7.604770660400390625e+00 0.000000000000000000e+00 6.354311943054199219e+00 8.019393920898437500e+00 2.189468860626220703e+00 5.065702915191650391e+00 9.571118354797363281e+00 1.517851448059082031e+01
0.000000000000000000e+00 0.000000000000000000e+00 0.000000000000000000e+00 0.000000000000000000e+00 0.000000000000000000e+00 9.734369814395904541e-05 0.000000000000000000e+00 0.000000000000000000e+00 0.000000000000000000e+00 0.000000000000000000e+00 3.471201068805385148e-07
5.270021972656250000e+02 1.820492267608642578e+00 3.499458134174346924e-01 9.138315916061401367e-01 7.215546369552612305e-01 1.177869066596031189e-01 1.632616806030273438e+01 0.000000000000000000e+00 9.840811157226562500e+02 1.585279907226562500e+03 9.869544067382812500e+02
0.000000000000000000e+00 1.708117218017578125e+02 2.508337890625000000e+03 0.000000000000000000e+00 4.986143188476562500e+02 9.617094993591308594e-01 1.403508300781250000e+03 5.912121093750000000e+03 4.353833007812500000e+03 1.879424194335937500e+03 8.242293357849121094e+00
3.597497253417968750e+02 4.748633422851562500e+02 3.672393798828125000e+02 4.202979125976562500e+02 0.000000000000000000e+00 3.841016845703125000e+02 5.068577270507812500e+02 2.561707458496093750e+02 3.386985168457031250e+02 1.848047027587890625e+02 4.448447570800781250e+02
0.000000000000000000e+00 0.000000000000000000e+00 8.565272651139821392e-07 0.000000000000000000e+00 9.006104469299316406e-01 0.000000000000000000e+00 0.000000000000000000e+00 0.000000000000000000e+00 0.000000000000000000e+00 0.000000000000000000e+00 2.083652361761778593e-04
0.000000000000000000e+00 0.000000000000000000e+00 1.125341132283210754e-01 1.619738014824179118e-07 1.901648640632629395e-01 0.000000000000000000e+00 1.134596686824806966e-06 3.216237574815750122e-02 3.213875459096016129e-07 6.250230967998504639e-02 0.000000000000000000e+00
