0.000000000000000000e+00 4.344546875000000000e+04 2.429225390625000000e+04 0.000000000000000000e+00 0.000000000000000000e+00 0.000000000000000000e+00 1.383659362792968750e+02 6.083933203125000000e+04 6.920703125000000000e+01 7.557260131835937500e+01 0.000000000000000000e+00
1.504322187500000000e+05 4.048889650221099146e-07 1.015985625000000000e+05 1.657235156250000000e+04 7.346803906250000000e+04 1.192396972656250000e+04 1.097954531250000000e+05 9.471397656250000000e+04 4.212120312500000000e+04 2.643651271228009136e-07 1.136886444091796875e+02
2.653515234375000000e+04 1.743525390625000000e+04 2.328846484375000000e+04 3.260990234375000000e+04 3.463935156250000000e+04 7.585333984375000000e+03 3.670761718750000000e+04 1.483351806640625000e+03 3.128507995605468750e+02 6.171346875000000000e+04 1.452674121093750000e+04
5.751137207031250000e+03 3.558757901191711426e-01 3.130934326171875000e+03 2.050202026367187500e+02 4.308265625000000000e+03 1.876669158935546875e+02 2.163918457031250000e+03 6.171888671875000000e+03 1.754154882812500000e+04 6.904749870300292969e+00 7.291626334190368652e-01
2.900923967361450195e+00 1.127930927276611328e+01 3.270407199859619141e+00 4.495275497436523438e+00 0.000000000000000000e+00 7.650383949279785156e+00 1.168060302734375000e+01 1.882364302873611450e-01 1.031671643257141113e+00 9.525075912475585938e+00 2.833711051940917969e+01
0.000000000000000000e+00 0.000000000000000000e+00 0.000000000000000000e+00 0.000000000000000000e+00 0.000000000000000000e+00 1.803789436817169189e-01 0.000000000000000000e+00 0.000000000000000000e+00 0.000000000000000000e+00 0.000000000000000000e+00 1.110231096390634775e-05
1.260947460937500000e+04 2.502825317382812500e+02 3.855465332031250000e+03 7.197386169433593750e+01 1.078345680236816406e+01 6.353940010070800781e+00 1.666451263427734375e+01 4.870941489934921265e-02 1.181753173828125000e+03 2.319022656250000000e+04 1.595753320312500000e+04
8.678332719114223437e-09 6.911439062500000000e+04 1.007911875000000000e+05 1.947201953125000000e+04 5.857208203125000000e+04 5.294886328125000000e+04 5.499824218750000000e+04 2.222517089843750000e+02 5.646875000000000000e+04 5.188521875000000000e+04 5.446388671875000000e+04
1.216580471918859985e-07 4.399991210937500000e+03 1.341378784179687500e+02 6.036199707031250000e+03 8.770576477050781250e+01 7.681782714843750000e+03 9.097381591796875000e+01 2.733072280883789062e+00 9.647568511962890625e+01 5.746775436401367188e+01 3.256998632812500000e+04
0.000000000000000000e+00 0.000000000000000000e+00 0.000000000000000000e+00 0.000000000000000000e+00 3.008556747436523438e+01 0.000000000000000000e+00 0.000000000000000000e+00 0.000000000000000000e+00 0.000000000000000000e+00 0.000000000000000000e+00 0.000000000000000000e+00
0.000000000000000000e+00 3.230338217690587044e-03 1.905587613582611084e-01 1.843374222517013550e-03 2.533185780048370361e-01 0.000000000000000000e+00 1.545194089412689209e-01 1.540404558181762695e-01 3.288893494755029678e-04 1.400300413370132446e-01 0.000000000000000000e+00
