0.000000000000000000e+00 0.000000000000000000e+00 0.000000000000000000e+00 0.000000000000000000e+00 0.000000000000000000e+00 0.000000000000000000e+00 1.424406887963414192e-03 7.875521667301654816e-03 1.529030152596533298e-03 0.000000000000000000e+00 0.000000000000000000e+00
1.823799830162897706e-04 0.000000000000000000e+00 0.000000000000000000e+00 2.463136101141571999e-03 0.000000000000000000e+00 5.358079797588288784e-04 0.000000000000000000e+00 0.000000000000000000e+00 0.000000000000000000e+00 0.000000000000000000e+00 0.000000000000000000e+00
0.000000000000000000e+00 2.350084017962217331e-03 2.794973319396376610e-03 0.000000000000000000e+00 0.000000000000000000e+00 1.128209289163351059e-02 4.236876498907804489e-03 0.000000000000000000e+00 2.233860315755009651e-03 3.703413531184196472e-03 5.615824484266340733e-04
3.756444901227951050e-03 0.000000000000000000e+00 0.000000000000000000e+00 1.396715058945119381e-03 0.000000000000000000e+00 0.000000000000000000e+00 0.000000000000000000e+00 3.049053484573960304e-03 1.623983844183385372e-03 5.740612279623746872e-03 0.000000000000000000e+00
8.961678759078495204e-06 7.637782255187630653e-05 2.830895755323581398e-05 1.400274632032960653e-04 0.000000000000000000e+00 5.841972597409039736e-05 7.851432019378989935e-05 1.009086645353818312e-05 9.719276567921042442e-05 9.398366091772913933e-05 4.803893098141998053e-04
0.000000000000000000e+00 0.000000000000000000e+00 6.146391853690147400e-03 3.636185720097273588e-04 0.000000000000000000e+00 1.966599561274051666e-02 2.263215370476245880e-03 0.000000000000000000e+00 1.720654399832710624e-04 4.785177763551473618e-03 2.294558659195899963e-02
3.212111303582787514e-03 0.000000000000000000e+00 2.085627784254029393e-04 0.000000000000000000e+00 0.000000000000000000e+00 2.702224534004926682e-03 4.123066551983356476e-03 1.429902040399610996e-03 1.214805175550282001e-03 8.231631480157375336e-03 6.995341740548610687e-03
0.000000000000000000e+00 0.000000000000000000e+00 0.000000000000000000e+00 0.000000000000000000e+00 0.000000000000000000e+00 0.000000000000000000e+00 0.000000000000000000e+00 0.000000000000000000e+00 1.093645463697612286e-03 0.000000000000000000e+00 0.000000000000000000e+00
0.000000000000000000e+00 1.486301072873175144e-03 0.000000000000000000e+00 2.099515404552221298e-03 0.000000000000000000e+00 0.000000000000000000e+00 0.000000000000000000e+00 4.265055792984639993e-07 2.034112112596631050e-03 0.000000000000000000e+00 1.866017817519605160e-03
4.604820627719163895e-03 1.221871119923889637e-03 6.339935585856437683e-03 0.000000000000000000e+00 2.351398393511772156e-02 0.000000000000000000e+00 2.201686380431056023e-03 0.000000000000000000e+00 5.727135576307773590e-04 0.000000000000000000e+00 7.250314112752676010e-03
0.000000000000000000e+00 0.000000000000000000e+00 9.227480404661037028e-06 0.000000000000000000e+00 1.360214992018882185e-05 0.000000000000000000e+00 7.126899959075672086e-07 1.816780354602087755e-06 0.000000000000000000e+00 6.048384420864749700e-06 0.000000000000000000e+00
