6.580311310244724154e-05 3.917736758012324572e-04 6.343525601550936699e-04 0.000000000000000000e+00 0.000000000000000000e+00 4.464273843041155487e-06 4.346053174231201410e-04 5.346642574295401573e-04 5.106996395625174046e-04 4.498335474636405706e-04 0.000000000000000000e+00
8.416188880801200867e-03 0.000000000000000000e+00 2.823518821969628334e-03 7.601676625199615955e-04 0.000000000000000000e+00 0.000000000000000000e+00 2.602575579658150673e-03 0.000000000000000000e+00 0.000000000000000000e+00 0.000000000000000000e+00 0.000000000000000000e+00
0.000000000000000000e+00 2.614037133753299713e-03 0.000000000000000000e+00 0.000000000000000000e+00 0.000000000000000000e+00 1.713080215267837048e-03 1.480307895690202713e-03 0.000000000000000000e+00 1.062316820025444031e-03 8.038473315536975861e-03 0.000000000000000000e+00
8.078130893409252167e-03 0.000000000000000000e+00 0.000000000000000000e+00 0.000000000000000000e+00 9.447396732866764069e-04 2.445187652483582497e-03 5.752698983997106552e-03 5.879890173673629761e-03 3.609061241149902344e-03 0.000000000000000000e+00 0.000000000000000000e+00
1.837787385738920420e-05 7.990132871782407165e-05 3.013872628798708320e-05 4.214902219246141613e-05 0.000000000000000000e+00 3.098683737334795296e-05 2.043833592324517667e-05 0.000000000000000000e+00 3.310654938104562461e-05 5.215858982410281897e-05 1.368205848848447204e-04
0.000000000000000000e+00 0.000000000000000000e+00 0.000000000000000000e+00 0.000000000000000000e+00 0.000000000000000000e+00 0.000000000000000000e+00 0.000000000000000000e+00 0.000000000000000000e+00 0.000000000000000000e+00 0.000000000000000000e+00 9.408581536263227463e-04
1.032305997796356678e-03 8.029254153370857239e-03 1.699224230833351612e-04 6.668020039796829224e-03 0.000000000000000000e+00 1.132022443925961852e-04 4.508619196712970734e-03 0.000000000000000000e+00 2.185630146414041519e-03 8.117171935737133026e-03 3.250109730288386345e-03
0.000000000000000000e+00 3.206726687494665384e-04 1.006253223749808967e-04 0.000000000000000000e+00 0.000000000000000000e+00 0.000000000000000000e+00 0.000000000000000000e+00 0.000000000000000000e+00 0.000000000000000000e+00 0.000000000000000000e+00 0.000000000000000000e+00
0.000000000000000000e+00 0.000000000000000000e+00 0.000000000000000000e+00 0.000000000000000000e+00 0.000000000000000000e+00 4.654941614717245102e-03 1.668212004005908966e-03 0.000000000000000000e+00 0.000000000000000000e+00 6.930579547770321369e-05 3.285972168669104576e-03
4.771057516336441040e-03 4.235842265188694000e-03 6.231378763914108276e-03 0.000000000000000000e+00 2.645390480756759644e-02 0.000000000000000000e+00 0.000000000000000000e+00 0.000000000000000000e+00 7.247931789606809616e-03 0.000000000000000000e+00 9.965167380869388580e-03
0.000000000000000000e+00 0.000000000000000000e+00 1.608150455467693973e-06 7.720418437884291052e-08 2.766462785075418651e-06 0.000000000000000000e+00 8.032870937313418835e-07 1.879445676422619727e-06 0.000000000000000000e+00 9.334099217994662467e-07 0.000000000000000000e+00
