0.000000000000000000e+00 0.000000000000000000e+00 0.000000000000000000e+00 0.000000000000000000e+00 0.000000000000000000e+00 0.000000000000000000e+00 3.466963302344083786e-03 6.380629260092973709e-03 0.000000000000000000e+00 0.000000000000000000e+00 0.000000000000000000e+00
1.321615418419241905e-04 0.000000000000000000e+00 8.995923562906682491e-04 4.787963349372148514e-03 0.000000000000000000e+00 0.000000000000000000e+00 3.983141388744115829e-03 0.000000000000000000e+00 2.506554126739501953e-03 1.992090838029980659e-03 2.463616896420717239e-03
0.000000000000000000e+00 4.342195577919483185e-03 2.607054309919476509e-03 0.000000000000000000e+00 0.000000000000000000e+00 8.562854491174221039e-03 0.000000000000000000e+00 0.000000000000000000e+00 4.798384383320808411e-03 4.468157887458801270e-03 3.387198084965348244e-03
1.631977385841310024e-03 0.000000000000000000e+00 0.000000000000000000e+00 1.329548773355782032e-03 1.346356235444545746e-03 3.804222680628299713e-03 0.000000000000000000e+00 2.876841230317950249e-03 7.913755835033953190e-04 0.000000000000000000e+00 0.000000000000000000e+00
0.000000000000000000e+00 0.000000000000000000e+00 4.826574149774387479e-05 1.095577244996093214e-04 3.388131789017201356e-21 9.759206477610860020e-06 3.240351361455395818e-05 0.000000000000000000e+00 0.000000000000000000e+00 1.650517515372484922e-04 4.157198709435760975e-04
0.000000000000000000e+00 0.000000000000000000e+00 0.000000000000000000e+00 0.000000000000000000e+00 0.000000000000000000e+00 0.000000000000000000e+00 0.000000000000000000e+00 0.000000000000000000e+00 0.000000000000000000e+00 0.000000000000000000e+00 0.000000000000000000e+00
1.601036987267434597e-03 4.883897490799427032e-03 0.000000000000000000e+00 1.936631510034203529e-03 0.000000000000000000e+00 1.822918304242193699e-03 5.476423073559999466e-03 4.665385000407695770e-03 9.215122088789939880e-03 5.539476871490478516e-03 1.202785409986972809e-03
0.000000000000000000e+00 2.209303434938192368e-03 0.000000000000000000e+00 0.000000000000000000e+00 0.000000000000000000e+00 0.000000000000000000e+00 0.000000000000000000e+00 3.580321790650486946e-03 4.819141235202550888e-03 0.000000000000000000e+00 4.602202214300632477e-03
0.000000000000000000e+00 1.047300640493631363e-03 0.000000000000000000e+00 0.000000000000000000e+00 1.320431823842227459e-03 4.397860262542963028e-03 2.607598202303051949e-03 1.453973236493766308e-03 1.697920495644211769e-03 0.000000000000000000e+00 3.300872864201664925e-03
4.405819636303931475e-04 0.000000000000000000e+00 5.008589476346969604e-03 0.000000000000000000e+00 2.585002034902572632e-02 2.035091165453195572e-03 0.000000000000000000e+00 0.000000000000000000e+00 4.802200943231582642e-03 0.000000000000000000e+00 7.991039194166660309e-03
0.000000000000000000e+00 0.000000000000000000e+00 3.698753516800934449e-06 0.000000000000000000e+00 7.398705747618805617e-06 0.000000000000000000e+00 1.797994400476454757e-06 0.000000000000000000e+00 0.000000000000000000e+00 3.097802050433529075e-07 0.000000000000000000e+00
