0.000000000000000000e+00 0.000000000000000000e+00 1.270552165806293488e-03 0.000000000000000000e+00 0.000000000000000000e+00 0.000000000000000000e+00 4.324677574913948774e-04 0.000000000000000000e+00 1.071545528247952461e-03 0.000000000000000000e+00 0.000000000000000000e+00
1.488854270428419113e-02 0.000000000000000000e+00 0.000000000000000000e+00 8.445499115623533726e-04 0.000000000000000000e+00 0.000000000000000000e+00 7.054320070892572403e-03 0.000000000000000000e+00 0.000000000000000000e+00 0.000000000000000000e+00 3.842760052066296339e-04
0.000000000000000000e+00 4.661648068577051163e-03 5.829772446304559708e-03 5.314946640282869339e-03 5.763905588537454605e-03 2.276393584907054901e-03 6.854841485619544983e-03 0.000000000000000000e+00 9.215654805302619934e-03 0.000000000000000000e+00 2.764290838968008757e-04
1.151085086166858673e-02 0.000000000000000000e+00 2.782978815957903862e-03 2.916278084740042686e-03 1.128046493977308273e-02 0.000000000000000000e+00 0.000000000000000000e+00 3.228980582207441330e-03 1.877993694506585598e-03 0.000000000000000000e+00 0.000000000000000000e+00
1.281824515899643302e-04 1.607490121386945248e-04 3.743514243979007006e-04 3.790590853895992041e-04 0.000000000000000000e+00 3.248348366469144821e-04 1.936278422363102436e-04 2.474913198966532946e-04 1.944089599419385195e-04 2.995372051373124123e-04 1.031606690958142281e-03
0.000000000000000000e+00 0.000000000000000000e+00 0.000000000000000000e+00 0.000000000000000000e+00 0.000000000000000000e+00 2.407584339380264282e-03 0.000000000000000000e+00 0.000000000000000000e+00 0.000000000000000000e+00 0.000000000000000000e+00 0.000000000000000000e+00
1.213597878813743591e-02 9.574297815561294556e-03 0.000000000000000000e+00 0.000000000000000000e+00 0.000000000000000000e+00 4.938223864883184433e-03 3.814445808529853821e-03 9.792285971343517303e-03 0.000000000000000000e+00 2.180628012865781784e-03 6.770321633666753769e-03
0.000000000000000000e+00 1.067783776670694351e-02 0.000000000000000000e+00 0.000000000000000000e+00 2.845096401870250702e-03 0.000000000000000000e+00 0.000000000000000000e+00 3.486082714516669512e-04 1.266852254047989845e-03 0.000000000000000000e+00 0.000000000000000000e+00
9.197126142680644989e-03 2.478679874911904335e-03 0.000000000000000000e+00 0.000000000000000000e+00 0.000000000000000000e+00 0.000000000000000000e+00 8.683189749717712402e-03 0.000000000000000000e+00 0.000000000000000000e+00 3.191631985828280449e-03 1.092117372900247574e-02
3.972303122282028198e-03 0.000000000000000000e+00 9.807499125599861145e-03 0.000000000000000000e+00 4.191213846206665039e-02 0.000000000000000000e+00 7.232551928609609604e-03 0.000000000000000000e+00 1.105558034032583237e-02 0.000000000000000000e+00 1.826134510338306427e-02
0.000000000000000000e+00 7.757483217574190348e-06 2.647057226567994803e-05 2.712825789785711095e-06 3.680109875858761370e-05 0.000000000000000000e+00 4.330923729867208749e-06 1.498591700510587543e-05 0.000000000000000000e+00 1.863582292571663857e-05 0.000000000000000000e+00
