0.000000000000000000e+00 7.999854162335395813e-03 0.000000000000000000e+00 0.000000000000000000e+00 0.000000000000000000e+00 0.000000000000000000e+00 8.558779954910278320e-03 1.411119592376053333e-03 0.000000000000000000e+00 0.000000000000000000e+00 0.000000000000000000e+00
6.377926561981439590e-03 0.000000000000000000e+00 5.719497334212064743e-03 0.000000000000000000e+00 0.000000000000000000e+00 0.000000000000000000e+00 5.850241053849458694e-03 0.000000000000000000e+00 4.356643185019493103e-03 0.000000000000000000e+00 0.000000000000000000e+00
0.000000000000000000e+00 1.667177490890026093e-02 1.894662971608340740e-03 6.607905961573123932e-03 0.000000000000000000e+00 3.735236357897520065e-03 3.905586898326873779e-03 0.000000000000000000e+00 1.083813980221748352e-02 2.187045989558100700e-03 2.694332972168922424e-03
2.722240518778562546e-03 0.000000000000000000e+00 0.000000000000000000e+00 6.096789613366127014e-03 5.232203751802444458e-03 5.522067658603191376e-03 0.000000000000000000e+00 1.383881364017724991e-02 1.307790400460362434e-03 0.000000000000000000e+00 0.000000000000000000e+00
0.000000000000000000e+00 2.371691953158006072e-04 1.837874588090926409e-04 4.391647526063024998e-04 0.000000000000000000e+00 2.456375514157116413e-04 2.783291856758296490e-04 1.273739617317914963e-04 1.397380401613190770e-04 3.239636716898530722e-04 4.993547336198389530e-04
0.000000000000000000e+00 0.000000000000000000e+00 0.000000000000000000e+00 0.000000000000000000e+00 0.000000000000000000e+00 7.051266729831695557e-04 0.000000000000000000e+00 0.000000000000000000e+00 0.000000000000000000e+00 0.000000000000000000e+00 0.000000000000000000e+00
1.341401226818561554e-02 8.112397976219654083e-03 8.222401957027614117e-04 2.377826021984219551e-03 0.000000000000000000e+00 1.703138649463653564e-02 4.344399087131023407e-03 3.276424948126077652e-03 1.443769969046115875e-02 1.818943396210670471e-02 1.711661368608474731e-02
0.000000000000000000e+00 1.007639989256858826e-02 0.000000000000000000e+00 0.000000000000000000e+00 7.514212746173143387e-03 0.000000000000000000e+00 0.000000000000000000e+00 0.000000000000000000e+00 4.030380398035049438e-03 0.000000000000000000e+00 2.005760325118899345e-03
0.000000000000000000e+00 0.000000000000000000e+00 0.000000000000000000e+00 0.000000000000000000e+00 3.496289020404219627e-03 0.000000000000000000e+00 7.346800528466701508e-03 7.451948244124650955e-03 0.000000000000000000e+00 0.000000000000000000e+00 5.057284608483314514e-03
8.314041420817375183e-03 7.764165289700031281e-03 1.990883611142635345e-02 0.000000000000000000e+00 5.127253383398056030e-02 7.481726817786693573e-03 0.000000000000000000e+00 0.000000000000000000e+00 9.555009193718433380e-03 0.000000000000000000e+00 0.000000000000000000e+00
0.000000000000000000e+00 1.336754422709418577e-07 5.841385245730634779e-06 2.386023197686881758e-06 8.986809007183182985e-06 0.000000000000000000e+00 3.370218792042578571e-06 4.901397915091365576e-06 7.119888891793380026e-07 2.359027575948857702e-06 0.000000000000000000e+00
