0.000000000000000000e+00 0.000000000000000000e+00 0.000000000000000000e+00 0.000000000000000000e+00 0.000000000000000000e+00 0.000000000000000000e+00 1.075982581824064255e-03 0.000000000000000000e+00 5.305859958752989769e-04 0.000000000000000000e+00 0.000000000000000000e+00
1.139880437403917313e-02 0.000000000000000000e+00 3.309991676360368729e-03 0.000000000000000000e+00 1.798088429495692253e-03 0.000000000000000000e+00 0.000000000000000000e+00 4.055313766002655029e-03 0.000000000000000000e+00 0.000000000000000000e+00 1.697546918876469135e-03
0.000000000000000000e+00 0.000000000000000000e+00 0.000000000000000000e+00 1.182071212679147720e-02 0.000000000000000000e+00 0.000000000000000000e+00 5.777141079306602478e-03 0.000000000000000000e+00 0.000000000000000000e+00 1.157413050532341003e-02 0.000000000000000000e+00
0.000000000000000000e+00 0.000000000000000000e+00 0.000000000000000000e+00 0.000000000000000000e+00 0.000000000000000000e+00 0.000000000000000000e+00 8.873146958649158478e-03 5.945298820734024048e-03 4.813801497220993042e-03 0.000000000000000000e+00 0.000000000000000000e+00
0.000000000000000000e+00 2.466477162670344114e-04 2.584384637884795666e-04 1.559335360070690513e-04 0.000000000000000000e+00 2.033742057392373681e-04 9.835668606683611870e-05 1.722690649330615997e-04 7.956031186040490866e-05 3.708013973664492369e-04 6.206706166267395020e-04
0.000000000000000000e+00 0.000000000000000000e+00 0.000000000000000000e+00 0.000000000000000000e+00 0.000000000000000000e+00 0.000000000000000000e+00 0.000000000000000000e+00 0.000000000000000000e+00 0.000000000000000000e+00 0.000000000000000000e+00 0.000000000000000000e+00
6.619628053158521652e-03 3.662044182419776917e-03 0.000000000000000000e+00 1.674570143222808838e-03 0.000000000000000000e+00 4.681284539401531219e-03 0.000000000000000000e+00 0.000000000000000000e+00 1.354692410677671432e-02 5.813919473439455032e-03 1.370712561765685678e-04
0.000000000000000000e+00 2.043743385002017021e-03 2.957187592983245850e-03 7.450353354215621948e-03 2.878720406442880630e-03 0.000000000000000000e+00 3.450550502748228610e-05 0.000000000000000000e+00 6.872762925922870636e-03 0.000000000000000000e+00 0.000000000000000000e+00
8.189709042198956013e-04 3.463411936536431313e-03 3.669593948870897293e-03 0.000000000000000000e+00 0.000000000000000000e+00 0.000000000000000000e+00 5.850673653185367584e-03 0.000000000000000000e+00 0.000000000000000000e+00 6.675167242065072060e-04 2.220670226961374283e-03
2.096686279401183128e-03 2.313076285645365715e-03 7.391721010208129883e-03 0.000000000000000000e+00 2.843667753040790558e-02 0.000000000000000000e+00 0.000000000000000000e+00 0.000000000000000000e+00 6.641693413257598877e-03 0.000000000000000000e+00 1.171500887721776962e-02
0.000000000000000000e+00 7.579743055430299137e-07 2.197007233917247504e-06 1.078497120943211485e-06 4.867765255767153576e-06 0.000000000000000000e+00 1.994153990381164476e-06 7.149309112719492987e-06 0.000000000000000000e+00 1.936048192874295637e-06 0.000000000000000000e+00
