3.300977368780877441e-06 1.845266524469479918e-05 2.331594077986665070e-05 4.125147938793816138e-07 0.000000000000000000e+00 0.000000000000000000e+00 2.187441350542940199e-05 2.148915336874779314e-05 1.736796912155114114e-05 1.736468948365654796e-05 0.000000000000000000e+00
3.309448957443237305e-01 0.000000000000000000e+00 5.458623054437339306e-04 7.235279679298400879e-01 1.427691429853439331e-03 1.096025854349136353e-01 7.726943492889404297e-02 6.998201832175254822e-03 3.331421315670013428e-01 2.920460428867954761e-05 0.000000000000000000e+00
3.743352890014648438e-01 3.379545211791992188e-01 4.308790266513824463e-01 9.586030989885330200e-02 7.331069209612905979e-04 2.601035833358764648e-01 2.576119499281048775e-03 2.831883102771826088e-05 5.992163345217704773e-02 5.396069288253784180e-01 3.144881129264831543e-01
6.081134825944900513e-02 0.000000000000000000e+00 3.179267281666398048e-03 0.000000000000000000e+00 1.645228862762451172e-01 2.072767317295074463e-01 0.000000000000000000e+00 1.454700529575347900e-01 0.000000000000000000e+00 0.000000000000000000e+00 2.904248423874378204e-03
1.798072480596601963e-04 1.831213594414293766e-04 2.358062483835965395e-04 2.357544290134683251e-04 0.000000000000000000e+00 2.266380906803533435e-04 1.845221268013119698e-04 1.318629656452685595e-04 2.236690779682248831e-04 3.231800510548055172e-04 6.679982761852443218e-04
0.000000000000000000e+00 0.000000000000000000e+00 1.788470312021672726e-03 0.000000000000000000e+00 0.000000000000000000e+00 6.898958235979080200e-02 6.795318331569433212e-04 0.000000000000000000e+00 0.000000000000000000e+00 3.344889963045716286e-03 2.909381985664367676e-01
4.632043419405817986e-04 1.825043261051177979e-01 0.000000000000000000e+00 1.914936350658535957e-03 0.000000000000000000e+00 1.745651243254542351e-03 6.950163841247558594e-02 1.335033681243658066e-02 7.500972151756286621e-01 3.378390669822692871e-01 5.905569195747375488e-01
0.000000000000000000e+00 1.530089676380157471e-01 2.673332812264561653e-03 1.961601153016090393e-02 0.000000000000000000e+00 0.000000000000000000e+00 2.549607455730438232e-01 1.369126737117767334e-01 1.916769742965698242e-01 2.658412046730518341e-02 0.000000000000000000e+00
2.640753388404846191e-01 3.088441444560885429e-03 6.107774749398231506e-02 1.244374550879001617e-03 0.000000000000000000e+00 4.981154799461364746e-01 1.709845513105392456e-01 0.000000000000000000e+00 0.000000000000000000e+00 7.194334757514297962e-04 1.484648436307907104e-01
7.481282227672636509e-04 0.000000000000000000e+00 3.242580918595194817e-03 0.000000000000000000e+00 3.981165289878845215e-01 0.000000000000000000e+00 0.000000000000000000e+00 2.207471756264567375e-03 5.757882259786128998e-03 0.000000000000000000e+00 4.442449659109115601e-03
0.000000000000000000e+00 1.807171315704181325e-06 5.178643732506316155e-06 5.420301363301405217e-07 1.637697641854174435e-05 0.000000000000000000e+00 0.000000000000000000e+00 1.079183857655152678e-05 4.999545240025327075e-07 2.729159405134851113e-06 0.000000000000000000e+00
