0.000000000000000000e+00 7.349205407081171870e-05 0.000000000000000000e+00 0.000000000000000000e+00 0.000000000000000000e+00 0.000000000000000000e+00 1.416864106431603432e-03 5.921682808548212051e-03 2.053892705589532852e-03 0.000000000000000000e+00 0.000000000000000000e+00
4.055561963468790054e-03 0.000000000000000000e+00 3.442658053245395422e-04 1.401858986355364323e-03 0.000000000000000000e+00 2.915630582720041275e-03 0.000000000000000000e+00 0.000000000000000000e+00 2.214109554188326001e-04 2.742364071309566498e-03 0.000000000000000000e+00
0.000000000000000000e+00 0.000000000000000000e+00 0.000000000000000000e+00 8.934419020079076290e-04 0.000000000000000000e+00 6.520401686429977417e-03 1.838791300542652607e-03 0.000000000000000000e+00 0.000000000000000000e+00 1.563780941069126129e-03 0.000000000000000000e+00
7.916207425296306610e-03 0.000000000000000000e+00 0.000000000000000000e+00 3.751480253413319588e-03 0.000000000000000000e+00 3.658189438283443451e-03 3.260481404140591621e-03 1.793446135707199574e-04 1.189924217760562897e-02 3.892307169735431671e-03 0.000000000000000000e+00
0.000000000000000000e+00 6.823969306424260139e-05 1.103466493077576160e-04 1.398707390762865543e-04 0.000000000000000000e+00 1.004627338261343539e-04 1.932020677486434579e-04 4.308352799853309989e-05 8.839715519570745528e-06 1.940215879585593939e-04 1.977751235244795680e-04
0.000000000000000000e+00 0.000000000000000000e+00 0.000000000000000000e+00 0.000000000000000000e+00 0.000000000000000000e+00 0.000000000000000000e+00 0.000000000000000000e+00 0.000000000000000000e+00 0.000000000000000000e+00 0.000000000000000000e+00 3.831728128716349602e-03
1.389712211675941944e-03 0.000000000000000000e+00 0.000000000000000000e+00 0.000000000000000000e+00 0.000000000000000000e+00 2.651768038049340248e-03 0.000000000000000000e+00 6.076256744563579559e-03 6.321938708424568176e-04 4.666029941290616989e-03 8.533266372978687286e-03
0.000000000000000000e+00 0.000000000000000000e+00 0.000000000000000000e+00 0.000000000000000000e+00 3.892859676852822304e-03 0.000000000000000000e+00 0.000000000000000000e+00 0.000000000000000000e+00 6.730162538588047028e-03 0.000000000000000000e+00 2.164697507396340370e-04
0.000000000000000000e+00 4.517240915447473526e-03 7.156801293604075909e-04 2.235124818980693817e-03 0.000000000000000000e+00 0.000000000000000000e+00 0.000000000000000000e+00 0.000000000000000000e+00 4.758119583129882812e-03 0.000000000000000000e+00 4.227632191032171249e-03
4.823442548513412476e-03 0.000000000000000000e+00 5.091935396194458008e-03 1.617673668079078197e-03 2.257727272808551788e-02 0.000000000000000000e+00 8.121890947222709656e-03 0.000000000000000000e+00 0.000000000000000000e+00 1.305516227148473263e-03 7.938795723021030426e-03
0.000000000000000000e+00 4.399746273975324584e-07 1.894252250167482998e-06 1.008900540000468027e-06 3.132724032184341922e-06 0.000000000000000000e+00 1.240827600668126252e-06 0.000000000000000000e+00 0.000000000000000000e+00 1.666187586124578957e-06 0.000000000000000000e+00
