0.000000000000000000e+00 2.259059524536132812e+01 1.158273339843750000e+04 0.000000000000000000e+00 0.000000000000000000e+00 0.000000000000000000e+00 8.027730468750000000e+03 3.856433593750000000e+04 4.997987304687500000e+03 8.013470458984375000e+01 0.000000000000000000e+00
3.508687591552734375e+01 1.112437341362237930e-03 2.369575805664062500e+02 1.261955810546875000e+03 5.248965820312500000e+03 7.441907525062561035e-01 1.521305656433105469e+01 7.249075174331665039e-01 1.229283571243286133e+00 9.014469385147094727e-01 1.859041796875000000e+04
5.598023223876953125e+01 7.459127807617187500e+02 1.711907088756561279e-01 3.429841613769531250e+01 1.054927343750000000e+04 3.109543457031250000e+02 2.952982031250000000e+04 1.110409758985042572e-02 3.359554687500000000e+03 2.562622656250000000e+04 1.498722778320312500e+03
5.236483886718750000e+03 1.658730957031250000e+03 6.409035921096801758e-01 2.140223693847656250e+02 1.532613067626953125e+02 2.466534118652343750e+02 1.634630126953125000e+03 2.600824218750000000e+03 1.187708129882812500e+03 3.376455566406250000e+03 4.171528808593750000e+03
5.123387575149536133e-01 2.764334917068481445e+00 2.000368118286132812e+00 1.552202224731445312e+00 2.750374221704987576e-07 1.569662213325500488e+00 1.518679261207580566e+00 2.529645919799804688e+00 2.106016397476196289e+00 3.403472423553466797e+00 1.916769599914550781e+01
0.000000000000000000e+00 0.000000000000000000e+00 0.000000000000000000e+00 0.000000000000000000e+00 0.000000000000000000e+00 0.000000000000000000e+00 0.000000000000000000e+00 0.000000000000000000e+00 0.000000000000000000e+00 0.000000000000000000e+00 0.000000000000000000e+00
3.998344238281250000e+03 1.070426025390625000e+02 1.767276437021791935e-03 1.806098828125000000e+04 1.306864619255065918e-01 4.132345703125000000e+03 2.170063704252243042e-01 1.123335202635189489e-08 3.317693359375000000e+03 1.585760449218750000e+04 9.321841796875000000e+03
1.493360969107015990e-06 7.363385009765625000e+01 1.437242187500000000e+03 4.251687622070312500e+01 1.993296093750000000e+04 3.628461181640625000e+03 1.737079620361328125e+01 6.724592773437500000e+03 1.779352783203125000e+03 5.723904418945312500e+01 1.197347068786621094e+01
3.365102020325139165e-05 2.879309387207031250e+02 8.503214843750000000e+03 9.363944244384765625e+01 1.450969219207763672e+01 4.904164062500000000e+03 6.854972534179687500e+02 1.298461198806762695e+00 8.402336120605468750e+01 4.152735900878906250e+01 4.207925781250000000e+03
0.000000000000000000e+00 0.000000000000000000e+00 0.000000000000000000e+00 0.000000000000000000e+00 2.526511383056640625e+01 0.000000000000000000e+00 0.000000000000000000e+00 0.000000000000000000e+00 0.000000000000000000e+00 0.000000000000000000e+00 0.000000000000000000e+00
0.000000000000000000e+00 8.293879716347873909e-08 6.688319146633148193e-02 2.200061004486997263e-07 2.322349697351455688e-01 0.000000000000000000e+00 1.742955669760704041e-02 3.425985574722290039e-02 3.720556618645787239e-03 8.723677694797515869e-02 0.000000000000000000e+00
