0.000000000000000000e+00 4.392729606479406357e-03 7.195156067609786987e-03 0.000000000000000000e+00 0.000000000000000000e+00 0.000000000000000000e+00 6.288724951446056366e-03 6.205251440405845642e-03 1.184868742711842060e-03 1.130045158788561821e-03 0.000000000000000000e+00
1.391516346484422684e-02 0.000000000000000000e+00 7.812851108610630035e-03 1.352877076715230942e-02 0.000000000000000000e+00 0.000000000000000000e+00 0.000000000000000000e+00 0.000000000000000000e+00 9.150552214123308659e-04 0.000000000000000000e+00 0.000000000000000000e+00
7.580140139907598495e-03 1.559495180845260620e-02 0.000000000000000000e+00 0.000000000000000000e+00 0.000000000000000000e+00 1.320470683276653290e-02 6.419447250664234161e-03 0.000000000000000000e+00 1.196554582566022873e-02 8.706159889698028564e-03 1.456377096474170685e-03
1.303410250693559647e-02 0.000000000000000000e+00 0.000000000000000000e+00 3.653472987934947014e-03 0.000000000000000000e+00 7.519038859754800797e-03 6.461126264184713364e-03 9.908260777592658997e-03 0.000000000000000000e+00 2.452439162880182266e-03 0.000000000000000000e+00
3.533355538820615038e-06 2.378423960180953145e-04 1.553567562950775027e-04 1.929016289068385959e-04 0.000000000000000000e+00 3.559371543815359473e-05 1.530439622001722455e-04 0.000000000000000000e+00 1.088575736503116786e-04 3.010453074239194393e-04 6.389966583810746670e-04
0.000000000000000000e+00 0.000000000000000000e+00 0.000000000000000000e+00 0.000000000000000000e+00 0.000000000000000000e+00 0.000000000000000000e+00 0.000000000000000000e+00 0.000000000000000000e+00 0.000000000000000000e+00 0.000000000000000000e+00 0.000000000000000000e+00
2.343598054721951485e-03 1.878037815913558006e-03 0.000000000000000000e+00 1.496067387051880360e-03 0.000000000000000000e+00 0.000000000000000000e+00 1.353126950562000275e-02 8.302154950797557831e-03 4.821185953915119171e-03 3.624778939411044121e-03 4.007303155958652496e-03
0.000000000000000000e+00 9.182497742585837841e-04 0.000000000000000000e+00 0.000000000000000000e+00 0.000000000000000000e+00 0.000000000000000000e+00 0.000000000000000000e+00 5.509818438440561295e-03 8.566410280764102936e-03 0.000000000000000000e+00 2.517803106456995010e-03
0.000000000000000000e+00 2.694613300263881683e-03 0.000000000000000000e+00 0.000000000000000000e+00 0.000000000000000000e+00 0.000000000000000000e+00 0.000000000000000000e+00 4.835124127566814423e-03 0.000000000000000000e+00 1.484626671299338341e-03 4.334722179919481277e-03
2.877708291634917259e-03 7.873077876865863800e-03 7.770336698740720749e-03 0.000000000000000000e+00 4.347117245197296143e-02 2.029238035902380943e-03 0.000000000000000000e+00 1.179387443698942661e-03 8.706752210855484009e-03 0.000000000000000000e+00 1.209130603820085526e-02
0.000000000000000000e+00 0.000000000000000000e+00 9.896599294734187424e-06 1.735822706905310042e-06 1.423730645910836756e-05 0.000000000000000000e+00 1.913311962198349647e-06 0.000000000000000000e+00 1.486055793975538108e-06 3.984742306784028187e-06 0.000000000000000000e+00
