0.000000000000000000e+00 0.000000000000000000e+00 3.499549813568592072e-03 0.000000000000000000e+00 0.000000000000000000e+00 0.000000000000000000e+00 0.000000000000000000e+00 7.869245600886642933e-04 1.091285375878214836e-03 0.000000000000000000e+00 0.000000000000000000e+00
3.687299787998199463e-03 0.000000000000000000e+00 3.501008031889796257e-03 0.000000000000000000e+00 0.000000000000000000e+00 0.000000000000000000e+00 2.454352099448442459e-03 0.000000000000000000e+00 0.000000000000000000e+00 0.000000000000000000e+00 0.000000000000000000e+00
3.467710848781280220e-05 3.485553897917270660e-03 9.783392306417226791e-04 2.801220165565609932e-03 1.416968530975282192e-03 5.726240924559533596e-04 0.000000000000000000e+00 0.000000000000000000e+00 0.000000000000000000e+00 1.046072691679000854e-03 5.568634151131846011e-05
5.646434612572193146e-03 0.000000000000000000e+00 1.612336258403956890e-03 0.000000000000000000e+00 1.795275602489709854e-03 0.000000000000000000e+00 0.000000000000000000e+00 5.564923863857984543e-03 2.201163151767104864e-04 0.000000000000000000e+00 0.000000000000000000e+00
1.628218342375475913e-05 8.187383355107158422e-05 2.130624307028483599e-05 5.374812462832778692e-05 0.000000000000000000e+00 5.122796937939710915e-05 4.139118027524091303e-05 3.142129571642726660e-05 4.939196878694929183e-05 1.091194935725070536e-04 1.937587658176198602e-04
0.000000000000000000e+00 1.819876022636890411e-03 3.907593432813882828e-03 2.101824851706624031e-03 0.000000000000000000e+00 9.920092299580574036e-03 1.135528204031288624e-03 2.190872328355908394e-03 0.000000000000000000e+00 1.108569675125181675e-03 1.840461976826190948e-02
4.215686582028865814e-03 1.151332166045904160e-03 0.000000000000000000e+00 0.000000000000000000e+00 2.858093066606670618e-04 1.465029781684279442e-03 0.000000000000000000e+00 3.419649729039520025e-04 1.269316184334456921e-03 2.107643056660890579e-03 0.000000000000000000e+00
0.000000000000000000e+00 3.593650413677096367e-03 0.000000000000000000e+00 0.000000000000000000e+00 4.219158436171710491e-04 0.000000000000000000e+00 1.720644941087812185e-04 0.000000000000000000e+00 8.563036681152880192e-04 0.000000000000000000e+00 0.000000000000000000e+00
0.000000000000000000e+00 1.114017097279429436e-03 1.633820822462439537e-03 7.765946211293339729e-04 0.000000000000000000e+00 0.000000000000000000e+00 6.756140850484371185e-03 3.620506322477012873e-04 0.000000000000000000e+00 3.922444302588701248e-04 0.000000000000000000e+00
1.707316143438220024e-03 0.000000000000000000e+00 4.843694623559713364e-03 0.000000000000000000e+00 1.129216141998767853e-02 0.000000000000000000e+00 4.598662257194519043e-03 0.000000000000000000e+00 1.614906708709895611e-03 1.500158337876200676e-03 2.289348980411887169e-03
0.000000000000000000e+00 0.000000000000000000e+00 1.375352780996763613e-06 5.836837999595445581e-07 2.090637735818745568e-06 0.000000000000000000e+00 6.699904702145431656e-07 1.505899376752495300e-06 0.000000000000000000e+00 7.714377261436311528e-07 2.225558262125559850e-07
