0.000000000000000000e+00 0.000000000000000000e+00 2.895349403843283653e-03 0.000000000000000000e+00 0.000000000000000000e+00 0.000000000000000000e+00 0.000000000000000000e+00 1.660214387811720371e-03 0.000000000000000000e+00 0.000000000000000000e+00 0.000000000000000000e+00
5.463118664920330048e-03 0.000000000000000000e+00 0.000000000000000000e+00 3.128197276964783669e-03 0.000000000000000000e+00 0.000000000000000000e+00 2.314515877515077591e-03 4.242205061018466949e-03 0.000000000000000000e+00 3.916569985449314117e-03 2.398496493697166443e-03
0.000000000000000000e+00 2.474054694175720215e-03 3.526601009070873260e-03 0.000000000000000000e+00 1.583041390404105186e-03 0.000000000000000000e+00 9.530183160677552223e-04 0.000000000000000000e+00 0.000000000000000000e+00 8.761746808886528015e-03 2.164566656574606895e-03
7.457296364009380341e-03 0.000000000000000000e+00 0.000000000000000000e+00 0.000000000000000000e+00 0.000000000000000000e+00 0.000000000000000000e+00 7.335428381338715553e-05 4.397183191031217575e-03 7.149210199713706970e-03 0.000000000000000000e+00 0.000000000000000000e+00
0.000000000000000000e+00 6.823201692895963788e-05 1.532226888230070472e-04 5.739426705986261368e-05 0.000000000000000000e+00 4.157548028160817921e-05 1.096673586289398372e-04 1.454198445571819320e-05 6.869063508929684758e-05 1.842508208937942982e-04 3.851300862152129412e-04
0.000000000000000000e+00 0.000000000000000000e+00 0.000000000000000000e+00 0.000000000000000000e+00 0.000000000000000000e+00 0.000000000000000000e+00 0.000000000000000000e+00 0.000000000000000000e+00 0.000000000000000000e+00 0.000000000000000000e+00 0.000000000000000000e+00
1.509556313976645470e-03 0.000000000000000000e+00 0.000000000000000000e+00 0.000000000000000000e+00 0.000000000000000000e+00 3.674376057460904121e-05 0.000000000000000000e+00 3.531226655468344688e-03 7.121252827346324921e-03 4.164260812103748322e-03 0.000000000000000000e+00
0.000000000000000000e+00 0.000000000000000000e+00 0.000000000000000000e+00 0.000000000000000000e+00 1.379697350785136223e-04 0.000000000000000000e+00 0.000000000000000000e+00 7.909488631412386894e-04 0.000000000000000000e+00 0.000000000000000000e+00 0.000000000000000000e+00
0.000000000000000000e+00 2.821987494826316833e-03 1.408547512255609035e-03 2.185018267482519150e-03 0.000000000000000000e+00 1.902500051073729992e-03 0.000000000000000000e+00 0.000000000000000000e+00 3.454626130405813456e-04 0.000000000000000000e+00 5.377622321248054504e-03
4.449113272130489349e-03 0.000000000000000000e+00 3.111230442300438881e-03 0.000000000000000000e+00 2.243349328637123108e-02 0.000000000000000000e+00 0.000000000000000000e+00 0.000000000000000000e+00 9.679486975073814392e-03 3.442276967689394951e-03 8.746556937694549561e-03
0.000000000000000000e+00 1.963960158946065349e-07 2.687179176064091735e-06 1.377798071189317852e-06 5.831217094964813441e-06 0.000000000000000000e+00 2.339108959859004244e-06 1.298113147640833631e-06 0.000000000000000000e+00 4.237133907736279070e-06 0.000000000000000000e+00
