0.000000000000000000e+00 6.928842514753341675e-03 6.130013149231672287e-03 0.000000000000000000e+00 0.000000000000000000e+00 0.000000000000000000e+00 2.040539169684052467e-03 4.353905562311410904e-03 0.000000000000000000e+00 0.000000000000000000e+00 0.000000000000000000e+00
2.515474334359169006e-03 0.000000000000000000e+00 1.383716147392988205e-02 0.000000000000000000e+00 0.000000000000000000e+00 0.000000000000000000e+00 2.361351624131202698e-03 0.000000000000000000e+00 0.000000000000000000e+00 0.000000000000000000e+00 0.000000000000000000e+00
0.000000000000000000e+00 1.107910461723804474e-02 0.000000000000000000e+00 9.079104056581854820e-04 0.000000000000000000e+00 1.280359551310539246e-02 5.526583176106214523e-03 0.000000000000000000e+00 1.627183170057833195e-03 7.073702290654182434e-03 0.000000000000000000e+00
1.169760618358850479e-02 0.000000000000000000e+00 0.000000000000000000e+00 4.638092359527945518e-04 9.445973671972751617e-03 3.378559835255146027e-03 4.278119013179093599e-04 1.620147377252578735e-02 3.938224399462342262e-04 0.000000000000000000e+00 0.000000000000000000e+00
1.645640586502850056e-04 3.556814335752278566e-04 2.305908710695803165e-04 2.263117639813572168e-04 0.000000000000000000e+00 1.638728135731071234e-04 1.332657993771135807e-04 0.000000000000000000e+00 1.087575292331166565e-04 3.941213362850248814e-04 8.082236745394766331e-04
0.000000000000000000e+00 0.000000000000000000e+00 0.000000000000000000e+00 0.000000000000000000e+00 0.000000000000000000e+00 0.000000000000000000e+00 0.000000000000000000e+00 0.000000000000000000e+00 0.000000000000000000e+00 0.000000000000000000e+00 1.734723475976807094e-18
4.122967366129159927e-03 8.050951175391674042e-03 0.000000000000000000e+00 0.000000000000000000e+00 0.000000000000000000e+00 4.410903900861740112e-03 1.065033487975597382e-02 0.000000000000000000e+00 9.002870880067348480e-03 1.949462108314037323e-02 7.779474370181560516e-03
0.000000000000000000e+00 1.559827243909239769e-03 0.000000000000000000e+00 0.000000000000000000e+00 0.000000000000000000e+00 0.000000000000000000e+00 0.000000000000000000e+00 4.504066600929945707e-04 4.061479121446609497e-03 0.000000000000000000e+00 4.694357980042695999e-03
0.000000000000000000e+00 0.000000000000000000e+00 0.000000000000000000e+00 0.000000000000000000e+00 0.000000000000000000e+00 0.000000000000000000e+00 4.669591318815946579e-03 3.304013051092624664e-03 2.291838172823190689e-03 0.000000000000000000e+00 2.127282554283738136e-03
3.252188034821301699e-04 5.001291166990995407e-03 1.505939941853284836e-02 0.000000000000000000e+00 4.577069729566574097e-02 0.000000000000000000e+00 0.000000000000000000e+00 0.000000000000000000e+00 1.753649860620498657e-02 0.000000000000000000e+00 7.154997903853654861e-03
0.000000000000000000e+00 0.000000000000000000e+00 6.490505256806500256e-06 3.161053882649866864e-06 8.490136679029092193e-06 0.000000000000000000e+00 3.322430075058946386e-06 6.038399078533984721e-06 2.724368414419586770e-06 4.106663709535496309e-06 0.000000000000000000e+00
