0.000000000000000000e+00 1.666389405727386475e-03 1.528073800727725029e-03 0.000000000000000000e+00 0.000000000000000000e+00 0.000000000000000000e+00 0.000000000000000000e+00 6.729736458510160446e-03 3.211545059457421303e-03 0.000000000000000000e+00 0.000000000000000000e+00
1.208536792546510696e-02 0.000000000000000000e+00 4.271907731890678406e-03 0.000000000000000000e+00 0.000000000000000000e+00 0.000000000000000000e+00 1.341001410037279129e-02 0.000000000000000000e+00 0.000000000000000000e+00 0.000000000000000000e+00 0.000000000000000000e+00
0.000000000000000000e+00 1.161767169833183289e-02 0.000000000000000000e+00 5.694234743714332581e-03 0.000000000000000000e+00 6.406316068023443222e-03 3.708341624587774277e-03 0.000000000000000000e+00 7.733472157269716263e-03 1.223106030374765396e-02 7.057088660076260567e-04
3.175870282575488091e-03 0.000000000000000000e+00 0.000000000000000000e+00 0.000000000000000000e+00 4.486429970711469650e-03 0.000000000000000000e+00 0.000000000000000000e+00 1.066983863711357117e-02 7.593838497996330261e-03 0.000000000000000000e+00 0.000000000000000000e+00
1.004433488560607657e-05 1.503578678239136934e-04 1.729527139104902744e-04 1.971083547687157989e-04 0.000000000000000000e+00 2.794968168018385768e-05 2.062987186945974827e-05 9.144104842562228441e-05 3.218489291612058878e-05 2.560487191658467054e-04 7.664125878363847733e-04
0.000000000000000000e+00 0.000000000000000000e+00 0.000000000000000000e+00 0.000000000000000000e+00 0.000000000000000000e+00 3.240779042243957520e-03 0.000000000000000000e+00 0.000000000000000000e+00 0.000000000000000000e+00 0.000000000000000000e+00 0.000000000000000000e+00
1.086101401597261429e-02 0.000000000000000000e+00 0.000000000000000000e+00 0.000000000000000000e+00 0.000000000000000000e+00 0.000000000000000000e+00 1.846128609031438828e-03 8.869122713804244995e-03 6.210675928741693497e-03 8.729174151085317135e-04 2.763957716524600983e-03
0.000000000000000000e+00 4.300871398299932480e-03 3.763367887586355209e-03 0.000000000000000000e+00 2.321194391697645187e-03 0.000000000000000000e+00 0.000000000000000000e+00 0.000000000000000000e+00 7.069087587296962738e-03 0.000000000000000000e+00 0.000000000000000000e+00
0.000000000000000000e+00 0.000000000000000000e+00 0.000000000000000000e+00 0.000000000000000000e+00 1.921399380080401897e-03 0.000000000000000000e+00 8.317265659570693970e-03 0.000000000000000000e+00 0.000000000000000000e+00 1.320010516792535782e-03 4.994653631001710892e-03
9.808520786464214325e-03 4.331460222601890564e-03 1.102360710501670837e-02 0.000000000000000000e+00 4.873351752758026123e-02 8.252182044088840485e-03 2.546572359278798103e-03 0.000000000000000000e+00 7.045757956802845001e-03 0.000000000000000000e+00 1.408962439745664597e-02
0.000000000000000000e+00 0.000000000000000000e+00 4.037859071104321629e-06 1.051183062372729182e-06 9.328242413175757974e-06 0.000000000000000000e+00 2.698413368307228666e-07 5.637856702378485352e-06 0.000000000000000000e+00 2.368342620684416033e-06 0.000000000000000000e+00
