3.383876800537109375e+01 9.747539520263671875e+01 1.090735702514648438e+02 1.054889106750488281e+01 2.766414312645792961e-03 9.333779104053974152e-03 1.078218231201171875e+02 1.091691589355468750e+02 9.247846984863281250e+01 6.698086547851562500e+01 1.633591651916503906e+01
4.375307006835937500e+02 0.000000000000000000e+00 1.076225195312500000e+04 9.192658203125000000e+03 1.987100219726562500e+01 2.636524414062500000e+03 1.788013085937500000e+04 7.539324951171875000e+02 1.463611816406250000e+04 1.080032348632812500e+01 1.374014843750000000e+04
3.006520843505859375e+01 3.269837109375000000e+04 3.087154101562500000e+04 9.093121093750000000e+03 1.827762756347656250e+02 2.369062500000000000e+04 2.761939941406250000e+03 7.901333618164062500e+01 1.024715332031250000e+04 5.047994531250000000e+04 3.255882300436496735e-03
1.447556542968750000e+04 2.566632032394409180e-01 9.705068588256835938e+00 4.976051635742187500e+02 1.067677343750000000e+04 1.304569531250000000e+04 1.676385498046875000e+03 2.286734375000000000e+04 1.071236132812500000e+04 8.596371459960937500e+02 4.412839189171791077e-03
5.264501190185546875e+01 9.600061798095703125e+01 4.147973632812500000e+01 4.653397750854492188e+01 4.062831521878251806e-06 3.720840454101562500e+01 2.340966033935546875e+01 8.227499723434448242e-01 3.343039321899414062e+01 1.251504592895507812e+02 1.883791046142578125e+02
0.000000000000000000e+00 0.000000000000000000e+00 0.000000000000000000e+00 0.000000000000000000e+00 0.000000000000000000e+00 2.126523759216070175e-04 0.000000000000000000e+00 0.000000000000000000e+00 0.000000000000000000e+00 0.000000000000000000e+00 6.405042266845703125e+01
6.099381835937500000e+03 7.867705078125000000e+03 3.280166931152343750e+02 6.963737304687500000e+03 1.538559570312500000e+02 4.603181152343750000e+03 6.747539062500000000e+03 2.098930053710937500e+02 1.551502343750000000e+04 1.232222753906250000e+04 8.526802734375000000e+03
1.473677997410050011e-07 2.488481445312500000e+03 6.121775390625000000e+03 2.098177246093750000e+03 5.319990234375000000e+04 2.599184765625000000e+04 6.422534179687500000e+01 3.607702343750000000e+04 2.436079882812500000e+04 3.951069580078125000e+03 2.385596875000000000e+04
0.000000000000000000e+00 1.541782324218750000e+04 1.790365625000000000e+04 2.017104034423828125e+02 7.176924388119232390e-09 2.344300537109375000e+03 2.553083984375000000e+04 4.545943359375000000e+03 1.144436328125000000e+04 4.272777832031250000e+03 6.742223510742187500e+02
0.000000000000000000e+00 0.000000000000000000e+00 0.000000000000000000e+00 0.000000000000000000e+00 1.641212615966796875e+02 0.000000000000000000e+00 0.000000000000000000e+00 0.000000000000000000e+00 0.000000000000000000e+00 0.000000000000000000e+00 6.945052882656455040e-04
0.000000000000000000e+00 3.392918407917022705e-02 2.975077331066131592e-01 3.747229015971242916e-07 4.084353446960449219e-01 0.000000000000000000e+00 1.002563149086199701e-04 4.976443648338317871e-01 3.082750481553375721e-07 4.852335155010223389e-02 1.200835758936591446e-04
