0.000000000000000000e+00 0.000000000000000000e+00 8.831135928630828857e-04 0.000000000000000000e+00 0.000000000000000000e+00 0.000000000000000000e+00 1.426105700375046581e-05 2.941471291705965996e-03 2.080231206491589546e-03 0.000000000000000000e+00 0.000000000000000000e+00
4.943334031850099564e-03 0.000000000000000000e+00 4.082577303051948547e-03 2.299649204360321164e-04 8.572963997721672058e-04 0.000000000000000000e+00 0.000000000000000000e+00 0.000000000000000000e+00 0.000000000000000000e+00 0.000000000000000000e+00 0.000000000000000000e+00
0.000000000000000000e+00 1.167434966191649437e-03 0.000000000000000000e+00 0.000000000000000000e+00 3.455639351159334183e-03 1.461214968003332615e-03 2.363297389820218086e-03 0.000000000000000000e+00 0.000000000000000000e+00 0.000000000000000000e+00 0.000000000000000000e+00
7.044807076454162598e-03 4.943708190694451332e-04 0.000000000000000000e+00 0.000000000000000000e+00 0.000000000000000000e+00 0.000000000000000000e+00 1.640044036321341991e-03 3.126525785773992538e-03 0.000000000000000000e+00 3.652801387943327427e-04 0.000000000000000000e+00
7.737872510915622115e-05 2.135661634383723140e-04 1.180178660433739424e-04 1.363985793432220817e-04 0.000000000000000000e+00 1.579153613420203328e-04 1.738776190904900432e-04 1.560328673804178834e-04 2.055369550362229347e-04 1.976257190108299255e-04 4.194224893581122160e-04
0.000000000000000000e+00 1.422402565367519855e-03 2.903540385887026787e-03 0.000000000000000000e+00 0.000000000000000000e+00 1.308405678719282150e-02 0.000000000000000000e+00 0.000000000000000000e+00 0.000000000000000000e+00 2.374422736465930939e-03 1.801913976669311523e-02
3.399893466848880053e-04 1.825031009502708912e-03 0.000000000000000000e+00 3.401369322091341019e-03 0.000000000000000000e+00 2.267042407765984535e-03 7.365099736489355564e-04 3.460282227024435997e-03 3.702523419633507729e-03 5.416262429207563400e-03 0.000000000000000000e+00
0.000000000000000000e+00 4.559443797916173935e-03 0.000000000000000000e+00 0.000000000000000000e+00 0.000000000000000000e+00 1.986932475119829178e-03 0.000000000000000000e+00 0.000000000000000000e+00 8.007911383174359798e-04 0.000000000000000000e+00 0.000000000000000000e+00
0.000000000000000000e+00 1.709847711026668549e-03 8.524477016180753708e-05 0.000000000000000000e+00 0.000000000000000000e+00 0.000000000000000000e+00 5.227715708315372467e-03 2.746902173385024071e-04 0.000000000000000000e+00 1.365585252642631531e-03 1.147386501543223858e-03
3.819221456069499254e-04 0.000000000000000000e+00 5.704050417989492416e-03 0.000000000000000000e+00 1.437056437134742737e-02 0.000000000000000000e+00 0.000000000000000000e+00 0.000000000000000000e+00 1.457905862480401993e-03 0.000000000000000000e+00 4.657558631151914597e-03
0.000000000000000000e+00 0.000000000000000000e+00 2.895953002735041082e-06 1.364777290291385725e-06 3.985750026913592592e-06 0.000000000000000000e+00 8.243135312113736290e-07 8.292913662444334477e-07 5.578317541221622378e-08 2.031825488302274607e-06 4.924368681713531259e-07
