0.000000000000000000e+00 0.000000000000000000e+00 6.320806121826171875e+01 0.000000000000000000e+00 0.000000000000000000e+00 0.000000000000000000e+00 4.810375976562500000e+03 9.639553710937500000e+03 2.115269005298614502e-02 1.539824218750000000e+02 0.000000000000000000e+00
2.547501464843750000e+03 8.891282975673675537e-02 8.562462890625000000e+03 3.401309570312500000e+03 3.263099121093750000e+03 1.542826171875000000e+04 1.024221093750000000e+04 1.294542670249938965e+00 3.851496093750000000e+03 9.878665161132812500e+01 1.254010839843750000e+04
3.467115783691406250e+01 3.087723632812500000e+03 2.563303527832031250e+02 1.746333007812500000e+03 5.801638183593750000e+03 2.585316406250000000e+03 5.838480468750000000e+03 1.268831640481948853e-02 1.991586914062500000e+02 1.652427734375000000e+04 3.383725341796875000e+03
2.443278808593750000e+02 1.374481582641601562e+01 1.070005055225919932e-05 3.763494262695312500e+02 1.366079711914062500e+02 1.313875854492187500e+03 1.419611358642578125e+02 4.954821777343750000e+03 4.564668457031250000e+03 1.882304077148437500e+03 2.503012847900390625e+02
1.229879379272460938e+00 1.409861087799072266e+00 2.068210124969482422e+00 2.100184708833694458e-01 1.622230030307036941e-07 4.682904481887817383e-02 2.281039953231811523e-01 2.918831259012222290e-02 1.711831390857696533e-01 6.594055294990539551e-01 1.606035041809082031e+01
0.000000000000000000e+00 0.000000000000000000e+00 0.000000000000000000e+00 0.000000000000000000e+00 0.000000000000000000e+00 1.186691224575042725e-05 0.000000000000000000e+00 0.000000000000000000e+00 0.000000000000000000e+00 0.000000000000000000e+00 7.707919576205313206e-05
4.547751953125000000e+03 1.598865356445312500e+02 8.323614299297332764e-02 1.696882629394531250e+01 7.148373126983642578e-01 7.455206871032714844e+00 1.555554485321044922e+01 0.000000000000000000e+00 5.747008895874023438e+01 1.588765869140625000e+03 5.456716796875000000e+03
2.546405220016367821e-08 3.065831756591796875e+01 4.229696289062500000e+03 1.642684478759765625e+02 6.339961914062500000e+03 2.372259902954101562e+01 1.066547489166259766e+01 1.133110937500000000e+04 3.733365722656250000e+03 5.787734389305114746e-01 5.508430664062500000e+03
0.000000000000000000e+00 5.585520019531250000e+02 3.813071777343750000e+03 4.076646240234375000e+03 9.315197753906250000e+01 9.291519165039062500e+01 1.183268188476562500e+03 8.485173583030700684e-01 3.707076171875000000e+03 6.525312805175781250e+01 6.053482421875000000e+03
0.000000000000000000e+00 0.000000000000000000e+00 0.000000000000000000e+00 0.000000000000000000e+00 2.123223495483398438e+01 0.000000000000000000e+00 0.000000000000000000e+00 0.000000000000000000e+00 0.000000000000000000e+00 0.000000000000000000e+00 1.482343941461294889e-05
0.000000000000000000e+00 3.856064836327277590e-07 2.572380565106868744e-02 4.678793629864230752e-06 1.851338446140289307e-01 0.000000000000000000e+00 2.345235843677073717e-04 1.060712616890668869e-03 5.357763729989528656e-04 2.988274767994880676e-02 1.278888885281048715e-05
