0.000000000000000000e+00 3.352519823238253593e-03 7.360972881317138672e+00 0.000000000000000000e+00 0.000000000000000000e+00 0.000000000000000000e+00 5.278607177734375000e+02 8.487015380859375000e+02 6.161618232727050781e+00 7.868438363075256348e-01 0.000000000000000000e+00
1.654996643066406250e+02 0.000000000000000000e+00 1.106226654052734375e+02 4.792038726806640625e+01 1.084119262695312500e+02 2.681438827514648438e+01 2.792047119140625000e+01 5.003822326660156250e+00 1.626534881591796875e+02 3.905907897949218750e+02 6.785432128906250000e+02
1.833320140838623047e+00 8.125671386718750000e+01 4.471627426147460938e+01 4.304852294921875000e+01 3.087779045104980469e+00 1.992896118164062500e+02 1.427619781494140625e+02 1.080752849578857422e+01 7.875091433525085449e-01 2.834280395507812500e+02 9.824256412684917450e-04
1.237230529785156250e+02 2.793119430541992188e+01 1.060794734954833984e+01 5.581542849540710449e-03 1.032438354492187500e+02 1.430281524658203125e+02 3.256932373046875000e+02 3.873600387573242188e+01 2.338242187500000000e+02 2.536612749099731445e-01 4.833994805812835693e-01
1.095488518476486206e-01 3.349018812179565430e+00 2.054891586303710938e+00 3.234189748764038086e+00 0.000000000000000000e+00 4.096690177917480469e+00 4.094995498657226562e+00 8.853809237480163574e-01 1.741023778915405273e+00 5.320853233337402344e+00 8.303966522216796875e+00
0.000000000000000000e+00 0.000000000000000000e+00 0.000000000000000000e+00 0.000000000000000000e+00 0.000000000000000000e+00 0.000000000000000000e+00 0.000000000000000000e+00 0.000000000000000000e+00 0.000000000000000000e+00 0.000000000000000000e+00 4.718180179595947266e+00
7.430219650268554688e+00 2.442640686035156250e+02 8.889850974082946777e-01 2.536768798828125000e+02 7.598349358886480331e-03 2.332390594482421875e+02 5.590425872802734375e+01 3.106319904327392578e+00 1.565641937255859375e+02 2.541139526367187500e+02 1.893578491210937500e+02
0.000000000000000000e+00 8.530913543701171875e+01 2.494535980224609375e+02 3.411078491210937500e+02 4.999580078125000000e+02 2.582209777832031250e+02 1.207915496826171875e+01 3.436771240234375000e+02 3.463581848144531250e+02 2.704820632934570312e-01 1.771079406738281250e+02
3.803787708282470703e+00 1.673618774414062500e+02 1.083632965087890625e+02 1.059176025390625000e+02 2.207657322287559509e-03 2.762920837402343750e+02 3.544414062500000000e+02 6.160842895507812500e+01 3.157968139648437500e+02 3.786558508872985840e-01 1.972745819091796875e+02
1.302764129638671875e+01 0.000000000000000000e+00 1.277775287628173828e+01 0.000000000000000000e+00 8.758795166015625000e+02 0.000000000000000000e+00 0.000000000000000000e+00 0.000000000000000000e+00 9.794216156005859375e+00 0.000000000000000000e+00 3.028585510253906250e+02
0.000000000000000000e+00 1.719734718790277839e-04 3.857503458857536316e-02 1.222681812942028046e-02 6.141384318470954895e-02 0.000000000000000000e+00 1.530962809920310974e-02 8.655633777379989624e-03 1.918001908052247018e-05 3.983433917164802551e-02 0.000000000000000000e+00
