0.000000000000000000e+00 0.000000000000000000e+00 4.186599049717187881e-03 0.000000000000000000e+00 0.000000000000000000e+00 0.000000000000000000e+00 0.000000000000000000e+00 0.000000000000000000e+00 4.665378015488386154e-03 0.000000000000000000e+00 0.000000000000000000e+00
1.725382730364799500e-02 0.000000000000000000e+00 5.580857861787080765e-03 8.214368484914302826e-03 0.000000000000000000e+00 0.000000000000000000e+00 2.089171903207898140e-03 0.000000000000000000e+00 0.000000000000000000e+00 0.000000000000000000e+00 0.000000000000000000e+00
5.874359514564275742e-03 0.000000000000000000e+00 0.000000000000000000e+00 0.000000000000000000e+00 0.000000000000000000e+00 4.312565550208091736e-03 0.000000000000000000e+00 0.000000000000000000e+00 6.025566719472408295e-03 7.120763417333364487e-03 6.178392563015222549e-03
9.757249616086483002e-03 0.000000000000000000e+00 0.000000000000000000e+00 0.000000000000000000e+00 1.041107531636953354e-02 6.075181881897151470e-04 0.000000000000000000e+00 1.257642451673746109e-02 3.897489747032523155e-03 0.000000000000000000e+00 0.000000000000000000e+00
0.000000000000000000e+00 1.152432087110355496e-04 4.782023097504861653e-05 1.707608316792175174e-04 0.000000000000000000e+00 1.792186521925032139e-04 8.159448771039023995e-05 0.000000000000000000e+00 6.564836075995117426e-05 1.383561175316572189e-04 6.263440009206533432e-04
0.000000000000000000e+00 0.000000000000000000e+00 0.000000000000000000e+00 0.000000000000000000e+00 0.000000000000000000e+00 0.000000000000000000e+00 0.000000000000000000e+00 0.000000000000000000e+00 0.000000000000000000e+00 0.000000000000000000e+00 0.000000000000000000e+00
2.456146990880370140e-03 8.065734058618545532e-03 0.000000000000000000e+00 5.513997282832860947e-03 0.000000000000000000e+00 0.000000000000000000e+00 1.182470284402370453e-02 3.398079425096511841e-03 8.630221709609031677e-03 1.111372467130422592e-02 5.625189747661352158e-03
0.000000000000000000e+00 0.000000000000000000e+00 0.000000000000000000e+00 0.000000000000000000e+00 0.000000000000000000e+00 1.170431263744831085e-03 9.109988459385931492e-04 0.000000000000000000e+00 5.318775307387113571e-03 1.577921677380800247e-03 7.168937008827924728e-03
0.000000000000000000e+00 3.329825820401310921e-03 0.000000000000000000e+00 2.376998076215386391e-03 2.518350025638937950e-03 0.000000000000000000e+00 3.100272268056869507e-03 0.000000000000000000e+00 0.000000000000000000e+00 1.652124454267323017e-03 5.428616888821125031e-03
3.603402758017182350e-03 6.969972979277372360e-03 1.514623966068029404e-02 0.000000000000000000e+00 3.691016510128974915e-02 0.000000000000000000e+00 0.000000000000000000e+00 0.000000000000000000e+00 7.878722622990608215e-03 0.000000000000000000e+00 9.630504995584487915e-03
0.000000000000000000e+00 4.638137056645064149e-07 1.104251714423298836e-05 1.872639018074551132e-06 1.081528989743674174e-05 0.000000000000000000e+00 7.227227342809783295e-06 2.875945028790738434e-06 2.387739868936478160e-06 7.119872861949261278e-06 0.000000000000000000e+00
