0.000000000000000000e+00 8.083557128906250000e+02 4.923530578613281250e+01 0.000000000000000000e+00 0.000000000000000000e+00 0.000000000000000000e+00 4.396860351562500000e+02 5.266632080078125000e+02 8.972708702087402344e+00 3.227692842483520508e-01 0.000000000000000000e+00
2.990375900268554688e+01 0.000000000000000000e+00 4.485347290039062500e+02 9.309675292968750000e+02 0.000000000000000000e+00 3.136656433343887329e-02 1.091447509765625000e+03 3.226304670533863828e-06 0.000000000000000000e+00 1.206760498046875000e+03 2.651755981445312500e+02
1.943023875355720520e-02 3.990667724609375000e+02 1.291568158194422722e-03 4.187659072875976562e+01 5.853353068232536316e-04 1.002679157257080078e+01 1.053585815429687500e+03 3.871344625949859619e-01 4.830089807510375977e-01 1.150038085937500000e+03 5.971741303801536560e-02
3.661484527587890625e+01 9.227883070707321167e-03 0.000000000000000000e+00 4.468562126159667969e+00 1.640994429588317871e+00 3.807950496673583984e+00 1.815125579833984375e+02 2.121090393066406250e+02 4.601782226562500000e+02 7.085704964993055910e-07 3.224538803100585938e+00
3.652212023735046387e-02 2.721058130264282227e+00 1.109492063522338867e+00 7.335688471794128418e-01 0.000000000000000000e+00 2.447915077209472656e-01 2.540502071380615234e+00 4.683572053909301758e-01 1.406220912933349609e+00 2.584269523620605469e+00 4.242020606994628906e+00
0.000000000000000000e+00 0.000000000000000000e+00 0.000000000000000000e+00 0.000000000000000000e+00 0.000000000000000000e+00 0.000000000000000000e+00 0.000000000000000000e+00 0.000000000000000000e+00 0.000000000000000000e+00 0.000000000000000000e+00 0.000000000000000000e+00
7.404270019531250000e+02 6.088354492187500000e+01 1.619602355957031250e+02 7.116257934570312500e+02 1.147473754882812500e+02 3.352811909280717373e-04 3.596357421875000000e+02 3.030722236633300781e+01 6.119704589843750000e+02 7.522795410156250000e+02 1.129914062500000000e+03
0.000000000000000000e+00 2.464703369140625000e+02 5.133731842041015625e+01 1.515868377685546875e+01 1.829752502441406250e+02 2.125621604919433594e+01 1.250806152820587158e-01 1.320314331054687500e+02 4.391283874511718750e+02 1.978791427612304688e+01 2.237983894348144531e+01
2.693780822753906250e+02 3.265447692871093750e+02 2.888227539062500000e+02 3.582452697753906250e+02 1.766891777515411377e-01 3.498170776367187500e+02 3.867828979492187500e+02 3.657293090820312500e+02 3.497456359863281250e+02 2.589657592773437500e+02 3.561703491210937500e+02
0.000000000000000000e+00 0.000000000000000000e+00 0.000000000000000000e+00 0.000000000000000000e+00 3.313336849212646484e+00 0.000000000000000000e+00 0.000000000000000000e+00 0.000000000000000000e+00 0.000000000000000000e+00 0.000000000000000000e+00 1.770278458934626542e-06
0.000000000000000000e+00 1.099199522286653519e-03 1.720936968922615051e-02 1.275399699807167053e-02 4.138770699501037598e-02 0.000000000000000000e+00 5.969921476207673550e-04 3.245120868086814880e-02 3.999010567135030669e-10 4.208663478493690491e-02 9.137438610196113586e-03
