0.000000000000000000e+00 5.101125976562500000e+03 2.625091857910156250e+02 0.000000000000000000e+00 0.000000000000000000e+00 0.000000000000000000e+00 5.596938476562500000e+03 1.515978515625000000e+04 6.207249069213867188e+01 3.305727386474609375e+01 0.000000000000000000e+00
1.588660781250000000e+05 7.444178125000000000e+04 8.986940002441406250e+01 2.167960166931152344e+00 1.524324375000000000e+05 1.308457265625000000e+05 4.790110156250000000e+04 1.359319375000000000e+05 2.484953906250000000e+05 5.101493000984191895e-01 7.888240625000000000e+04
2.071002734375000000e+04 1.716440429687500000e+02 1.184004785156250000e+04 1.124262304687500000e+04 1.832512109375000000e+04 8.134089843750000000e+03 2.417777929687500000e+04 1.607836532592773438e+01 1.681863708496093750e+02 4.116392968750000000e+04 1.002598632812500000e+04
2.781328125000000000e+04 7.769532714843750000e+03 1.096603125000000000e+04 6.110493469238281250e+01 7.455592773437500000e+03 1.108208465576171875e+02 2.527642578125000000e+03 2.775187683105468750e+02 2.541478710937500000e+04 1.818488281250000000e+04 5.894137695312500000e+03
1.723683953285217285e+00 1.063800334930419922e+01 5.153794288635253906e+00 7.234165191650390625e+00 0.000000000000000000e+00 6.475812911987304688e+00 7.192036151885986328e+00 3.304915428161621094e+00 6.028587818145751953e+00 1.074855613708496094e+01 3.454916000366210938e+01
0.000000000000000000e+00 0.000000000000000000e+00 0.000000000000000000e+00 0.000000000000000000e+00 0.000000000000000000e+00 0.000000000000000000e+00 0.000000000000000000e+00 0.000000000000000000e+00 0.000000000000000000e+00 0.000000000000000000e+00 0.000000000000000000e+00
9.215312500000000000e+03 1.163219757080078125e+02 1.121203613281250000e+03 1.075890380859375000e+03 2.972261428833007812e+00 2.298070898437500000e+04 2.732761573791503906e+01 1.983049072265625000e+03 2.203340234375000000e+04 8.586455078125000000e+03 1.244326562500000000e+04
0.000000000000000000e+00 1.368851423263549805e+00 2.225967578125000000e+04 9.597389101982116699e-01 4.642665234375000000e+04 6.584885995835065842e-04 8.308147430419921875e+00 1.841061859130859375e+02 7.951981445312500000e+03 9.655891656875610352e-01 6.516708007812500000e+03
1.285749218750000000e+04 1.961419531250000000e+04 3.824184814453125000e+03 1.447841601562500000e+04 9.512103271484375000e+01 2.437696484375000000e+04 2.613692016601562500e+02 4.143124023437500000e+03 1.501250732421875000e+03 1.287078399658203125e+02 2.546125781250000000e+04
0.000000000000000000e+00 0.000000000000000000e+00 0.000000000000000000e+00 0.000000000000000000e+00 2.608694267272949219e+01 0.000000000000000000e+00 0.000000000000000000e+00 0.000000000000000000e+00 3.865388498525135219e-05 0.000000000000000000e+00 0.000000000000000000e+00
0.000000000000000000e+00 9.448218042962253094e-05 1.626823991537094116e-01 1.731557026505470276e-02 2.699642479419708252e-01 0.000000000000000000e+00 2.740908600389957428e-02 1.455728113651275635e-01 1.659913664298073854e-06 9.152525104582309723e-03 2.416999222987215035e-07
