0.000000000000000000e+00 0.000000000000000000e+00 3.671235172078013420e-03 0.000000000000000000e+00 0.000000000000000000e+00 0.000000000000000000e+00 8.765016100369393826e-04 3.148782416246831417e-04 0.000000000000000000e+00 0.000000000000000000e+00 0.000000000000000000e+00
1.125560794025659561e-02 0.000000000000000000e+00 7.490138523280620575e-03 8.457679301500320435e-03 0.000000000000000000e+00 0.000000000000000000e+00 7.206652662716805935e-04 0.000000000000000000e+00 7.377708330750465393e-03 3.913685679435729980e-03 0.000000000000000000e+00
0.000000000000000000e+00 1.043276209384202957e-02 1.393779064528644085e-03 0.000000000000000000e+00 0.000000000000000000e+00 5.458617117255926132e-03 8.873239159584045410e-03 0.000000000000000000e+00 4.313668236136436462e-03 5.753467790782451630e-03 1.379061839543282986e-03
8.186610415577888489e-03 0.000000000000000000e+00 0.000000000000000000e+00 0.000000000000000000e+00 3.781629260629415512e-03 9.827898815274238586e-03 8.467004634439945221e-03 1.271236501634120941e-02 0.000000000000000000e+00 2.698701282497495413e-04 0.000000000000000000e+00
0.000000000000000000e+00 1.153785487986169755e-04 1.930422877194359899e-04 2.066582965198904276e-04 0.000000000000000000e+00 1.672274229349568486e-04 1.163447159342467785e-04 1.110031735152006149e-04 0.000000000000000000e+00 2.405654086032882333e-04 6.042353925295174122e-04
0.000000000000000000e+00 0.000000000000000000e+00 0.000000000000000000e+00 0.000000000000000000e+00 0.000000000000000000e+00 0.000000000000000000e+00 0.000000000000000000e+00 0.000000000000000000e+00 0.000000000000000000e+00 0.000000000000000000e+00 0.000000000000000000e+00
8.458347059786319733e-03 5.179377738386392593e-03 0.000000000000000000e+00 0.000000000000000000e+00 0.000000000000000000e+00 6.162275094538927078e-03 7.686948869377374649e-03 8.209338411688804626e-03 4.574866499751806259e-03 2.989044180139899254e-03 1.148119755089282990e-02
0.000000000000000000e+00 9.562121704220771790e-03 0.000000000000000000e+00 2.356644487008452415e-03 0.000000000000000000e+00 0.000000000000000000e+00 2.344024134799838066e-03 0.000000000000000000e+00 1.771286502480506897e-02 0.000000000000000000e+00 0.000000000000000000e+00
0.000000000000000000e+00 4.280056338757276535e-03 2.194543834775686264e-03 8.014864761207718402e-06 0.000000000000000000e+00 0.000000000000000000e+00 6.403303239494562149e-03 3.657636232674121857e-03 0.000000000000000000e+00 8.860484813340008259e-04 0.000000000000000000e+00
0.000000000000000000e+00 0.000000000000000000e+00 1.009814161807298660e-02 0.000000000000000000e+00 4.005244374275207520e-02 0.000000000000000000e+00 0.000000000000000000e+00 0.000000000000000000e+00 1.284218672662973404e-02 0.000000000000000000e+00 1.933008804917335510e-02
0.000000000000000000e+00 1.233467855854541995e-06 9.156197847914882004e-06 3.857831870845984668e-06 1.142460314440540969e-05 0.000000000000000000e+00 3.053881982850725763e-06 2.833648522937437519e-06 2.439382569718873128e-06 4.842212092626141384e-06 0.000000000000000000e+00
