0.000000000000000000e+00 7.512528100050985813e-04 1.866902108304202557e-03 0.000000000000000000e+00 0.000000000000000000e+00 0.000000000000000000e+00 0.000000000000000000e+00 4.753259941935539246e-03 0.000000000000000000e+00 0.000000000000000000e+00 0.000000000000000000e+00
3.604985773563385010e-03 0.000000000000000000e+00 2.117420779541134834e-03 0.000000000000000000e+00 0.000000000000000000e+00 0.000000000000000000e+00 7.485921378247439861e-04 1.729893119772896171e-04 0.000000000000000000e+00 0.000000000000000000e+00 0.000000000000000000e+00
0.000000000000000000e+00 3.482857719063758850e-04 0.000000000000000000e+00 0.000000000000000000e+00 1.141226151958107948e-03 8.921216940507292747e-04 1.108778058551251888e-03 0.000000000000000000e+00 0.000000000000000000e+00 1.459210412576794624e-03 0.000000000000000000e+00
4.511554725468158722e-03 0.000000000000000000e+00 0.000000000000000000e+00 2.240501489723101258e-04 2.597754821181297302e-03 0.000000000000000000e+00 0.000000000000000000e+00 4.873306024819612503e-03 2.250851131975650787e-03 0.000000000000000000e+00 0.000000000000000000e+00
1.624582728254608810e-05 2.085255982819944620e-04 1.979894441319629550e-04 2.034509816439822316e-04 0.000000000000000000e+00 2.223000483354553580e-04 2.008426381507888436e-04 0.000000000000000000e+00 1.303191675106063485e-04 3.957893350161612034e-04 7.390666869468986988e-04
0.000000000000000000e+00 3.819399862550199032e-04 6.117780692875385284e-03 0.000000000000000000e+00 0.000000000000000000e+00 1.414271723479032516e-02 0.000000000000000000e+00 8.153816452249884605e-04 0.000000000000000000e+00 1.506197615526616573e-03 1.888028904795646667e-02
1.903870608657598495e-03 2.582780318334698677e-03 0.000000000000000000e+00 5.401013186201453209e-04 0.000000000000000000e+00 2.093673218041658401e-03 9.488383075222373009e-04 2.236247295513749123e-03 2.933916170150041580e-03 4.759002476930618286e-03 1.319385599344968796e-03
0.000000000000000000e+00 3.430926939472556114e-03 0.000000000000000000e+00 0.000000000000000000e+00 0.000000000000000000e+00 0.000000000000000000e+00 0.000000000000000000e+00 0.000000000000000000e+00 6.723971455357968807e-04 0.000000000000000000e+00 0.000000000000000000e+00
0.000000000000000000e+00 1.165730878710746765e-03 1.687733223661780357e-03 0.000000000000000000e+00 0.000000000000000000e+00 0.000000000000000000e+00 5.260554607957601547e-03 0.000000000000000000e+00 6.172457360662519932e-04 0.000000000000000000e+00 5.093046274851076305e-05
2.993797825183719397e-04 6.577215390279889107e-04 5.241771228611469269e-03 0.000000000000000000e+00 1.486723497509956360e-02 0.000000000000000000e+00 0.000000000000000000e+00 0.000000000000000000e+00 5.132148042321205139e-03 0.000000000000000000e+00 4.833958577364683151e-03
0.000000000000000000e+00 2.253650563943665475e-06 7.917091352283023298e-06 6.945731911400798708e-06 1.457753933209460229e-05 0.000000000000000000e+00 9.189147021970711648e-06 1.128139228967484087e-05 1.143635358857864048e-06 9.077378308575134724e-06 0.000000000000000000e+00
