0.000000000000000000e+00 7.360494995117187500e+01 1.141672607421875000e+03 0.000000000000000000e+00 0.000000000000000000e+00 0.000000000000000000e+00 1.173556365966796875e+02 1.596713134765625000e+03 7.727007293701171875e+01 3.105074865743517876e-04 0.000000000000000000e+00
5.715068969726562500e+02 9.163793874904513359e-04 3.235027770996093750e+02 9.492721557617187500e+01 1.006087493896484375e+01 2.563753863796591759e-03 2.017419067382812500e+03 2.866993248462677002e-01 1.226506118774414062e+02 2.727927863597869873e-01 1.170115112304687500e+03
6.414187622070312500e+01 3.437635253906250000e+03 1.653815736062824726e-03 3.288034973144531250e+02 4.651928710937500000e+03 5.962113281250000000e+03 2.550333251953125000e+03 5.759281921386718750e+01 4.178060293197631836e-01 1.336426269531250000e+03 2.208116210937500000e+03
1.095299530029296875e+02 2.166661376953125000e+03 5.838562846183776855e-01 6.040291748046875000e+02 4.703680419921875000e+02 3.273002319335937500e+02 2.331502929687500000e+03 4.642748107910156250e+02 5.196613311767578125e+01 1.343900146484375000e+02 2.366447753906250000e+03
6.346148967742919922e+00 4.185224533081054688e+00 4.485416889190673828e+00 1.045047044754028320e+00 0.000000000000000000e+00 3.208159923553466797e+00 2.080302238464355469e+00 6.077729165554046631e-02 7.828770279884338379e-01 6.190807819366455078e+00 1.418120574951171875e+01
0.000000000000000000e+00 0.000000000000000000e+00 0.000000000000000000e+00 0.000000000000000000e+00 0.000000000000000000e+00 0.000000000000000000e+00 0.000000000000000000e+00 0.000000000000000000e+00 0.000000000000000000e+00 0.000000000000000000e+00 0.000000000000000000e+00
3.140556335449218750e+02 4.153643188476562500e+02 4.329083251953125000e+01 2.622744750976562500e+02 0.000000000000000000e+00 2.605161437988281250e+02 1.053010620117187500e+03 2.017955474853515625e+02 3.076493835449218750e+02 4.134484252929687500e+02 6.933355102539062500e+02
0.000000000000000000e+00 3.422257324218750000e+03 3.244330078125000000e+03 5.531939983367919922e+00 8.774944335937500000e+03 7.110183105468750000e+03 6.838232421875000000e+03 4.922530761718750000e+03 9.121034179687500000e+03 5.350973510742187500e+01 3.414765136718750000e+03
0.000000000000000000e+00 6.380076904296875000e+02 1.204492919921875000e+03 4.268690872192382812e+01 2.993015747070312500e+02 2.423543457031250000e+03 1.166754150390625000e+03 8.428174972534179688e+00 5.917426300048828125e+01 4.568928222656250000e+02 1.232891693115234375e+02
0.000000000000000000e+00 0.000000000000000000e+00 0.000000000000000000e+00 0.000000000000000000e+00 7.917981147766113281e+00 0.000000000000000000e+00 0.000000000000000000e+00 0.000000000000000000e+00 0.000000000000000000e+00 0.000000000000000000e+00 0.000000000000000000e+00
0.000000000000000000e+00 2.571854973211884499e-03 5.359852686524391174e-02 1.238572294823825359e-04 1.060114502906799316e-01 0.000000000000000000e+00 1.128103490918874741e-02 4.176551848649978638e-02 4.293434321880340576e-04 6.064647436141967773e-02 2.742175411185598932e-07
