0.000000000000000000e+00 1.158767752349376678e-02 1.424780115485191345e-03 0.000000000000000000e+00 0.000000000000000000e+00 0.000000000000000000e+00 4.121572710573673248e-03 0.000000000000000000e+00 0.000000000000000000e+00 0.000000000000000000e+00 0.000000000000000000e+00
8.054529316723346710e-03 0.000000000000000000e+00 3.629069076851010323e-03 0.000000000000000000e+00 0.000000000000000000e+00 0.000000000000000000e+00 8.233161643147468567e-03 1.098261680454015732e-03 0.000000000000000000e+00 0.000000000000000000e+00 0.000000000000000000e+00
0.000000000000000000e+00 1.455037854611873627e-02 9.574702940881252289e-03 0.000000000000000000e+00 1.485189190134406090e-03 1.256458275020122528e-02 8.893563412129878998e-03 0.000000000000000000e+00 0.000000000000000000e+00 4.762727767229080200e-03 1.338503498118370771e-04
1.186922937631607056e-02 0.000000000000000000e+00 4.787164740264415741e-03 0.000000000000000000e+00 6.116850301623344421e-03 0.000000000000000000e+00 4.051162861287593842e-03 1.683308742940425873e-02 1.787500950740650296e-04 2.684497740119695663e-03 0.000000000000000000e+00
6.447311170632019639e-05 2.650886599440127611e-04 1.824399805627763271e-04 9.380545088788494468e-05 0.000000000000000000e+00 0.000000000000000000e+00 1.569840096635743976e-04 5.791152216261252761e-05 2.122189471265301108e-04 3.956566215492784977e-04 9.224965469911694527e-04
0.000000000000000000e+00 0.000000000000000000e+00 0.000000000000000000e+00 0.000000000000000000e+00 0.000000000000000000e+00 0.000000000000000000e+00 0.000000000000000000e+00 0.000000000000000000e+00 0.000000000000000000e+00 0.000000000000000000e+00 0.000000000000000000e+00
5.981086287647485733e-03 7.739076856523752213e-03 0.000000000000000000e+00 3.882588120177388191e-03 0.000000000000000000e+00 2.184297423809766769e-03 1.831184024922549725e-03 3.306601895019412041e-03 0.000000000000000000e+00 3.942301496863365173e-03 1.708874013274908066e-03
0.000000000000000000e+00 8.981302380561828613e-03 0.000000000000000000e+00 0.000000000000000000e+00 0.000000000000000000e+00 0.000000000000000000e+00 0.000000000000000000e+00 0.000000000000000000e+00 9.252917021512985229e-03 0.000000000000000000e+00 0.000000000000000000e+00
1.088081207126379013e-02 2.247950062155723572e-02 2.203374542295932770e-02 2.037011645734310150e-02 0.000000000000000000e+00 2.280592545866966248e-02 2.441360056400299072e-02 1.716374047100543976e-02 2.170798182487487793e-02 2.006373368203639984e-02 1.982786878943443298e-02
1.020695175975561142e-02 0.000000000000000000e+00 1.029140222817659378e-02 0.000000000000000000e+00 5.265744775533676147e-02 1.430507982149720192e-03 0.000000000000000000e+00 0.000000000000000000e+00 0.000000000000000000e+00 1.754640834406018257e-03 1.202438212931156158e-02
0.000000000000000000e+00 0.000000000000000000e+00 4.696911673818249255e-06 3.462404492893256247e-06 8.755238923185970634e-06 0.000000000000000000e+00 1.086535235117480624e-06 4.444742444320581853e-06 0.000000000000000000e+00 4.278147116565378383e-06 0.000000000000000000e+00
