0.000000000000000000e+00 1.324466228485107422e+00 1.265387535095214844e+00 0.000000000000000000e+00 0.000000000000000000e+00 0.000000000000000000e+00 0.000000000000000000e+00 6.775345653295516968e-03 0.000000000000000000e+00 0.000000000000000000e+00 0.000000000000000000e+00
4.853834956884384155e-02 0.000000000000000000e+00 2.965576946735382080e-03 1.783536225557327271e-01 0.000000000000000000e+00 5.150365233421325684e-01 7.824766635894775391e-01 2.445777356624603271e-01 0.000000000000000000e+00 3.601257503032684326e-01 1.117235347628593445e-01
0.000000000000000000e+00 5.864384025335311890e-02 0.000000000000000000e+00 2.020799666643142700e-01 2.551620127633213997e-03 1.379492878913879395e-01 7.479959749616682529e-04 0.000000000000000000e+00 1.578712603077292442e-03 2.098601758480072021e-01 0.000000000000000000e+00
2.979440093040466309e-01 0.000000000000000000e+00 3.064484000205993652e-01 9.107115119695663452e-02 1.047614146955311298e-03 5.738611817359924316e-01 2.231569737195968628e-01 5.744521617889404297e-01 7.102803587913513184e-01 1.963909715414047241e-03 1.889453381299972534e-01
9.795321602723561227e-06 8.777856128290295601e-04 2.234758576378226280e-04 3.569037071429193020e-04 0.000000000000000000e+00 6.476421840488910675e-04 7.046114769764244556e-04 2.577225677669048309e-04 6.007886840961873531e-04 1.322223804891109467e-03 2.098780823871493340e-03
0.000000000000000000e+00 0.000000000000000000e+00 3.778663463890552521e-03 0.000000000000000000e+00 0.000000000000000000e+00 1.036214455962181091e-02 0.000000000000000000e+00 4.474247980397194624e-04 0.000000000000000000e+00 2.354875672608613968e-03 1.889070719480514526e-01
2.004330456256866455e-01 1.970748044550418854e-02 0.000000000000000000e+00 9.673693031072616577e-02 1.015731841325759888e-01 1.301584066823124886e-03 4.440202610567212105e-04 1.906455960124731064e-03 2.294030971825122833e-03 2.126311883330345154e-03 2.603435516357421875e-01
0.000000000000000000e+00 3.184613958001136780e-02 2.255670875310897827e-01 0.000000000000000000e+00 1.283565014600753784e-01 1.260567107237875462e-03 1.228056177496910095e-01 1.102318614721298218e-02 3.555571734905242920e-01 1.649352908134460449e-01 1.986508518457412720e-01
0.000000000000000000e+00 1.941307797096669674e-03 1.413470357656478882e-01 0.000000000000000000e+00 0.000000000000000000e+00 7.342744618654251099e-02 9.713925421237945557e-02 0.000000000000000000e+00 1.379823386669158936e-01 1.023002318106591702e-03 0.000000000000000000e+00
7.361435564234852791e-04 5.629502120427787304e-04 2.152197994291782379e-03 0.000000000000000000e+00 2.367017418146133423e-01 2.579171268735080957e-04 0.000000000000000000e+00 0.000000000000000000e+00 6.195986643433570862e-04 0.000000000000000000e+00 3.265438834205269814e-03
0.000000000000000000e+00 5.755578058597166091e-06 2.306939495611004531e-05 9.428596058569382876e-06 3.331921107019297779e-05 0.000000000000000000e+00 9.732942089613061398e-06 1.833447095123119652e-05 4.734936567274417030e-07 1.971696838154457510e-05 3.488425136310979724e-06
