0.000000000000000000e+00 0.000000000000000000e+00 4.450015258044004440e-03 0.000000000000000000e+00 0.000000000000000000e+00 0.000000000000000000e+00 1.437500934116542339e-03 8.236943976953625679e-04 0.000000000000000000e+00 0.000000000000000000e+00 0.000000000000000000e+00
2.383199986070394516e-03 0.000000000000000000e+00 1.729831215925514698e-03 9.477916319156065583e-05 0.000000000000000000e+00 1.634704298339784145e-03 1.063583549694158137e-04 0.000000000000000000e+00 0.000000000000000000e+00 0.000000000000000000e+00 0.000000000000000000e+00
0.000000000000000000e+00 2.226278775196988136e-05 3.791792260017246008e-04 0.000000000000000000e+00 9.709435398690402508e-04 4.294421523809432983e-03 3.098461544141173363e-03 0.000000000000000000e+00 0.000000000000000000e+00 4.221670329570770264e-03 0.000000000000000000e+00
6.643038243055343628e-03 1.455641322536394000e-04 0.000000000000000000e+00 0.000000000000000000e+00 0.000000000000000000e+00 1.389968674629926682e-04 0.000000000000000000e+00 1.290775719098746777e-03 4.277315456420183182e-04 3.937914036214351654e-03 0.000000000000000000e+00
1.356850552838295698e-04 2.794917090795934200e-04 3.533423587214201689e-04 3.264655242674052715e-04 0.000000000000000000e+00 2.620904997456818819e-04 2.970400382764637470e-04 1.845221850089728832e-04 5.175396217964589596e-04 4.344873887021094561e-04 9.646827238611876965e-04
0.000000000000000000e+00 0.000000000000000000e+00 4.377427045255899429e-03 1.651216880418360233e-03 0.000000000000000000e+00 1.528843306005001068e-02 1.268528518266975880e-03 0.000000000000000000e+00 0.000000000000000000e+00 2.864867448806762695e-03 1.965804398059844971e-02
1.506629399955272675e-03 1.036545028910040855e-03 0.000000000000000000e+00 5.348019767552614212e-03 0.000000000000000000e+00 1.713751582428812981e-03 0.000000000000000000e+00 1.614290289580821991e-03 0.000000000000000000e+00 1.768620219081640244e-03 8.615367696620523930e-04
0.000000000000000000e+00 2.668027067556977272e-03 0.000000000000000000e+00 0.000000000000000000e+00 0.000000000000000000e+00 0.000000000000000000e+00 0.000000000000000000e+00 3.743003617273643613e-05 0.000000000000000000e+00 0.000000000000000000e+00 0.000000000000000000e+00
0.000000000000000000e+00 1.905188662931323051e-03 0.000000000000000000e+00 1.803889754228293896e-03 0.000000000000000000e+00 0.000000000000000000e+00 2.065611537545919418e-03 0.000000000000000000e+00 0.000000000000000000e+00 2.774284221231937408e-03 0.000000000000000000e+00
1.039988244883716106e-03 0.000000000000000000e+00 6.944918539375066757e-03 0.000000000000000000e+00 1.412726100534200668e-02 0.000000000000000000e+00 1.694414095254614949e-04 0.000000000000000000e+00 7.618979550898075104e-03 4.355290147941559553e-04 6.992953363806009293e-03
0.000000000000000000e+00 0.000000000000000000e+00 9.361127922602463514e-06 8.587276170146651566e-06 2.353712625335901976e-05 0.000000000000000000e+00 6.599793323402991518e-06 1.286653423449024558e-05 3.941426712117390707e-06 1.261530542251421139e-05 3.973703314841259271e-06
