0.000000000000000000e+00 1.242711907252669334e-03 0.000000000000000000e+00 0.000000000000000000e+00 0.000000000000000000e+00 0.000000000000000000e+00 4.050321411341428757e-03 1.377497974317520857e-04 3.012611297890543938e-03 0.000000000000000000e+00 0.000000000000000000e+00
2.925237640738487244e-04 0.000000000000000000e+00 0.000000000000000000e+00 1.439286512322723866e-03 0.000000000000000000e+00 0.000000000000000000e+00 3.313671797513961792e-03 0.000000000000000000e+00 0.000000000000000000e+00 6.964795175008475780e-04 0.000000000000000000e+00
0.000000000000000000e+00 5.921624600887298584e-03 2.105080056935548782e-03 2.864456619136035442e-04 0.000000000000000000e+00 9.615805931389331818e-03 5.140405613929033279e-03 0.000000000000000000e+00 5.254859570413827896e-03 0.000000000000000000e+00 1.720191445201635361e-03
7.720279507339000702e-03 0.000000000000000000e+00 0.000000000000000000e+00 0.000000000000000000e+00 6.535399006679654121e-05 4.909965209662914276e-03 0.000000000000000000e+00 1.657148473896086216e-03 7.527453359216451645e-03 3.920959308743476868e-03 0.000000000000000000e+00
6.010200377204455435e-05 8.553642692277207971e-05 8.477726805722340941e-05 1.806407672120258212e-04 0.000000000000000000e+00 9.168855467578396201e-05 1.365364878438413143e-04 7.337326678680256009e-05 1.174282660940662026e-04 9.999536268878728151e-05 2.524616138543933630e-04
0.000000000000000000e+00 0.000000000000000000e+00 5.937566980719566345e-03 4.993069451302289963e-03 0.000000000000000000e+00 1.632840372622013092e-02 0.000000000000000000e+00 0.000000000000000000e+00 1.192693482153117657e-03 4.820385016500949860e-03 2.211575210094451904e-02
6.937021389603614807e-04 1.985755283385515213e-03 0.000000000000000000e+00 2.457806607708334923e-03 0.000000000000000000e+00 4.497875459492206573e-03 3.445847891271114349e-03 9.068961371667683125e-04 5.482840817421674728e-03 3.726747119799256325e-03 6.877175532281398773e-03
0.000000000000000000e+00 0.000000000000000000e+00 0.000000000000000000e+00 0.000000000000000000e+00 5.447556613944470882e-04 0.000000000000000000e+00 0.000000000000000000e+00 0.000000000000000000e+00 9.686264675110578537e-04 0.000000000000000000e+00 1.109127071686089039e-03
0.000000000000000000e+00 4.548109427560120821e-04 0.000000000000000000e+00 8.058778475970029831e-04 1.345933647826313972e-03 2.075254684314131737e-03 0.000000000000000000e+00 0.000000000000000000e+00 0.000000000000000000e+00 0.000000000000000000e+00 2.927406923845410347e-03
4.876714199781417847e-03 3.760993015021085739e-03 6.235940847545862198e-03 0.000000000000000000e+00 1.998976059257984161e-02 0.000000000000000000e+00 1.483435393311083317e-03 0.000000000000000000e+00 5.588055122643709183e-03 1.506444299593567848e-03 3.409121651202440262e-03
0.000000000000000000e+00 0.000000000000000000e+00 3.189055860275402665e-06 4.076458992585685337e-07 3.549728489815606736e-06 0.000000000000000000e+00 1.263398416995187290e-06 8.628729233350895811e-07 0.000000000000000000e+00 8.184691182577807922e-07 0.000000000000000000e+00
