0.000000000000000000e+00 0.000000000000000000e+00 2.208343939855694771e-03 0.000000000000000000e+00 0.000000000000000000e+00 0.000000000000000000e+00 4.568444564938545227e-03 5.304506514221429825e-03 1.243149396032094955e-03 0.000000000000000000e+00 0.000000000000000000e+00
3.432470606639981270e-03 0.000000000000000000e+00 9.061877615749835968e-03 1.745438436046242714e-03 0.000000000000000000e+00 4.577916406560689211e-04 5.286986706778407097e-04 0.000000000000000000e+00 0.000000000000000000e+00 0.000000000000000000e+00 0.000000000000000000e+00
0.000000000000000000e+00 4.459762480109930038e-03 3.626161254942417145e-03 0.000000000000000000e+00 2.299770247191190720e-03 3.581369761377573013e-03 0.000000000000000000e+00 0.000000000000000000e+00 0.000000000000000000e+00 9.564010426402091980e-03 2.140389988198876381e-03
3.160007297992706299e-03 0.000000000000000000e+00 0.000000000000000000e+00 0.000000000000000000e+00 7.211978663690388203e-04 2.333882730454206467e-03 0.000000000000000000e+00 5.708674900233745575e-03 1.747255097143352032e-03 3.962749149650335312e-03 0.000000000000000000e+00
0.000000000000000000e+00 9.962889453163370490e-05 0.000000000000000000e+00 4.193460881651844829e-06 0.000000000000000000e+00 6.108526577008888125e-05 1.062461888068355620e-04 4.711665314971469343e-05 5.303088255459442735e-05 8.990640344563871622e-05 3.129500837530940771e-04
0.000000000000000000e+00 0.000000000000000000e+00 6.076782476156949997e-03 0.000000000000000000e+00 0.000000000000000000e+00 1.962415874004364014e-02 1.524651539511978626e-03 4.549019504338502884e-03 0.000000000000000000e+00 5.493645556271076202e-03 2.681078761816024780e-02
7.485790178179740906e-03 0.000000000000000000e+00 1.818594289943575859e-03 0.000000000000000000e+00 6.891900557093322277e-04 5.726435687392950058e-03 4.987820866517722607e-04 1.616494730114936829e-03 5.799280479550361633e-03 1.534014707431197166e-03 0.000000000000000000e+00
0.000000000000000000e+00 0.000000000000000000e+00 0.000000000000000000e+00 0.000000000000000000e+00 1.936225802637636662e-03 0.000000000000000000e+00 0.000000000000000000e+00 0.000000000000000000e+00 5.630528554320335388e-03 0.000000000000000000e+00 0.000000000000000000e+00
0.000000000000000000e+00 0.000000000000000000e+00 4.840040579438209534e-03 0.000000000000000000e+00 0.000000000000000000e+00 0.000000000000000000e+00 2.236211206763982773e-03 0.000000000000000000e+00 3.236736869439482689e-03 1.504910411313176155e-03 2.160294243367388844e-04
9.123593335971236229e-04 0.000000000000000000e+00 8.329709991812705994e-03 0.000000000000000000e+00 2.090426161885261536e-02 0.000000000000000000e+00 1.151403062976896763e-03 0.000000000000000000e+00 2.852693200111389160e-03 0.000000000000000000e+00 5.642399191856384277e-03
0.000000000000000000e+00 0.000000000000000000e+00 1.207716650242218748e-06 3.475214498394052498e-07 2.535454086682875641e-06 0.000000000000000000e+00 1.265891143020780873e-07 8.682154089001414832e-07 0.000000000000000000e+00 1.095066977541137021e-06 0.000000000000000000e+00
