0.000000000000000000e+00 1.361116534098982811e-03 6.957154837436974049e-04 0.000000000000000000e+00 0.000000000000000000e+00 0.000000000000000000e+00 2.292596269398927689e-03 1.778175123035907745e-03 0.000000000000000000e+00 0.000000000000000000e+00 0.000000000000000000e+00
3.686130046844482422e-03 0.000000000000000000e+00 2.330728806555271149e-03 0.000000000000000000e+00 1.383704598993062973e-03 0.000000000000000000e+00 0.000000000000000000e+00 6.456412374973297119e-04 3.882889635860919952e-03 3.350534243509173393e-03 0.000000000000000000e+00
5.515536176972091198e-04 3.358669579029083252e-03 0.000000000000000000e+00 4.436938092112541199e-03 6.612145807594060898e-04 5.655955756083130836e-04 2.324376255273818970e-03 0.000000000000000000e+00 0.000000000000000000e+00 5.971306469291448593e-03 0.000000000000000000e+00
3.860619384795427322e-03 0.000000000000000000e+00 0.000000000000000000e+00 0.000000000000000000e+00 0.000000000000000000e+00 1.253924332559108734e-03 0.000000000000000000e+00 2.857023617252707481e-03 2.754603920038789511e-04 0.000000000000000000e+00 0.000000000000000000e+00
0.000000000000000000e+00 6.468299397965893149e-05 2.087534267047885805e-05 8.820294169709086418e-05 0.000000000000000000e+00 3.362844290677458048e-05 1.111705350922420621e-04 8.546447133994661272e-06 0.000000000000000000e+00 9.689675789559260011e-05 1.815942960092797875e-04
0.000000000000000000e+00 0.000000000000000000e+00 2.446691971272230148e-03 0.000000000000000000e+00 0.000000000000000000e+00 1.391921844333410263e-02 0.000000000000000000e+00 0.000000000000000000e+00 0.000000000000000000e+00 4.681504797190427780e-03 1.977067813277244568e-02
5.929691251367330551e-04 1.179110586235765368e-05 0.000000000000000000e+00 2.204649848863482475e-03 5.965805030427873135e-04 1.636954373680055141e-03 0.000000000000000000e+00 1.804448547773063183e-03 3.300825599581003189e-03 4.565341398119926453e-03 1.607202691957354546e-03
0.000000000000000000e+00 3.506609704345464706e-03 1.903467054944485426e-04 0.000000000000000000e+00 2.090183319523930550e-03 0.000000000000000000e+00 0.000000000000000000e+00 2.650849055498838425e-04 3.026668680831789970e-03 5.374046158976852894e-04 0.000000000000000000e+00
0.000000000000000000e+00 2.664812607690691948e-03 0.000000000000000000e+00 0.000000000000000000e+00 0.000000000000000000e+00 1.283308141864836216e-03 0.000000000000000000e+00 0.000000000000000000e+00 1.232889335369691253e-04 0.000000000000000000e+00 0.000000000000000000e+00
1.498214202001690865e-03 1.053925720043480396e-03 3.649663645774126053e-03 1.360916648991405964e-03 1.403562631458044052e-02 2.509933547116816044e-04 0.000000000000000000e+00 0.000000000000000000e+00 5.224259104579687119e-03 0.000000000000000000e+00 4.979643505066633224e-03
0.000000000000000000e+00 0.000000000000000000e+00 2.384808794886339456e-06 1.659629020878128358e-07 4.822190476261312142e-06 0.000000000000000000e+00 2.414509026493760757e-06 2.434047928545624018e-06 3.158217225518455962e-07 8.858719979798479471e-07 0.000000000000000000e+00
