0.000000000000000000e+00 1.234557759016752243e-02 0.000000000000000000e+00 0.000000000000000000e+00 0.000000000000000000e+00 0.000000000000000000e+00 0.000000000000000000e+00 5.483069457113742828e-03 0.000000000000000000e+00 0.000000000000000000e+00 0.000000000000000000e+00
7.488506380468606949e-03 0.000000000000000000e+00 2.492859726771712303e-03 0.000000000000000000e+00 0.000000000000000000e+00 0.000000000000000000e+00 6.398029159754514694e-03 0.000000000000000000e+00 0.000000000000000000e+00 0.000000000000000000e+00 0.000000000000000000e+00
8.429286535829305649e-04 0.000000000000000000e+00 0.000000000000000000e+00 0.000000000000000000e+00 1.384221110492944717e-02 1.127384044229984283e-02 9.353166446089744568e-03 3.625505836680531502e-03 6.878166459500789642e-04 5.371905397623777390e-03 1.656197942793369293e-03
5.137439817190170288e-03 0.000000000000000000e+00 0.000000000000000000e+00 0.000000000000000000e+00 6.793153937906026840e-03 0.000000000000000000e+00 0.000000000000000000e+00 0.000000000000000000e+00 0.000000000000000000e+00 0.000000000000000000e+00 0.000000000000000000e+00
3.508509689709171653e-05 2.025340108957607299e-05 5.912937194807454944e-05 0.000000000000000000e+00 0.000000000000000000e+00 3.297257717349566519e-05 2.923244664998492226e-06 0.000000000000000000e+00 1.987831274163909256e-05 2.644021333253476769e-05 1.586603757459670305e-04
0.000000000000000000e+00 0.000000000000000000e+00 0.000000000000000000e+00 0.000000000000000000e+00 0.000000000000000000e+00 8.822029922157526016e-04 0.000000000000000000e+00 0.000000000000000000e+00 0.000000000000000000e+00 0.000000000000000000e+00 2.168404344971008868e-19
7.994272746145725250e-03 1.264621736481785774e-03 0.000000000000000000e+00 0.000000000000000000e+00 0.000000000000000000e+00 0.000000000000000000e+00 4.501135088503360748e-03 2.738079521805047989e-03 0.000000000000000000e+00 3.732234472408890724e-03 3.717801999300718307e-03
0.000000000000000000e+00 4.985316656529903412e-03 3.629919141530990601e-03 9.524617053102701902e-05 0.000000000000000000e+00 0.000000000000000000e+00 0.000000000000000000e+00 0.000000000000000000e+00 5.013919901102781296e-03 3.201433457434177399e-03 0.000000000000000000e+00
0.000000000000000000e+00 9.802868589758872986e-03 0.000000000000000000e+00 0.000000000000000000e+00 0.000000000000000000e+00 3.454352729022502899e-03 2.236984670162200928e-03 0.000000000000000000e+00 0.000000000000000000e+00 8.343654684722423553e-03 4.663486965000629425e-03
0.000000000000000000e+00 2.532219281420111656e-03 3.963388502597808838e-03 0.000000000000000000e+00 2.625088766217231750e-02 0.000000000000000000e+00 0.000000000000000000e+00 8.346948772668838501e-03 0.000000000000000000e+00 2.558608772233128548e-03 8.907478302717208862e-03
0.000000000000000000e+00 0.000000000000000000e+00 5.547059913624252658e-07 3.829664194654469611e-07 1.060280396814050619e-06 0.000000000000000000e+00 1.762030166219119565e-07 7.208077477116603404e-07 8.541848046661471017e-07 9.402258456248091534e-07 0.000000000000000000e+00
