0.000000000000000000e+00 0.000000000000000000e+00 0.000000000000000000e+00 0.000000000000000000e+00 0.000000000000000000e+00 0.000000000000000000e+00 0.000000000000000000e+00 5.751382559537887573e-03 0.000000000000000000e+00 0.000000000000000000e+00 0.000000000000000000e+00
8.972730487585067749e-03 0.000000000000000000e+00 2.928399713709950447e-03 0.000000000000000000e+00 0.000000000000000000e+00 0.000000000000000000e+00 0.000000000000000000e+00 0.000000000000000000e+00 1.653573359362781048e-03 3.741628024727106094e-03 0.000000000000000000e+00
0.000000000000000000e+00 5.765000823885202408e-03 0.000000000000000000e+00 0.000000000000000000e+00 8.333376608788967133e-04 1.782732899300754070e-03 1.881005009636282921e-03 0.000000000000000000e+00 0.000000000000000000e+00 4.866088740527629852e-03 1.234831870533525944e-03
2.136531751602888107e-03 1.393596758134663105e-03 0.000000000000000000e+00 7.355132140219211578e-03 2.320358064025640488e-03 2.181117422878742218e-03 1.030998886562883854e-03 3.141560824587941170e-03 1.760139595717191696e-03 0.000000000000000000e+00 5.886160652153193951e-04
1.382078517053741962e-05 1.944152245414443314e-05 2.384012768743559718e-04 1.797992445062845945e-04 0.000000000000000000e+00 1.813235867302864790e-04 2.149583742721006274e-04 0.000000000000000000e+00 7.711782382102683187e-05 3.489802184049040079e-04 4.305912589188665152e-04
0.000000000000000000e+00 0.000000000000000000e+00 0.000000000000000000e+00 0.000000000000000000e+00 0.000000000000000000e+00 0.000000000000000000e+00 0.000000000000000000e+00 0.000000000000000000e+00 0.000000000000000000e+00 0.000000000000000000e+00 0.000000000000000000e+00
3.727451432496309280e-03 1.364184427075088024e-03 0.000000000000000000e+00 4.549222998321056366e-03 0.000000000000000000e+00 2.594948746263980865e-03 0.000000000000000000e+00 5.102958064526319504e-03 0.000000000000000000e+00 5.085432901978492737e-03 1.126854401081800461e-02
0.000000000000000000e+00 5.572735331952571869e-03 0.000000000000000000e+00 2.304533496499061584e-03 4.262606613337993622e-03 0.000000000000000000e+00 0.000000000000000000e+00 5.247879773378372192e-03 4.977528937160968781e-03 0.000000000000000000e+00 0.000000000000000000e+00
7.545205298811197281e-03 0.000000000000000000e+00 4.371931776404380798e-03 0.000000000000000000e+00 0.000000000000000000e+00 4.515987820923328400e-03 9.594481438398361206e-03 0.000000000000000000e+00 0.000000000000000000e+00 0.000000000000000000e+00 2.161379670724272728e-03
7.994942367076873779e-03 1.347113051451742649e-03 7.020214106887578964e-03 0.000000000000000000e+00 3.093200176954269409e-02 0.000000000000000000e+00 0.000000000000000000e+00 0.000000000000000000e+00 2.226400654762983322e-03 0.000000000000000000e+00 1.436381228268146515e-02
0.000000000000000000e+00 0.000000000000000000e+00 2.417821633571293205e-06 1.493199306423775852e-06 4.399987119541037828e-06 0.000000000000000000e+00 0.000000000000000000e+00 0.000000000000000000e+00 0.000000000000000000e+00 0.000000000000000000e+00 0.000000000000000000e+00
