0.000000000000000000e+00 3.811608476098626852e-04 2.549582161009311676e-03 0.000000000000000000e+00 0.000000000000000000e+00 0.000000000000000000e+00 4.753283574245870113e-04 3.558078082278370857e-03 0.000000000000000000e+00 0.000000000000000000e+00 0.000000000000000000e+00
1.733128679916262627e-03 0.000000000000000000e+00 8.306328090839087963e-04 0.000000000000000000e+00 0.000000000000000000e+00 0.000000000000000000e+00 3.236800199374556541e-03 0.000000000000000000e+00 0.000000000000000000e+00 0.000000000000000000e+00 0.000000000000000000e+00
0.000000000000000000e+00 7.046113023534417152e-04 0.000000000000000000e+00 0.000000000000000000e+00 4.182546981610357761e-04 0.000000000000000000e+00 0.000000000000000000e+00 5.228695226833224297e-04 0.000000000000000000e+00 4.879967018496245146e-04 0.000000000000000000e+00
1.600030111148953438e-03 1.695664104772731662e-04 0.000000000000000000e+00 8.365661051357164979e-05 2.521112095564603806e-03 0.000000000000000000e+00 3.357405308634042740e-03 4.218476358801126480e-03 1.577198505401611328e-03 0.000000000000000000e+00 0.000000000000000000e+00
2.618282815092243254e-05 7.863560313126072288e-05 1.174420031020417809e-04 1.206277811434119940e-04 0.000000000000000000e+00 8.754370355745777488e-05 1.158214799943380058e-04 4.082309169461950660e-05 9.782961569726467133e-05 1.469021954108029604e-04 2.327089168829843402e-04
0.000000000000000000e+00 0.000000000000000000e+00 3.030165098607540131e-03 1.501583959907293320e-03 0.000000000000000000e+00 1.167512778192758560e-02 0.000000000000000000e+00 0.000000000000000000e+00 0.000000000000000000e+00 3.216015873476862907e-03 1.925201527774333954e-02
2.119325799867510796e-03 0.000000000000000000e+00 1.342505565844476223e-03 1.968802884221076965e-03 0.000000000000000000e+00 3.232331480830907822e-03 1.347386511042714119e-03 4.456880502402782440e-03 8.618509746156632900e-04 4.759888630360364914e-03 2.621078863739967346e-03
0.000000000000000000e+00 2.968727611005306244e-03 0.000000000000000000e+00 1.620957278646528721e-03 1.355393789708614349e-03 9.571981499902904034e-04 2.205105964094400406e-03 0.000000000000000000e+00 3.542930644471198320e-04 0.000000000000000000e+00 0.000000000000000000e+00
3.791411174461245537e-03 0.000000000000000000e+00 3.306040307506918907e-04 0.000000000000000000e+00 0.000000000000000000e+00 0.000000000000000000e+00 2.624080982059240341e-03 1.498498022556304932e-03 0.000000000000000000e+00 7.422993076033890247e-04 0.000000000000000000e+00
3.626126563176512718e-03 3.432797500863671303e-03 2.741584787145256996e-03 0.000000000000000000e+00 1.199646759778261185e-02 0.000000000000000000e+00 9.532336116535589099e-05 0.000000000000000000e+00 1.103103510104119778e-03 0.000000000000000000e+00 5.242783576250076294e-03
0.000000000000000000e+00 0.000000000000000000e+00 7.212537411760422401e-07 2.904991731611517025e-07 2.045018391072517261e-06 0.000000000000000000e+00 0.000000000000000000e+00 1.428422706339915749e-06 0.000000000000000000e+00 3.580389886792545440e-07 0.000000000000000000e+00
