0.000000000000000000e+00 4.040289670228958130e-03 0.000000000000000000e+00 0.000000000000000000e+00 0.000000000000000000e+00 0.000000000000000000e+00 0.000000000000000000e+00 0.000000000000000000e+00 0.000000000000000000e+00 0.000000000000000000e+00 0.000000000000000000e+00
3.051497333217412233e-04 0.000000000000000000e+00 3.548590233549475670e-03 1.745461922837421298e-04 5.886253202334046364e-04 0.000000000000000000e+00 5.206966307014226913e-03 0.000000000000000000e+00 0.000000000000000000e+00 0.000000000000000000e+00 0.000000000000000000e+00
0.000000000000000000e+00 2.856050559785217047e-04 7.943520322442054749e-04 0.000000000000000000e+00 0.000000000000000000e+00 3.562710015103220940e-03 0.000000000000000000e+00 0.000000000000000000e+00 1.755846547894179821e-03 8.495856076478958130e-03 9.267059154808521271e-03
6.279856897890567780e-03 0.000000000000000000e+00 0.000000000000000000e+00 0.000000000000000000e+00 9.220446459949016571e-03 0.000000000000000000e+00 2.170709893107414246e-03 9.663002565503120422e-03 2.167214872315526009e-03 0.000000000000000000e+00 0.000000000000000000e+00
1.386937801726162434e-04 1.873137807706370950e-04 1.626902376301586628e-04 1.960881490958854556e-04 0.000000000000000000e+00 2.283908834215253592e-04 1.152703334810212255e-04 3.277587893535383046e-05 2.769773418549448252e-04 3.216654586140066385e-04 5.531724891625344753e-04
0.000000000000000000e+00 0.000000000000000000e+00 0.000000000000000000e+00 0.000000000000000000e+00 0.000000000000000000e+00 2.633175812661647797e-03 0.000000000000000000e+00 0.000000000000000000e+00 0.000000000000000000e+00 0.000000000000000000e+00 0.000000000000000000e+00
4.087465349584817886e-03 8.483877405524253845e-03 0.000000000000000000e+00 3.465438960120081902e-03 0.000000000000000000e+00 1.007015351206064224e-02 3.963244147598743439e-03 7.337150163948535919e-03 1.057198457419872284e-02 7.894199341535568237e-03 9.319311939179897308e-03
0.000000000000000000e+00 4.171525128185749054e-03 0.000000000000000000e+00 0.000000000000000000e+00 0.000000000000000000e+00 0.000000000000000000e+00 0.000000000000000000e+00 0.000000000000000000e+00 6.518847309052944183e-03 0.000000000000000000e+00 4.891116172075271606e-03
8.951620548032224178e-04 1.659380854107439518e-03 0.000000000000000000e+00 3.140677465125918388e-03 0.000000000000000000e+00 4.760309820994734764e-05 3.435603110119700432e-03 4.453842062503099442e-03 0.000000000000000000e+00 1.269359490834176540e-03 3.418470500037074089e-03
1.403110567480325699e-02 1.137405633926391602e-02 8.963337168097496033e-03 0.000000000000000000e+00 3.308033570647239685e-02 0.000000000000000000e+00 0.000000000000000000e+00 0.000000000000000000e+00 3.140097716823220253e-03 0.000000000000000000e+00 1.898762187920510769e-03
0.000000000000000000e+00 1.243986162080545910e-06 4.480300503928447142e-06 2.646760322022601031e-06 7.244376320159062743e-06 0.000000000000000000e+00 4.022309440188109875e-06 4.689642537414329126e-06 0.000000000000000000e+00 3.816063326667062938e-06 0.000000000000000000e+00
