0.000000000000000000e+00 0.000000000000000000e+00 0.000000000000000000e+00 0.000000000000000000e+00 0.000000000000000000e+00 0.000000000000000000e+00 6.449440494179725647e-03 7.690444472245872021e-04 9.556676261126995087e-03 0.000000000000000000e+00 0.000000000000000000e+00
5.279165226966142654e-03 0.000000000000000000e+00 1.234157127328217030e-03 7.035643793642520905e-03 0.000000000000000000e+00 0.000000000000000000e+00 3.679117420688271523e-03 0.000000000000000000e+00 0.000000000000000000e+00 0.000000000000000000e+00 3.417434636503458023e-03
0.000000000000000000e+00 2.359571633860468864e-03 0.000000000000000000e+00 5.229228991083800793e-04 4.103932995349168777e-03 5.107089877128601074e-03 6.413660012185573578e-03 0.000000000000000000e+00 2.512422623112797737e-03 7.555010728538036346e-03 5.644412711262702942e-03
1.216334756463766098e-02 0.000000000000000000e+00 0.000000000000000000e+00 0.000000000000000000e+00 0.000000000000000000e+00 0.000000000000000000e+00 0.000000000000000000e+00 7.152535952627658844e-03 2.941510640084743500e-03 6.518830545246601105e-03 0.000000000000000000e+00
3.670349178719334304e-05 1.696235267445445061e-04 2.232603292213752866e-04 5.261052501737140119e-05 0.000000000000000000e+00 1.359440793748944998e-04 9.719590161694213748e-05 6.980777106946334243e-05 1.452503638574853539e-04 2.369248686591163278e-04 5.249652313068509102e-04
0.000000000000000000e+00 0.000000000000000000e+00 0.000000000000000000e+00 0.000000000000000000e+00 0.000000000000000000e+00 5.911950138397514820e-04 0.000000000000000000e+00 0.000000000000000000e+00 0.000000000000000000e+00 0.000000000000000000e+00 0.000000000000000000e+00
8.219189941883087158e-03 1.003291271626949310e-02 2.847639843821525574e-03 6.284788716584444046e-03 0.000000000000000000e+00 2.509310375899076462e-03 0.000000000000000000e+00 0.000000000000000000e+00 1.664464944042265415e-03 0.000000000000000000e+00 0.000000000000000000e+00
0.000000000000000000e+00 0.000000000000000000e+00 0.000000000000000000e+00 0.000000000000000000e+00 3.042631316930055618e-03 0.000000000000000000e+00 0.000000000000000000e+00 4.300003405660390854e-03 0.000000000000000000e+00 0.000000000000000000e+00 2.169355284422636032e-03
0.000000000000000000e+00 0.000000000000000000e+00 9.249753318727016449e-03 0.000000000000000000e+00 0.000000000000000000e+00 1.497478660894557834e-05 4.021556582301855087e-03 9.379652328789234161e-04 0.000000000000000000e+00 5.510230083018541336e-03 1.330115832388401031e-03
1.048349589109420776e-02 7.567646913230419159e-03 5.005975253880023956e-03 0.000000000000000000e+00 2.621333301067352295e-02 0.000000000000000000e+00 7.277092663571238518e-04 0.000000000000000000e+00 1.328211370855569839e-02 3.446774324402213097e-03 5.708253942430019379e-03
0.000000000000000000e+00 6.854778007436834741e-07 2.208046907981042750e-06 8.461977358820149675e-07 4.808240646525518969e-06 0.000000000000000000e+00 1.559316274324373808e-06 2.340728315175510943e-06 6.379030992320622317e-07 1.686257292021764442e-06 0.000000000000000000e+00
