0.000000000000000000e+00 0.000000000000000000e+00 2.187106475830078125e+02 0.000000000000000000e+00 0.000000000000000000e+00 0.000000000000000000e+00 9.740346679687500000e+03 1.203433203125000000e+04 3.295461730957031250e+02 2.633207702636718750e+01 0.000000000000000000e+00
4.395531250000000000e+03 0.000000000000000000e+00 1.705362695312500000e+04 9.001441406250000000e+03 1.247282862663269043e+00 2.013326367187500000e+04 4.790490234375000000e+03 7.292473316192626953e-01 3.633381640625000000e+04 4.531362792968750000e+03 1.039721069335937500e+02
7.313813269138336182e-02 1.328423437500000000e+04 1.027044840157032013e-02 1.399671435356140137e+00 5.128077864646911621e-01 2.916499267578125000e+03 1.181173896789550781e+01 4.549635887145996094e+00 3.961289062500000000e+03 1.015580468750000000e+04 1.006825804710388184e+00
2.843886108398437500e+02 4.255549430847167969e+00 2.127572571453129058e-07 6.333436523437500000e+03 6.201655273437500000e+02 1.981790733337402344e+01 8.765821289062500000e+03 3.165107666015625000e+03 1.291458007812500000e+03 1.210228393554687500e+03 8.039947265625000000e+03
5.047362804412841797e+00 1.185882377624511719e+01 7.647075653076171875e-01 3.222994804382324219e+00 0.000000000000000000e+00 1.519969463348388672e+00 2.669424533843994141e+00 1.102465748786926270e+00 1.221092343330383301e+00 2.045736789703369141e+00 1.990089225769042969e+01
0.000000000000000000e+00 0.000000000000000000e+00 0.000000000000000000e+00 0.000000000000000000e+00 0.000000000000000000e+00 5.317107960581779480e-02 0.000000000000000000e+00 0.000000000000000000e+00 0.000000000000000000e+00 0.000000000000000000e+00 9.505330126557964832e-06
2.700249511718750000e+03 1.648234558105468750e+02 4.578165826387703419e-04 2.014853759765625000e+03 3.562116622924804688e+01 4.294222831726074219e+00 7.418548583984375000e+01 3.899487018585205078e+00 6.568132019042968750e+01 2.099453735351562500e+02 2.301476171875000000e+04
0.000000000000000000e+00 3.600516406250000000e+04 3.771983398437500000e+03 3.346038818359375000e+00 4.947569824218750000e+03 8.836936950683593750e+00 1.481614746093750000e+04 2.067611328125000000e+03 8.112603515625000000e+03 7.027958679199218750e+01 2.881765937805175781e+01
0.000000000000000000e+00 1.223860546875000000e+04 2.500270690917968750e+02 4.183234863281250000e+03 1.028979248046875000e+03 3.000772949218750000e+03 8.996846679687500000e+03 3.225268423557281494e-01 1.158546524047851562e+02 4.669052734375000000e+03 1.209735546875000000e+04
0.000000000000000000e+00 0.000000000000000000e+00 0.000000000000000000e+00 0.000000000000000000e+00 1.772582626342773438e+01 0.000000000000000000e+00 0.000000000000000000e+00 0.000000000000000000e+00 0.000000000000000000e+00 0.000000000000000000e+00 0.000000000000000000e+00
0.000000000000000000e+00 2.385946735739707947e-02 1.479943096637725830e-01 2.773225773125886917e-03 2.099275141954421997e-01 0.000000000000000000e+00 1.064380705356597900e-01 3.689863532781600952e-02 3.491674578981474042e-05 5.339687690138816833e-02 0.000000000000000000e+00
