0.000000000000000000e+00 7.085080724209547043e-03 2.177303889766335487e-03 0.000000000000000000e+00 0.000000000000000000e+00 0.000000000000000000e+00 0.000000000000000000e+00 4.657499084714800119e-04 0.000000000000000000e+00 0.000000000000000000e+00 0.000000000000000000e+00
4.728681873530149460e-03 0.000000000000000000e+00 9.629127569496631622e-03 0.000000000000000000e+00 0.000000000000000000e+00 0.000000000000000000e+00 6.489222869277000427e-03 3.119582543149590492e-03 0.000000000000000000e+00 0.000000000000000000e+00 0.000000000000000000e+00
0.000000000000000000e+00 4.645463079214096069e-03 0.000000000000000000e+00 0.000000000000000000e+00 2.427457831799983978e-03 1.417542714625597000e-02 0.000000000000000000e+00 3.067993093281984329e-03 2.971677342429757118e-03 0.000000000000000000e+00 2.761145588010549545e-04
7.585815154016017914e-03 0.000000000000000000e+00 0.000000000000000000e+00 0.000000000000000000e+00 1.189273595809936523e-02 0.000000000000000000e+00 0.000000000000000000e+00 5.928451195359230042e-03 2.425906859571114182e-05 8.127449546009302139e-04 0.000000000000000000e+00
2.639247686602175236e-04 3.628665581345558167e-04 4.057122569065541029e-04 4.019292537122964859e-04 0.000000000000000000e+00 4.378264129627496004e-04 4.104133404325693846e-04 1.803141931304708123e-04 3.304327256046235561e-04 7.583842379972338676e-04 1.126933260820806026e-03
0.000000000000000000e+00 0.000000000000000000e+00 0.000000000000000000e+00 0.000000000000000000e+00 0.000000000000000000e+00 0.000000000000000000e+00 0.000000000000000000e+00 0.000000000000000000e+00 0.000000000000000000e+00 0.000000000000000000e+00 0.000000000000000000e+00
1.153042307123541832e-03 0.000000000000000000e+00 0.000000000000000000e+00 1.327855745330452919e-03 0.000000000000000000e+00 1.662011491134762764e-03 8.512889966368675232e-03 7.522335741668939590e-03 1.880126423202455044e-03 3.161632223054766655e-03 4.843453934881836176e-04
0.000000000000000000e+00 2.451113192364573479e-03 2.619243925437331200e-03 0.000000000000000000e+00 3.549607470631599426e-03 9.793292265385389328e-04 0.000000000000000000e+00 2.632303221616894007e-04 0.000000000000000000e+00 0.000000000000000000e+00 0.000000000000000000e+00
1.672350335866212845e-03 7.805847562849521637e-03 1.051734783686697483e-03 0.000000000000000000e+00 0.000000000000000000e+00 6.935396231710910797e-03 5.847685970366001129e-03 0.000000000000000000e+00 0.000000000000000000e+00 3.519059857353568077e-03 0.000000000000000000e+00
0.000000000000000000e+00 1.119356974959373474e-02 1.044480502605438232e-02 0.000000000000000000e+00 4.007390141487121582e-02 0.000000000000000000e+00 0.000000000000000000e+00 0.000000000000000000e+00 1.005992176942527294e-03 0.000000000000000000e+00 1.135468855500221252e-02
0.000000000000000000e+00 0.000000000000000000e+00 5.582540779869304970e-06 1.789100565474655014e-06 1.086110842152265832e-05 0.000000000000000000e+00 9.198656698572449386e-07 7.771851414872799069e-06 0.000000000000000000e+00 2.318078713869908825e-06 0.000000000000000000e+00
