0.000000000000000000e+00 3.123797010630369186e-03 0.000000000000000000e+00 0.000000000000000000e+00 0.000000000000000000e+00 0.000000000000000000e+00 6.732823792845010757e-03 0.000000000000000000e+00 1.179570518434047699e-02 0.000000000000000000e+00 0.000000000000000000e+00
6.336969323456287384e-03 0.000000000000000000e+00 0.000000000000000000e+00 0.000000000000000000e+00 0.000000000000000000e+00 0.000000000000000000e+00 2.184844575822353363e-03 6.082712672650814056e-03 1.144254463724792004e-03 0.000000000000000000e+00 0.000000000000000000e+00
0.000000000000000000e+00 2.133413217961788177e-03 0.000000000000000000e+00 7.062450749799609184e-04 4.701826721429824829e-03 6.759408279322087765e-06 8.010079909581691027e-05 0.000000000000000000e+00 0.000000000000000000e+00 3.901959862560033798e-03 0.000000000000000000e+00
5.025989958085119724e-04 3.976692678406834602e-04 4.081872757524251938e-04 0.000000000000000000e+00 2.010222058743238449e-03 0.000000000000000000e+00 0.000000000000000000e+00 8.153682574629783630e-03 9.471022523939609528e-03 3.478172002360224724e-03 0.000000000000000000e+00
2.480886760167777538e-04 4.283524467609822750e-04 3.134753496851772070e-04 4.430678091011941433e-04 0.000000000000000000e+00 4.618435341399163008e-04 3.558374301064759493e-04 5.524513471755199134e-05 1.528895372757688165e-04 5.348283448256552219e-04 8.340024505741894245e-04
0.000000000000000000e+00 0.000000000000000000e+00 0.000000000000000000e+00 0.000000000000000000e+00 0.000000000000000000e+00 0.000000000000000000e+00 0.000000000000000000e+00 0.000000000000000000e+00 0.000000000000000000e+00 0.000000000000000000e+00 0.000000000000000000e+00
5.537100136280059814e-03 0.000000000000000000e+00 0.000000000000000000e+00 0.000000000000000000e+00 0.000000000000000000e+00 1.623475458472967148e-03 0.000000000000000000e+00 0.000000000000000000e+00 6.852471269667148590e-04 0.000000000000000000e+00 8.046117611229419708e-03
0.000000000000000000e+00 0.000000000000000000e+00 0.000000000000000000e+00 0.000000000000000000e+00 5.776407197117805481e-03 0.000000000000000000e+00 0.000000000000000000e+00 0.000000000000000000e+00 0.000000000000000000e+00 2.908162772655487061e-03 1.260878867469727993e-03
0.000000000000000000e+00 0.000000000000000000e+00 6.780042778700590134e-03 0.000000000000000000e+00 0.000000000000000000e+00 4.298794083297252655e-03 8.518414688296616077e-04 0.000000000000000000e+00 0.000000000000000000e+00 2.965383464470505714e-03 3.663004608824849129e-03
9.126662276685237885e-03 5.511505994945764542e-03 5.272930022329092026e-03 0.000000000000000000e+00 2.900472097098827362e-02 0.000000000000000000e+00 0.000000000000000000e+00 0.000000000000000000e+00 3.982346970587968826e-03 0.000000000000000000e+00 5.108778364956378937e-03
0.000000000000000000e+00 0.000000000000000000e+00 5.619753210339695215e-06 6.408710078176227398e-07 8.326645001943688840e-06 0.000000000000000000e+00 6.827388460806105286e-06 5.821922059112694114e-06 0.000000000000000000e+00 2.082622586385696195e-06 0.000000000000000000e+00
