0.000000000000000000e+00 7.683884765625000000e+03 2.577713317871093750e+02 0.000000000000000000e+00 0.000000000000000000e+00 0.000000000000000000e+00 3.970896875000000000e+04 3.141523828125000000e+04 6.816680431365966797e+00 4.494861328125000000e+03 0.000000000000000000e+00
1.754856109619140625e+02 0.000000000000000000e+00 4.557961425781250000e+03 4.482241058349609375e+01 3.291142089843750000e+03 9.339560546875000000e+02 1.421378173828125000e+02 4.497253906250000000e+03 5.668933105468750000e+03 9.448260129829577636e-08 3.792695068359375000e+03
2.928405761718750000e+01 1.783550292968750000e+03 0.000000000000000000e+00 6.869551849365234375e+01 2.163306045532226562e+01 2.083642333984375000e+03 7.363002929687500000e+03 2.258703041076660156e+01 2.602601623535156250e+01 1.515198925781250000e+04 1.605310211181640625e+02
4.014507446289062500e+02 4.619345855712890625e+01 4.237159179687500000e+03 6.737626464843750000e+03 2.191950531005859375e+02 4.236856445312500000e+03 1.138502050781250000e+04 3.576168518066406250e+02 4.131169921875000000e+03 5.310362304687500000e+03 1.114840429687500000e+04
9.339166879653930664e-01 2.322947263717651367e+00 3.372485637664794922e+00 1.527497529983520508e+00 0.000000000000000000e+00 1.274691343307495117e+00 1.653384327888488770e+00 1.488684415817260742e+00 2.258296728134155273e+00 6.904814243316650391e+00 2.417794036865234375e+01
0.000000000000000000e+00 0.000000000000000000e+00 0.000000000000000000e+00 0.000000000000000000e+00 0.000000000000000000e+00 8.385773748159408569e-03 0.000000000000000000e+00 0.000000000000000000e+00 0.000000000000000000e+00 0.000000000000000000e+00 2.299298939760774374e-04
7.811597167968750000e+03 2.980165100097656250e+02 3.044170141220092773e-01 1.574287695312500000e+04 0.000000000000000000e+00 9.524651367187500000e+03 1.492176208496093750e+02 1.892213745117187500e+02 9.405681640625000000e+03 5.673783691406250000e+03 6.362170898437500000e+03
4.222231897443862181e-09 3.599656250000000000e+04 2.918610937500000000e+04 8.698977828025817871e-01 1.619755554199218750e+01 2.143465995788574219e+00 8.807755859375000000e+03 5.612099609375000000e+03 5.073439062500000000e+04 7.960025310516357422e+00 5.393699707031250000e+03
0.000000000000000000e+00 5.883843261718750000e+03 3.427869567871093750e+02 2.389974975585937500e+02 3.110956825480570842e-08 2.803124023437500000e+03 5.757807617187500000e+02 3.216182250976562500e+02 4.411411132812500000e+03 9.203303527832031250e+01 2.812047851562500000e+03
0.000000000000000000e+00 0.000000000000000000e+00 0.000000000000000000e+00 0.000000000000000000e+00 1.832917976379394531e+01 0.000000000000000000e+00 0.000000000000000000e+00 0.000000000000000000e+00 0.000000000000000000e+00 0.000000000000000000e+00 6.622637510299682617e-01
0.000000000000000000e+00 1.649973541498184204e-02 4.623265564441680908e-02 2.052337676286697388e-02 2.982496023178100586e-01 0.000000000000000000e+00 1.566624082624912262e-02 3.770303353667259216e-02 1.479939819546416402e-04 8.493847399950027466e-02 2.484007133318755223e-08
