0.000000000000000000e+00 0.000000000000000000e+00 0.000000000000000000e+00 0.000000000000000000e+00 0.000000000000000000e+00 0.000000000000000000e+00 0.000000000000000000e+00 0.000000000000000000e+00 9.204627131111919880e-04 0.000000000000000000e+00 0.000000000000000000e+00
6.486584898084402084e-03 0.000000000000000000e+00 0.000000000000000000e+00 3.584755118936300278e-03 0.000000000000000000e+00 0.000000000000000000e+00 0.000000000000000000e+00 0.000000000000000000e+00 0.000000000000000000e+00 0.000000000000000000e+00 1.129642827436327934e-03
9.413451189175248146e-04 6.570896133780479431e-03 2.401506062597036362e-03 0.000000000000000000e+00 0.000000000000000000e+00 6.411595270037651062e-03 9.520681342110037804e-04 0.000000000000000000e+00 3.488253802061080933e-03 1.324444543570280075e-03 0.000000000000000000e+00
0.000000000000000000e+00 5.650738021358847618e-04 0.000000000000000000e+00 0.000000000000000000e+00 6.225982215255498886e-03 3.077959991060197353e-04 5.613236688077449799e-03 9.439677000045776367e-03 0.000000000000000000e+00 0.000000000000000000e+00 0.000000000000000000e+00
4.415699368109926581e-05 1.579289673827588558e-04 1.458735059713944793e-04 1.235377276316285133e-04 0.000000000000000000e+00 1.118594373110681772e-04 1.975465784198604524e-05 4.627760426956228912e-05 1.057110275723971426e-04 1.702616136753931642e-04 3.897848364431411028e-04
0.000000000000000000e+00 0.000000000000000000e+00 0.000000000000000000e+00 0.000000000000000000e+00 0.000000000000000000e+00 0.000000000000000000e+00 0.000000000000000000e+00 0.000000000000000000e+00 0.000000000000000000e+00 0.000000000000000000e+00 0.000000000000000000e+00
1.516314339824020863e-03 1.527784974314272404e-03 0.000000000000000000e+00 6.047926144674420357e-04 0.000000000000000000e+00 0.000000000000000000e+00 1.300470251590013504e-02 1.639775233343243599e-03 3.768228227272629738e-03 5.310809239745140076e-03 5.864855367690324783e-03
0.000000000000000000e+00 5.827123299241065979e-03 0.000000000000000000e+00 3.078859590459614992e-04 0.000000000000000000e+00 3.121295012533664703e-03 1.222838531248271465e-03 0.000000000000000000e+00 8.226559497416019440e-03 2.618768950924277306e-03 2.156426897272467613e-03
0.000000000000000000e+00 3.921300172805786133e-03 0.000000000000000000e+00 5.707061383873224258e-03 0.000000000000000000e+00 0.000000000000000000e+00 0.000000000000000000e+00 0.000000000000000000e+00 0.000000000000000000e+00 4.951930022798478603e-04 1.664231764152646065e-03
1.616785535588860512e-03 1.503884792327880859e-03 7.930072024464607239e-03 0.000000000000000000e+00 3.245041146874427795e-02 3.476640675216913223e-03 0.000000000000000000e+00 0.000000000000000000e+00 2.917354926466941833e-03 0.000000000000000000e+00 1.489740982651710510e-02
0.000000000000000000e+00 0.000000000000000000e+00 3.121627059954334982e-06 3.500716445614671102e-07 3.278868007328128442e-06 0.000000000000000000e+00 5.623045922220626380e-07 4.149125629737682175e-07 0.000000000000000000e+00 1.303941303376632277e-06 0.000000000000000000e+00
