0.000000000000000000e+00 0.000000000000000000e+00 1.618763235455844551e-05 0.000000000000000000e+00 0.000000000000000000e+00 0.000000000000000000e+00 5.876515526324510574e-03 2.855179598554968834e-03 0.000000000000000000e+00 0.000000000000000000e+00 0.000000000000000000e+00
7.060677307890728116e-05 0.000000000000000000e+00 3.480762708932161331e-03 3.588728373870253563e-03 6.349356845021247864e-03 0.000000000000000000e+00 0.000000000000000000e+00 7.979959249496459961e-03 5.296777817420661449e-04 0.000000000000000000e+00 2.227745018899440765e-03
0.000000000000000000e+00 3.972190432250499725e-03 3.343058750033378601e-03 2.608082024380564690e-03 0.000000000000000000e+00 1.367764640599489212e-02 5.988141521811485291e-03 0.000000000000000000e+00 7.211968302726745605e-03 1.079308334738016129e-02 1.744666369631886482e-03
5.621422547847032547e-03 0.000000000000000000e+00 0.000000000000000000e+00 0.000000000000000000e+00 7.757702842354774475e-03 3.088220022618770599e-03 7.716866675764322281e-04 3.114459337666630745e-03 7.046376820653676987e-03 7.540293037891387939e-03 0.000000000000000000e+00
0.000000000000000000e+00 1.382344344165176153e-04 2.166617487091571093e-04 2.963753941003233194e-04 0.000000000000000000e+00 1.939477660926058888e-04 1.029811974149197340e-04 1.381411711918190122e-04 1.060210342984646559e-04 4.005128575954586267e-04 8.494643261656165123e-04
0.000000000000000000e+00 0.000000000000000000e+00 0.000000000000000000e+00 0.000000000000000000e+00 0.000000000000000000e+00 2.217228291556239128e-03 0.000000000000000000e+00 0.000000000000000000e+00 0.000000000000000000e+00 0.000000000000000000e+00 0.000000000000000000e+00
1.096586044877767563e-02 0.000000000000000000e+00 0.000000000000000000e+00 0.000000000000000000e+00 0.000000000000000000e+00 8.394901640713214874e-03 0.000000000000000000e+00 1.057063043117523193e-02 9.211709722876548767e-03 7.313853595405817032e-03 3.446486080065369606e-03
0.000000000000000000e+00 0.000000000000000000e+00 5.395018495619297028e-03 0.000000000000000000e+00 3.196787089109420776e-03 0.000000000000000000e+00 3.165461588650941849e-03 1.312907552346587181e-03 1.399230305105447769e-02 0.000000000000000000e+00 2.966066356748342514e-03
0.000000000000000000e+00 0.000000000000000000e+00 0.000000000000000000e+00 0.000000000000000000e+00 0.000000000000000000e+00 1.323740725638344884e-04 0.000000000000000000e+00 3.033851971849799156e-03 1.316765672527253628e-03 0.000000000000000000e+00 7.431583479046821594e-03
1.273847464472055435e-02 6.185484584420919418e-03 5.088838282972574234e-03 0.000000000000000000e+00 4.212461784482002258e-02 7.685785181820392609e-03 0.000000000000000000e+00 1.143056200817227364e-03 1.073118858039379120e-02 0.000000000000000000e+00 6.728345528244972229e-03
0.000000000000000000e+00 9.879723847916466184e-07 5.723261892853770405e-06 1.508794866822427139e-06 1.154629171651322395e-05 0.000000000000000000e+00 4.842127054871525615e-06 4.780180006491718814e-06 0.000000000000000000e+00 1.146937265161795949e-07 0.000000000000000000e+00
