0.000000000000000000e+00 0.000000000000000000e+00 1.197419012896716595e-03 0.000000000000000000e+00 0.000000000000000000e+00 0.000000000000000000e+00 1.876702532172203064e-03 1.692653982900083065e-03 0.000000000000000000e+00 1.421444234438240528e-03 0.000000000000000000e+00
1.055537350475788116e-02 0.000000000000000000e+00 2.452425251249223948e-04 1.731498981826007366e-03 1.194468699395656586e-03 0.000000000000000000e+00 0.000000000000000000e+00 0.000000000000000000e+00 1.234852010384202003e-03 0.000000000000000000e+00 3.849167376756668091e-03
0.000000000000000000e+00 0.000000000000000000e+00 0.000000000000000000e+00 8.473838679492473602e-04 8.346170186996459961e-03 0.000000000000000000e+00 4.833268932998180389e-03 0.000000000000000000e+00 0.000000000000000000e+00 4.099923651665449142e-03 0.000000000000000000e+00
6.295906379818916321e-03 2.997763920575380325e-03 0.000000000000000000e+00 2.875949721783399582e-03 0.000000000000000000e+00 2.062258077785372734e-03 3.010075539350509644e-03 1.747517962940037251e-03 0.000000000000000000e+00 0.000000000000000000e+00 0.000000000000000000e+00
1.119120861403644085e-04 1.221979473484680057e-04 1.958762441063299775e-04 5.120354398968629539e-05 0.000000000000000000e+00 1.397650194121524692e-04 1.266465260414406657e-04 2.503950963728129864e-05 1.273849338758736849e-04 2.022375119850039482e-04 4.475522437132894993e-04
0.000000000000000000e+00 0.000000000000000000e+00 0.000000000000000000e+00 0.000000000000000000e+00 0.000000000000000000e+00 5.628091748803853989e-04 0.000000000000000000e+00 0.000000000000000000e+00 0.000000000000000000e+00 0.000000000000000000e+00 0.000000000000000000e+00
0.000000000000000000e+00 2.031408948823809624e-03 0.000000000000000000e+00 2.224958268925547600e-03 0.000000000000000000e+00 0.000000000000000000e+00 1.201260820380412042e-04 0.000000000000000000e+00 0.000000000000000000e+00 1.139620551839470863e-03 3.509348491206765175e-03
0.000000000000000000e+00 0.000000000000000000e+00 0.000000000000000000e+00 0.000000000000000000e+00 0.000000000000000000e+00 0.000000000000000000e+00 0.000000000000000000e+00 1.119999913498759270e-03 3.330319421365857124e-03 0.000000000000000000e+00 0.000000000000000000e+00
0.000000000000000000e+00 7.964411750435829163e-03 5.941418930888175964e-03 0.000000000000000000e+00 0.000000000000000000e+00 7.327938452363014221e-03 6.399573758244514465e-04 0.000000000000000000e+00 0.000000000000000000e+00 0.000000000000000000e+00 3.177754813805222511e-03
5.177970509976148605e-03 1.178904203698039055e-03 9.781889617443084717e-03 0.000000000000000000e+00 2.457755245268344879e-02 0.000000000000000000e+00 0.000000000000000000e+00 0.000000000000000000e+00 1.330190920270979404e-03 8.774151501711457968e-05 1.168437302112579346e-02
0.000000000000000000e+00 0.000000000000000000e+00 1.499827931183972396e-06 0.000000000000000000e+00 5.844417501066345721e-06 0.000000000000000000e+00 0.000000000000000000e+00 0.000000000000000000e+00 0.000000000000000000e+00 1.271772134714410640e-06 0.000000000000000000e+00
