0.000000000000000000e+00 1.889505074359476566e-03 9.549542330205440521e-03 0.000000000000000000e+00 0.000000000000000000e+00 0.000000000000000000e+00 0.000000000000000000e+00 2.894952194765210152e-03 0.000000000000000000e+00 0.000000000000000000e+00 0.000000000000000000e+00
1.379822473973035812e-02 0.000000000000000000e+00 1.099439524114131927e-02 0.000000000000000000e+00 0.000000000000000000e+00 0.000000000000000000e+00 2.979593118652701378e-03 6.043481174856424332e-03 2.366935834288597107e-03 0.000000000000000000e+00 0.000000000000000000e+00
0.000000000000000000e+00 8.697204291820526123e-03 0.000000000000000000e+00 4.566140938550233841e-03 0.000000000000000000e+00 6.060766987502574921e-03 4.439522046595811844e-03 0.000000000000000000e+00 0.000000000000000000e+00 1.636757981032133102e-03 0.000000000000000000e+00
1.248373743146657944e-02 4.856755957007408142e-03 0.000000000000000000e+00 0.000000000000000000e+00 5.979749839752912521e-03 1.658817745919805020e-05 6.326335482299327850e-03 1.465495489537715912e-02 4.522756673395633698e-03 0.000000000000000000e+00 0.000000000000000000e+00
7.227418245747685432e-05 2.904978173319250345e-04 2.244183560833334923e-04 2.059153484879061580e-04 0.000000000000000000e+00 1.994207123061642051e-04 7.257151446538046002e-05 2.019564562942832708e-04 2.033680502790957689e-04 5.027113948017358780e-04 8.986360626295208931e-04
0.000000000000000000e+00 0.000000000000000000e+00 0.000000000000000000e+00 0.000000000000000000e+00 0.000000000000000000e+00 0.000000000000000000e+00 0.000000000000000000e+00 0.000000000000000000e+00 0.000000000000000000e+00 0.000000000000000000e+00 5.129969795234501362e-04
6.941416300833225250e-03 8.147664368152618408e-03 0.000000000000000000e+00 6.743122823536396027e-03 0.000000000000000000e+00 2.953310264274477959e-03 6.018473766744136810e-03 8.450950495898723602e-03 6.409656722098588943e-03 7.124672178179025650e-03 0.000000000000000000e+00
0.000000000000000000e+00 1.536369323730468750e-02 0.000000000000000000e+00 0.000000000000000000e+00 2.743124729022383690e-03 1.076804008334875107e-03 0.000000000000000000e+00 0.000000000000000000e+00 4.304245114326477051e-03 0.000000000000000000e+00 0.000000000000000000e+00
0.000000000000000000e+00 7.144724950194358826e-04 0.000000000000000000e+00 1.015898422338068485e-03 0.000000000000000000e+00 2.442355966195464134e-03 1.134566031396389008e-02 0.000000000000000000e+00 0.000000000000000000e+00 1.274942886084318161e-03 1.548875239677727222e-03
5.673958803527057171e-04 0.000000000000000000e+00 8.205593563616275787e-03 0.000000000000000000e+00 4.439273104071617126e-02 0.000000000000000000e+00 0.000000000000000000e+00 0.000000000000000000e+00 8.477536030113697052e-03 4.995361901819705963e-03 6.105710752308368683e-03
0.000000000000000000e+00 2.211086894021718763e-06 1.138976585934869945e-05 1.024614630296127871e-05 1.566124956298153847e-05 0.000000000000000000e+00 7.593682767037535086e-06 7.314753020182251930e-06 7.226310003716207575e-07 9.630530257709324360e-06 0.000000000000000000e+00
