0.000000000000000000e+00 0.000000000000000000e+00 2.046562964096665382e-03 0.000000000000000000e+00 0.000000000000000000e+00 0.000000000000000000e+00 3.187238704413175583e-03 5.247585009783506393e-03 0.000000000000000000e+00 0.000000000000000000e+00 0.000000000000000000e+00
2.912847790867090225e-03 0.000000000000000000e+00 0.000000000000000000e+00 0.000000000000000000e+00 2.959130797535181046e-04 0.000000000000000000e+00 1.744670909829437733e-03 0.000000000000000000e+00 0.000000000000000000e+00 0.000000000000000000e+00 3.937562461942434311e-03
0.000000000000000000e+00 1.346285082399845123e-02 9.047525236383080482e-04 2.548960037529468536e-03 0.000000000000000000e+00 0.000000000000000000e+00 0.000000000000000000e+00 0.000000000000000000e+00 4.056835081428289413e-03 5.942700430750846863e-03 0.000000000000000000e+00
0.000000000000000000e+00 0.000000000000000000e+00 0.000000000000000000e+00 0.000000000000000000e+00 5.108493380248546600e-03 0.000000000000000000e+00 2.715729642659425735e-03 3.508083289489150047e-03 7.499175146222114563e-03 0.000000000000000000e+00 0.000000000000000000e+00
0.000000000000000000e+00 1.255008828593418002e-04 1.180908511742018163e-04 1.375844440190121531e-04 0.000000000000000000e+00 9.825023880694061518e-05 7.890984852565452456e-05 0.000000000000000000e+00 3.048317739740014076e-05 2.854900376405566931e-04 3.424572350922971964e-04
0.000000000000000000e+00 0.000000000000000000e+00 0.000000000000000000e+00 0.000000000000000000e+00 0.000000000000000000e+00 0.000000000000000000e+00 0.000000000000000000e+00 0.000000000000000000e+00 0.000000000000000000e+00 0.000000000000000000e+00 0.000000000000000000e+00
6.304777693003416061e-03 6.627960829064249992e-05 0.000000000000000000e+00 0.000000000000000000e+00 0.000000000000000000e+00 2.459069481119513512e-03 1.898241898743435740e-04 5.705938208848237991e-03 1.014396455138921738e-02 3.174852347001433372e-03 8.317274972796440125e-03
0.000000000000000000e+00 1.061712950468063354e-02 5.627231672406196594e-03 0.000000000000000000e+00 0.000000000000000000e+00 6.086249370127916336e-03 0.000000000000000000e+00 0.000000000000000000e+00 6.786881480365991592e-03 0.000000000000000000e+00 9.112412109971046448e-03
3.878346877172589302e-03 0.000000000000000000e+00 0.000000000000000000e+00 0.000000000000000000e+00 0.000000000000000000e+00 0.000000000000000000e+00 1.123462803661823273e-02 1.629200764000415802e-03 0.000000000000000000e+00 0.000000000000000000e+00 0.000000000000000000e+00
2.543265698477625847e-03 3.271147375926375389e-03 5.266807274892926216e-04 0.000000000000000000e+00 3.276894986629486084e-02 7.272831164300441742e-03 0.000000000000000000e+00 0.000000000000000000e+00 4.926594439893960953e-03 0.000000000000000000e+00 1.452744007110595703e-02
0.000000000000000000e+00 0.000000000000000000e+00 1.274455144084640779e-06 0.000000000000000000e+00 2.618913867991068400e-06 0.000000000000000000e+00 0.000000000000000000e+00 1.670057486080622766e-06 0.000000000000000000e+00 1.377750322717474774e-07 0.000000000000000000e+00
