0.000000000000000000e+00 7.172639947384595871e-03 1.075432263314723969e-02 0.000000000000000000e+00 0.000000000000000000e+00 0.000000000000000000e+00 1.086707226932048798e-03 9.934537112712860107e-03 0.000000000000000000e+00 0.000000000000000000e+00 0.000000000000000000e+00
5.695890635251998901e-03 0.000000000000000000e+00 1.794240251183509827e-02 1.100461347959935665e-03 0.000000000000000000e+00 0.000000000000000000e+00 5.892287474125623703e-03 9.809146635234355927e-03 0.000000000000000000e+00 0.000000000000000000e+00 6.166504463180899620e-04
0.000000000000000000e+00 5.595405586063861847e-03 0.000000000000000000e+00 0.000000000000000000e+00 1.440213294699788094e-03 5.209814757108688354e-03 7.870553061366081238e-03 0.000000000000000000e+00 4.060605540871620178e-03 6.650940515100955963e-03 2.912840573117136955e-04
7.703781593590974808e-03 4.418862052261829376e-03 0.000000000000000000e+00 0.000000000000000000e+00 4.529201425611972809e-03 0.000000000000000000e+00 8.332372526638209820e-04 1.736930198967456818e-02 4.695690702646970749e-03 3.005723003298044205e-03 0.000000000000000000e+00
0.000000000000000000e+00 2.042241103481501341e-04 9.928573126671835780e-05 1.393597049172967672e-04 0.000000000000000000e+00 1.834509894251823425e-04 1.295491238124668598e-04 0.000000000000000000e+00 2.163820463465526700e-04 4.683278093580156565e-04 7.623126148246228695e-04
0.000000000000000000e+00 0.000000000000000000e+00 0.000000000000000000e+00 0.000000000000000000e+00 0.000000000000000000e+00 0.000000000000000000e+00 0.000000000000000000e+00 0.000000000000000000e+00 0.000000000000000000e+00 0.000000000000000000e+00 0.000000000000000000e+00
1.088785752654075623e-02 5.295187234878540039e-03 0.000000000000000000e+00 0.000000000000000000e+00 0.000000000000000000e+00 2.036366146057844162e-03 9.870226494967937469e-03 0.000000000000000000e+00 4.023630172014236450e-03 9.567521512508392334e-03 0.000000000000000000e+00
0.000000000000000000e+00 0.000000000000000000e+00 0.000000000000000000e+00 0.000000000000000000e+00 0.000000000000000000e+00 0.000000000000000000e+00 0.000000000000000000e+00 0.000000000000000000e+00 4.699389450252056122e-03 0.000000000000000000e+00 2.013288671150803566e-03
0.000000000000000000e+00 1.376240397803485394e-03 0.000000000000000000e+00 0.000000000000000000e+00 0.000000000000000000e+00 0.000000000000000000e+00 7.853083312511444092e-03 5.259959492832422256e-03 0.000000000000000000e+00 0.000000000000000000e+00 9.077196009457111359e-03
2.051098505035042763e-03 6.338141974993050098e-04 3.378106048330664635e-03 0.000000000000000000e+00 4.256751015782356262e-02 0.000000000000000000e+00 0.000000000000000000e+00 1.170168630778789520e-03 1.347141247242689133e-02 0.000000000000000000e+00 8.047237060964107513e-03
0.000000000000000000e+00 0.000000000000000000e+00 4.981667643733089790e-06 3.702300318764173426e-06 7.910097338026389480e-06 0.000000000000000000e+00 3.012649813172174618e-06 3.450258873272105120e-06 9.340744213659490924e-07 5.758610768680227920e-06 0.000000000000000000e+00
