0.000000000000000000e+00 0.000000000000000000e+00 2.378916600719094276e-03 0.000000000000000000e+00 0.000000000000000000e+00 0.000000000000000000e+00 6.788954604417085648e-03 0.000000000000000000e+00 0.000000000000000000e+00 0.000000000000000000e+00 0.000000000000000000e+00
9.502412751317024231e-03 0.000000000000000000e+00 0.000000000000000000e+00 6.673214957118034363e-03 0.000000000000000000e+00 4.053500597365200520e-04 5.587357445620000362e-04 0.000000000000000000e+00 0.000000000000000000e+00 0.000000000000000000e+00 0.000000000000000000e+00
0.000000000000000000e+00 1.502826064825057983e-02 1.005827356129884720e-02 6.281235720962285995e-03 0.000000000000000000e+00 0.000000000000000000e+00 0.000000000000000000e+00 0.000000000000000000e+00 9.237527847290039062e-04 4.164920188486576080e-03 4.992742324247956276e-04
2.533065853640437126e-03 0.000000000000000000e+00 0.000000000000000000e+00 0.000000000000000000e+00 5.904650897718966007e-04 0.000000000000000000e+00 0.000000000000000000e+00 6.607445422559976578e-03 5.345452882465906441e-05 0.000000000000000000e+00 0.000000000000000000e+00
0.000000000000000000e+00 1.209379479405470192e-04 0.000000000000000000e+00 2.985024475492537022e-04 0.000000000000000000e+00 1.553976035211235285e-04 1.122130997828207910e-04 2.743484947131946683e-05 2.873374251066707075e-05 2.480017719790339470e-04 3.636585897766053677e-04
0.000000000000000000e+00 0.000000000000000000e+00 0.000000000000000000e+00 0.000000000000000000e+00 0.000000000000000000e+00 0.000000000000000000e+00 0.000000000000000000e+00 0.000000000000000000e+00 0.000000000000000000e+00 0.000000000000000000e+00 0.000000000000000000e+00
1.200138125568628311e-02 5.573391448706388474e-03 3.072320017963647842e-03 0.000000000000000000e+00 0.000000000000000000e+00 6.526278797537088394e-03 4.108416382223367691e-03 0.000000000000000000e+00 1.039613038301467896e-02 7.615446113049983978e-03 9.912152774631977081e-03
0.000000000000000000e+00 1.304764859378337860e-02 0.000000000000000000e+00 0.000000000000000000e+00 0.000000000000000000e+00 0.000000000000000000e+00 1.232923939824104309e-03 0.000000000000000000e+00 6.531391991302371025e-04 0.000000000000000000e+00 3.056414425373077393e-03
0.000000000000000000e+00 5.713437683880329132e-03 0.000000000000000000e+00 0.000000000000000000e+00 0.000000000000000000e+00 0.000000000000000000e+00 4.876786842942237854e-03 6.766355130821466446e-03 0.000000000000000000e+00 0.000000000000000000e+00 5.218633450567722321e-03
0.000000000000000000e+00 0.000000000000000000e+00 5.995099898427724838e-03 0.000000000000000000e+00 2.689870819449424744e-02 3.239968093112111092e-03 0.000000000000000000e+00 0.000000000000000000e+00 5.047859624028205872e-03 7.322914898395538330e-03 9.176306426525115967e-03
0.000000000000000000e+00 7.992188670868927147e-07 2.294806790814618580e-06 6.374135637088329531e-07 4.162925961281871423e-06 0.000000000000000000e+00 2.458638846292160451e-06 2.415316657788935117e-06 5.920178480778304220e-08 2.007177727136877365e-06 0.000000000000000000e+00
