0.000000000000000000e+00 2.376785269007086754e-03 3.712334670126438141e-03 0.000000000000000000e+00 0.000000000000000000e+00 0.000000000000000000e+00 0.000000000000000000e+00 3.091078950092196465e-03 8.322155103087425232e-03 0.000000000000000000e+00 0.000000000000000000e+00
5.758647806942462921e-03 0.000000000000000000e+00 4.765633028000593185e-03 5.433047190308570862e-03 0.000000000000000000e+00 0.000000000000000000e+00 6.334729492664337158e-03 2.115608425810933113e-03 0.000000000000000000e+00 0.000000000000000000e+00 3.246227279305458069e-04
2.980219433084130287e-03 2.527523087337613106e-03 0.000000000000000000e+00 3.802213759627193213e-04 0.000000000000000000e+00 1.039474271237850189e-02 4.171562381088733673e-03 0.000000000000000000e+00 5.547524429857730865e-03 6.589278578758239746e-03 0.000000000000000000e+00
5.844257306307554245e-03 0.000000000000000000e+00 0.000000000000000000e+00 0.000000000000000000e+00 5.102757830172777176e-03 0.000000000000000000e+00 0.000000000000000000e+00 8.008252829313278198e-03 0.000000000000000000e+00 5.049962084740400314e-03 0.000000000000000000e+00
0.000000000000000000e+00 2.095835516229271889e-04 2.023356209974735975e-04 1.384586266794940457e-05 0.000000000000000000e+00 1.751538657117635012e-04 4.737812196253798902e-05 7.431872654706239700e-05 5.977222099318169057e-05 1.333062245976179838e-04 6.332768243737518787e-04
0.000000000000000000e+00 0.000000000000000000e+00 0.000000000000000000e+00 0.000000000000000000e+00 0.000000000000000000e+00 4.801042377948760986e-03 0.000000000000000000e+00 0.000000000000000000e+00 0.000000000000000000e+00 0.000000000000000000e+00 0.000000000000000000e+00
1.181206759065389633e-02 0.000000000000000000e+00 0.000000000000000000e+00 0.000000000000000000e+00 0.000000000000000000e+00 2.966801635921001434e-03 6.108266534283757210e-04 0.000000000000000000e+00 1.445114612579345703e-03 1.875046524219214916e-03 0.000000000000000000e+00
0.000000000000000000e+00 0.000000000000000000e+00 0.000000000000000000e+00 0.000000000000000000e+00 4.316541831940412521e-03 0.000000000000000000e+00 0.000000000000000000e+00 1.057115569710731506e-02 2.681104466319084167e-03 0.000000000000000000e+00 0.000000000000000000e+00
0.000000000000000000e+00 0.000000000000000000e+00 5.473256111145019531e-03 0.000000000000000000e+00 0.000000000000000000e+00 0.000000000000000000e+00 2.023573732003569603e-03 0.000000000000000000e+00 0.000000000000000000e+00 2.611199859529733658e-03 3.517026547342538834e-03
3.215859876945614815e-03 7.771102711558341980e-03 1.217215415090322495e-02 0.000000000000000000e+00 2.711697109043598175e-02 7.158937398344278336e-03 4.832101054489612579e-03 5.759226158261299133e-03 8.950392715632915497e-03 0.000000000000000000e+00 7.981643080711364746e-03
0.000000000000000000e+00 0.000000000000000000e+00 1.091840567823965102e-05 3.145536993542918935e-06 1.267225979972863570e-05 0.000000000000000000e+00 3.625961198849836364e-06 7.037920568109257147e-06 0.000000000000000000e+00 8.699187674210406840e-06 0.000000000000000000e+00
