0.000000000000000000e+00 1.081268675625324249e-02 8.727197535336017609e-03 0.000000000000000000e+00 0.000000000000000000e+00 0.000000000000000000e+00 1.918031461536884308e-02 0.000000000000000000e+00 0.000000000000000000e+00 0.000000000000000000e+00 0.000000000000000000e+00
1.542016398161649704e-02 0.000000000000000000e+00 8.237353526055812836e-03 1.389233488589525223e-02 0.000000000000000000e+00 0.000000000000000000e+00 2.142614684998989105e-03 0.000000000000000000e+00 0.000000000000000000e+00 0.000000000000000000e+00 0.000000000000000000e+00
3.536775941029191017e-03 1.225849427282810211e-02 0.000000000000000000e+00 7.241046521812677383e-03 9.039170108735561371e-03 2.064360072836279869e-03 6.352517288178205490e-03 0.000000000000000000e+00 0.000000000000000000e+00 0.000000000000000000e+00 8.332066237926483154e-03
1.679260469973087311e-02 6.329642492346465588e-04 0.000000000000000000e+00 0.000000000000000000e+00 0.000000000000000000e+00 1.844912883825600147e-03 6.840188056230545044e-03 1.583036594092845917e-02 0.000000000000000000e+00 5.287912674248218536e-03 0.000000000000000000e+00
1.165745052276179194e-04 3.299437521491199732e-04 2.129118220182135701e-04 3.254249750170856714e-04 0.000000000000000000e+00 2.742394863162189722e-04 3.724156995303928852e-04 2.141996083082631230e-04 4.359698214102536440e-04 3.685872652567923069e-04 6.859974237158894539e-04
0.000000000000000000e+00 0.000000000000000000e+00 0.000000000000000000e+00 0.000000000000000000e+00 0.000000000000000000e+00 0.000000000000000000e+00 0.000000000000000000e+00 0.000000000000000000e+00 0.000000000000000000e+00 0.000000000000000000e+00 0.000000000000000000e+00
1.732685253955423832e-03 1.131636835634708405e-02 0.000000000000000000e+00 1.231079571880400181e-03 0.000000000000000000e+00 4.581925459206104279e-03 1.218987978063523769e-03 0.000000000000000000e+00 1.011272426694631577e-02 7.336947019211947918e-04 1.889386447146534920e-03
0.000000000000000000e+00 1.305455807596445084e-02 0.000000000000000000e+00 0.000000000000000000e+00 0.000000000000000000e+00 2.813795348629355431e-03 0.000000000000000000e+00 0.000000000000000000e+00 5.714774597436189651e-03 0.000000000000000000e+00 2.768619218841195107e-03
0.000000000000000000e+00 6.919280276633799076e-04 3.025031648576259613e-03 0.000000000000000000e+00 0.000000000000000000e+00 0.000000000000000000e+00 2.866733411792665720e-04 6.700944155454635620e-03 0.000000000000000000e+00 0.000000000000000000e+00 3.534047631546854973e-03
1.975041581317782402e-03 5.482522305101156235e-03 2.173818275332450867e-02 0.000000000000000000e+00 3.626403585076332092e-02 0.000000000000000000e+00 0.000000000000000000e+00 0.000000000000000000e+00 8.687861263751983643e-03 2.243166090920567513e-03 1.092071365565061569e-02
0.000000000000000000e+00 0.000000000000000000e+00 8.423106919508427382e-06 3.808315113928983919e-06 1.179644550575176254e-05 0.000000000000000000e+00 3.037393526028608903e-06 4.056029865751042962e-06 3.181831289111869410e-06 6.776858299417654052e-06 0.000000000000000000e+00
