0.000000000000000000e+00 0.000000000000000000e+00 5.341778160072863102e-04 0.000000000000000000e+00 0.000000000000000000e+00 0.000000000000000000e+00 0.000000000000000000e+00 1.805095118470489979e-03 0.000000000000000000e+00 0.000000000000000000e+00 0.000000000000000000e+00
1.201904192566871643e-02 0.000000000000000000e+00 4.929701797664165497e-03 4.073001910001039505e-03 0.000000000000000000e+00 0.000000000000000000e+00 6.584368180483579636e-03 0.000000000000000000e+00 0.000000000000000000e+00 0.000000000000000000e+00 0.000000000000000000e+00
0.000000000000000000e+00 1.358233299106359482e-02 2.884935121983289719e-03 0.000000000000000000e+00 1.254560076631605625e-03 0.000000000000000000e+00 0.000000000000000000e+00 0.000000000000000000e+00 1.883867895230650902e-03 7.592223118990659714e-04 0.000000000000000000e+00
5.923235788941383362e-03 0.000000000000000000e+00 0.000000000000000000e+00 3.411501646041870117e-03 0.000000000000000000e+00 4.538728855550289154e-03 2.585196634754538536e-03 4.323048982769250870e-03 0.000000000000000000e+00 0.000000000000000000e+00 0.000000000000000000e+00
0.000000000000000000e+00 1.260676799574866891e-04 7.688879122724756598e-05 6.839763227617368102e-05 0.000000000000000000e+00 1.946267184393946081e-05 5.294103902997449040e-05 1.175876968773081899e-04 3.102991831838153303e-05 1.414567814208567142e-04 2.814361068885773420e-04
0.000000000000000000e+00 0.000000000000000000e+00 0.000000000000000000e+00 0.000000000000000000e+00 0.000000000000000000e+00 1.053951680660247803e-03 0.000000000000000000e+00 0.000000000000000000e+00 0.000000000000000000e+00 0.000000000000000000e+00 0.000000000000000000e+00
1.053760293871164322e-02 6.079755723476409912e-03 0.000000000000000000e+00 6.839288864284753799e-03 3.630953375250101089e-03 1.302375574596226215e-03 8.433980867266654968e-03 5.418986547738313675e-03 5.486567504703998566e-03 0.000000000000000000e+00 2.296869410201907158e-03
0.000000000000000000e+00 8.219440467655658722e-03 0.000000000000000000e+00 0.000000000000000000e+00 0.000000000000000000e+00 3.027556231245398521e-03 5.715455859899520874e-03 0.000000000000000000e+00 2.043668879196047783e-03 0.000000000000000000e+00 2.055107906926423311e-04
0.000000000000000000e+00 0.000000000000000000e+00 3.005819860845804214e-03 1.966806827113032341e-03 0.000000000000000000e+00 0.000000000000000000e+00 1.117868581786751747e-03 9.848363697528839111e-04 0.000000000000000000e+00 0.000000000000000000e+00 0.000000000000000000e+00
4.917697515338659286e-03 0.000000000000000000e+00 4.001697991043329239e-03 0.000000000000000000e+00 2.421004511415958405e-02 0.000000000000000000e+00 0.000000000000000000e+00 0.000000000000000000e+00 2.862183377146720886e-03 0.000000000000000000e+00 1.079693809151649475e-02
0.000000000000000000e+00 0.000000000000000000e+00 8.293343853438273072e-06 0.000000000000000000e+00 9.748058801051229239e-06 0.000000000000000000e+00 0.000000000000000000e+00 3.152075294110545656e-07 0.000000000000000000e+00 3.712232000907533802e-06 0.000000000000000000e+00
