0.000000000000000000e+00 1.629225444048643112e-03 7.324735051952302456e-04 0.000000000000000000e+00 0.000000000000000000e+00 0.000000000000000000e+00 0.000000000000000000e+00 1.652044447837397456e-04 3.706644522026181221e-03 0.000000000000000000e+00 0.000000000000000000e+00
1.030567381531000137e-02 0.000000000000000000e+00 6.529280915856361389e-03 0.000000000000000000e+00 0.000000000000000000e+00 0.000000000000000000e+00 8.445638231933116913e-04 3.385302843526005745e-03 1.471867784857749939e-03 0.000000000000000000e+00 0.000000000000000000e+00
8.305699564516544342e-03 5.427604075521230698e-03 0.000000000000000000e+00 2.047670306637883186e-03 0.000000000000000000e+00 6.074095610529184341e-03 0.000000000000000000e+00 0.000000000000000000e+00 2.454376546666026115e-03 9.370323270559310913e-03 6.328006566036492586e-05
0.000000000000000000e+00 0.000000000000000000e+00 0.000000000000000000e+00 0.000000000000000000e+00 1.043857447803020477e-02 1.159713254310190678e-03 0.000000000000000000e+00 1.140926219522953033e-02 0.000000000000000000e+00 0.000000000000000000e+00 0.000000000000000000e+00
1.326871133642271161e-04 2.676255826372653246e-04 1.163030683528631926e-04 3.000838914886116982e-04 0.000000000000000000e+00 2.733676519710570574e-04 1.101225643651559949e-04 2.232986480521503836e-05 9.169174154521897435e-05 3.020698495674878359e-04 5.810146103613078594e-04
0.000000000000000000e+00 0.000000000000000000e+00 0.000000000000000000e+00 0.000000000000000000e+00 0.000000000000000000e+00 0.000000000000000000e+00 0.000000000000000000e+00 0.000000000000000000e+00 0.000000000000000000e+00 0.000000000000000000e+00 0.000000000000000000e+00
1.848638989031314850e-03 2.586849732324481010e-03 0.000000000000000000e+00 0.000000000000000000e+00 0.000000000000000000e+00 2.920971019193530083e-04 0.000000000000000000e+00 0.000000000000000000e+00 4.778225440531969070e-03 1.572073204442858696e-03 6.441311445087194443e-03
0.000000000000000000e+00 3.683057613670825958e-03 1.157338148914277554e-03 0.000000000000000000e+00 0.000000000000000000e+00 0.000000000000000000e+00 0.000000000000000000e+00 0.000000000000000000e+00 8.662114851176738739e-03 1.028481172397732735e-03 0.000000000000000000e+00
0.000000000000000000e+00 1.858143252320587635e-03 0.000000000000000000e+00 0.000000000000000000e+00 0.000000000000000000e+00 0.000000000000000000e+00 9.309962042607367039e-04 0.000000000000000000e+00 0.000000000000000000e+00 5.473242606967687607e-03 5.546018481254577637e-03
3.237412543967366219e-03 1.102234050631523132e-02 8.525636047124862671e-03 0.000000000000000000e+00 3.051945753395557404e-02 7.658315356820821762e-03 0.000000000000000000e+00 0.000000000000000000e+00 3.100502071902155876e-03 0.000000000000000000e+00 9.722279384732246399e-03
0.000000000000000000e+00 0.000000000000000000e+00 1.595032358636672143e-06 0.000000000000000000e+00 7.084945991664426401e-06 0.000000000000000000e+00 1.007569721878098790e-06 3.890575044351862743e-06 0.000000000000000000e+00 1.226071731252886821e-06 0.000000000000000000e+00
