0.000000000000000000e+00 0.000000000000000000e+00 1.041563693434000015e-02 0.000000000000000000e+00 0.000000000000000000e+00 0.000000000000000000e+00 3.520440368447452784e-04 6.506402976810932159e-03 0.000000000000000000e+00 8.867847500368952751e-04 0.000000000000000000e+00
2.073419513180851936e-03 0.000000000000000000e+00 3.815837902948260307e-03 0.000000000000000000e+00 0.000000000000000000e+00 1.584711018949747086e-03 0.000000000000000000e+00 0.000000000000000000e+00 3.787277266383171082e-03 0.000000000000000000e+00 0.000000000000000000e+00
5.031374748796224594e-03 2.267233841121196747e-02 1.369919773424044251e-04 0.000000000000000000e+00 0.000000000000000000e+00 1.789381168782711029e-02 0.000000000000000000e+00 0.000000000000000000e+00 5.067581310868263245e-03 1.327203027904033661e-02 7.966685108840465546e-03
1.093905419111251831e-03 0.000000000000000000e+00 0.000000000000000000e+00 0.000000000000000000e+00 2.005748683586716652e-04 0.000000000000000000e+00 0.000000000000000000e+00 1.372335106134414673e-02 0.000000000000000000e+00 0.000000000000000000e+00 0.000000000000000000e+00
0.000000000000000000e+00 3.073280677199363708e-04 2.244538045488297939e-04 4.881695786025375128e-04 0.000000000000000000e+00 1.301647280342876911e-04 2.494440996088087559e-04 2.701710036490112543e-04 2.737294998951256275e-04 4.752239037770777941e-04 1.000615535303950310e-03
0.000000000000000000e+00 0.000000000000000000e+00 0.000000000000000000e+00 0.000000000000000000e+00 0.000000000000000000e+00 0.000000000000000000e+00 0.000000000000000000e+00 0.000000000000000000e+00 0.000000000000000000e+00 0.000000000000000000e+00 0.000000000000000000e+00
9.486762806773185730e-03 0.000000000000000000e+00 0.000000000000000000e+00 2.313668606802821159e-03 7.556281983852386475e-03 7.321580313146114349e-03 4.293168429285287857e-03 4.769473802298307419e-03 1.681944727897644043e-02 5.302561912685632706e-03 2.214460866525769234e-03
0.000000000000000000e+00 1.059785485267639160e-02 0.000000000000000000e+00 0.000000000000000000e+00 4.161476157605648041e-03 0.000000000000000000e+00 2.209278522059321404e-03 8.420951664447784424e-03 6.259419023990631104e-03 0.000000000000000000e+00 2.217580797150731087e-03
0.000000000000000000e+00 0.000000000000000000e+00 1.942608039826154709e-03 0.000000000000000000e+00 0.000000000000000000e+00 1.095090759918093681e-03 8.779147639870643616e-03 5.860414821654558182e-03 0.000000000000000000e+00 0.000000000000000000e+00 2.703951904550194740e-03
0.000000000000000000e+00 0.000000000000000000e+00 1.065756380558013916e-02 0.000000000000000000e+00 4.577872902154922485e-02 7.922386750578880310e-03 0.000000000000000000e+00 0.000000000000000000e+00 7.868496701121330261e-03 0.000000000000000000e+00 2.025252208113670349e-02
0.000000000000000000e+00 0.000000000000000000e+00 7.318385087273782119e-06 4.463029199541779235e-06 1.482064271840499714e-05 0.000000000000000000e+00 0.000000000000000000e+00 4.372497642179951072e-06 0.000000000000000000e+00 4.198546776024159044e-06 0.000000000000000000e+00
