0.000000000000000000e+00 3.257629927247762680e-03 0.000000000000000000e+00 0.000000000000000000e+00 0.000000000000000000e+00 0.000000000000000000e+00 8.992369286715984344e-03 8.372702635824680328e-03 0.000000000000000000e+00 0.000000000000000000e+00 0.000000000000000000e+00
1.052059978246688843e-02 0.000000000000000000e+00 6.920719519257545471e-03 5.598964635282754898e-03 0.000000000000000000e+00 5.413519684225320816e-04 5.891256150789558887e-04 0.000000000000000000e+00 7.952029816806316376e-03 0.000000000000000000e+00 0.000000000000000000e+00
1.682390575297176838e-03 1.223157451022416353e-04 5.434386897832155228e-03 0.000000000000000000e+00 1.374396844767034054e-03 4.805188160389661789e-03 0.000000000000000000e+00 0.000000000000000000e+00 0.000000000000000000e+00 8.751402609050273895e-03 5.826006177812814713e-03
8.484501391649246216e-03 0.000000000000000000e+00 0.000000000000000000e+00 0.000000000000000000e+00 9.091584797715768218e-05 0.000000000000000000e+00 0.000000000000000000e+00 9.639427997171878815e-03 0.000000000000000000e+00 3.022103803232312202e-03 0.000000000000000000e+00
0.000000000000000000e+00 1.486157852923497558e-04 4.976518539479002357e-05 1.858682662714272738e-04 0.000000000000000000e+00 1.561655371915549040e-04 1.684631424723193049e-04 1.565948514326009899e-05 2.326509820704814047e-05 2.254389983136206865e-04 3.555957810021936893e-04
0.000000000000000000e+00 0.000000000000000000e+00 0.000000000000000000e+00 0.000000000000000000e+00 0.000000000000000000e+00 1.944821327924728394e-03 0.000000000000000000e+00 0.000000000000000000e+00 0.000000000000000000e+00 0.000000000000000000e+00 0.000000000000000000e+00
4.757408052682876587e-03 1.774411997757852077e-03 0.000000000000000000e+00 3.133612044621258974e-04 0.000000000000000000e+00 8.594788610935211182e-03 6.437771487981081009e-03 1.038986910134553909e-02 1.233886578120291233e-03 5.905095487833023071e-03 1.043273974210023880e-02
0.000000000000000000e+00 0.000000000000000000e+00 0.000000000000000000e+00 0.000000000000000000e+00 3.335812129080295563e-03 0.000000000000000000e+00 0.000000000000000000e+00 0.000000000000000000e+00 1.014214567840099335e-02 5.485093686729669571e-03 1.066251425072550774e-03
0.000000000000000000e+00 1.184744946658611298e-02 0.000000000000000000e+00 0.000000000000000000e+00 0.000000000000000000e+00 0.000000000000000000e+00 3.329043742269277573e-03 3.073934349231421947e-04 2.371759386733174324e-03 0.000000000000000000e+00 0.000000000000000000e+00
1.379735209047794342e-02 1.618505106307566166e-03 1.843474991619586945e-02 0.000000000000000000e+00 3.176537156105041504e-02 0.000000000000000000e+00 0.000000000000000000e+00 0.000000000000000000e+00 6.416619289666414261e-03 0.000000000000000000e+00 6.711794063448905945e-03
0.000000000000000000e+00 0.000000000000000000e+00 1.799053165996156167e-06 3.190364736838091630e-07 4.038130555272800848e-06 0.000000000000000000e+00 2.061423856503097340e-06 9.175312243314692751e-07 5.987865847600915004e-07 1.062852334143826738e-06 0.000000000000000000e+00
