0.000000000000000000e+00 5.187882343307137489e-04 0.000000000000000000e+00 0.000000000000000000e+00 0.000000000000000000e+00 0.000000000000000000e+00 5.665563512593507767e-03 3.321703756228089333e-03 0.000000000000000000e+00 0.000000000000000000e+00 0.000000000000000000e+00
1.206641085445880890e-02 0.000000000000000000e+00 9.080994874238967896e-03 1.314551569521427155e-02 0.000000000000000000e+00 0.000000000000000000e+00 4.875467158854007721e-03 0.000000000000000000e+00 2.573602832853794098e-03 0.000000000000000000e+00 7.049426494631916285e-05
0.000000000000000000e+00 1.204859581775963306e-03 1.468671835027635098e-03 4.882307723164558411e-03 0.000000000000000000e+00 1.198146841488778591e-03 1.124475803226232529e-02 0.000000000000000000e+00 6.570172961801290512e-03 1.425711344927549362e-02 4.769256338477134705e-03
0.000000000000000000e+00 3.114618128165602684e-03 0.000000000000000000e+00 8.329009287990629673e-04 0.000000000000000000e+00 0.000000000000000000e+00 1.420819084160029888e-03 3.842129837721586227e-03 3.728346666321158409e-03 5.387093871831893921e-03 0.000000000000000000e+00
0.000000000000000000e+00 3.156618040520697832e-04 2.460830146446824074e-04 2.882425906136631966e-04 0.000000000000000000e+00 3.984047216363251209e-04 3.789254988078027964e-04 0.000000000000000000e+00 2.671793918125331402e-04 5.538163823075592518e-04 9.627739200368523598e-04
0.000000000000000000e+00 0.000000000000000000e+00 0.000000000000000000e+00 0.000000000000000000e+00 0.000000000000000000e+00 0.000000000000000000e+00 0.000000000000000000e+00 0.000000000000000000e+00 0.000000000000000000e+00 0.000000000000000000e+00 0.000000000000000000e+00
2.798183122649788857e-03 0.000000000000000000e+00 0.000000000000000000e+00 1.130452379584312439e-02 0.000000000000000000e+00 7.355362176895141602e-03 2.284191083163022995e-03 1.269643474370241165e-02 8.627863600850105286e-03 2.610150491818785667e-03 1.797461532987654209e-03
0.000000000000000000e+00 3.583365818485617638e-03 0.000000000000000000e+00 0.000000000000000000e+00 4.874184727668762207e-03 6.750493048457428813e-05 2.208760939538478851e-03 2.963183680549263954e-03 1.655279844999313354e-02 0.000000000000000000e+00 3.808468114584684372e-03
0.000000000000000000e+00 0.000000000000000000e+00 0.000000000000000000e+00 0.000000000000000000e+00 0.000000000000000000e+00 0.000000000000000000e+00 1.108606066554784775e-02 0.000000000000000000e+00 0.000000000000000000e+00 3.414512611925601959e-03 0.000000000000000000e+00
1.802549511194229126e-02 5.888224579393863678e-03 6.315879989415407181e-03 0.000000000000000000e+00 4.972488433122634888e-02 0.000000000000000000e+00 0.000000000000000000e+00 0.000000000000000000e+00 1.114996615797281265e-02 0.000000000000000000e+00 1.511767227202653885e-02
0.000000000000000000e+00 0.000000000000000000e+00 9.232192496710922569e-06 1.696775484560930636e-06 1.279488333238987252e-05 0.000000000000000000e+00 1.804155886020453181e-06 1.383796416121185757e-06 2.280156422784784809e-06 3.017998096765950322e-06 0.000000000000000000e+00
