0.000000000000000000e+00 0.000000000000000000e+00 0.000000000000000000e+00 0.000000000000000000e+00 0.000000000000000000e+00 0.000000000000000000e+00 2.730361651629209518e-03 1.217031269334256649e-03 1.557834446430206299e-03 0.000000000000000000e+00 0.000000000000000000e+00
2.397355390712618828e-03 0.000000000000000000e+00 0.000000000000000000e+00 1.388471573591232300e-03 0.000000000000000000e+00 0.000000000000000000e+00 1.613880391232669353e-03 0.000000000000000000e+00 0.000000000000000000e+00 0.000000000000000000e+00 0.000000000000000000e+00
0.000000000000000000e+00 0.000000000000000000e+00 1.681053108768537641e-04 7.206159352790564299e-05 5.027911392971873283e-04 2.257861633552238345e-04 1.811170019209384918e-03 0.000000000000000000e+00 0.000000000000000000e+00 2.966773230582475662e-03 1.472815638408064842e-03
3.936739638447761536e-03 0.000000000000000000e+00 0.000000000000000000e+00 0.000000000000000000e+00 7.648066966794431210e-04 0.000000000000000000e+00 1.093539875000715256e-03 0.000000000000000000e+00 0.000000000000000000e+00 0.000000000000000000e+00 0.000000000000000000e+00
0.000000000000000000e+00 1.744428882375359535e-04 1.411979465046897531e-04 6.280696834437549114e-05 0.000000000000000000e+00 1.468251866754144430e-04 1.589122839504852891e-04 1.218647521454840899e-04 1.447375543648377061e-04 1.661901042098179460e-04 4.587094590533524752e-04
0.000000000000000000e+00 5.140436769579537213e-05 3.504575695842504501e-03 1.274729380384087563e-03 0.000000000000000000e+00 1.905729062855243683e-02 0.000000000000000000e+00 0.000000000000000000e+00 0.000000000000000000e+00 4.778468515723943710e-03 2.506693080067634583e-02
2.488674595952033997e-03 0.000000000000000000e+00 0.000000000000000000e+00 6.266407202929258347e-03 0.000000000000000000e+00 2.567604882642626762e-03 0.000000000000000000e+00 1.580814132466912270e-03 5.441237706691026688e-03 2.244218252599239349e-03 0.000000000000000000e+00
0.000000000000000000e+00 5.345084704458713531e-03 0.000000000000000000e+00 0.000000000000000000e+00 1.579851261340081692e-03 0.000000000000000000e+00 0.000000000000000000e+00 0.000000000000000000e+00 2.074843272566795349e-03 0.000000000000000000e+00 0.000000000000000000e+00
0.000000000000000000e+00 0.000000000000000000e+00 0.000000000000000000e+00 0.000000000000000000e+00 0.000000000000000000e+00 1.448254624847322702e-04 2.411547582596540451e-03 3.772531053982675076e-04 0.000000000000000000e+00 0.000000000000000000e+00 2.501943847164511681e-03
1.867892278824001551e-04 0.000000000000000000e+00 3.393677761778235435e-03 0.000000000000000000e+00 1.476171240210533142e-02 0.000000000000000000e+00 0.000000000000000000e+00 0.000000000000000000e+00 4.793728236109018326e-03 3.308908315375447273e-03 8.980057202279567719e-03
0.000000000000000000e+00 0.000000000000000000e+00 3.295132501079933718e-06 4.983529606761294417e-07 5.188404884393094108e-06 0.000000000000000000e+00 1.905857402562105563e-06 4.049913059134269133e-06 0.000000000000000000e+00 3.331879270263016224e-06 7.933424512884812430e-07
