0.000000000000000000e+00 0.000000000000000000e+00 0.000000000000000000e+00 0.000000000000000000e+00 0.000000000000000000e+00 0.000000000000000000e+00 0.000000000000000000e+00 2.848466392606496811e-03 0.000000000000000000e+00 0.000000000000000000e+00 0.000000000000000000e+00
4.527238197624683380e-03 0.000000000000000000e+00 2.766560530290007591e-03 3.137413412332534790e-03 0.000000000000000000e+00 0.000000000000000000e+00 0.000000000000000000e+00 0.000000000000000000e+00 4.337633494287729263e-03 0.000000000000000000e+00 1.682334230281412601e-03
1.655867905355989933e-03 6.803323980420827866e-03 0.000000000000000000e+00 0.000000000000000000e+00 0.000000000000000000e+00 9.078488685190677643e-03 5.363513249903917313e-03 0.000000000000000000e+00 6.300987675786018372e-03 3.125156275928020477e-03 0.000000000000000000e+00
8.415321819484233856e-03 0.000000000000000000e+00 0.000000000000000000e+00 2.631648676469922066e-03 4.108451306819915771e-03 4.655899479985237122e-03 1.289396197535097599e-03 4.247867967933416367e-03 0.000000000000000000e+00 0.000000000000000000e+00 0.000000000000000000e+00
4.902764703729189932e-05 7.500586070818826556e-05 1.783834013622254133e-04 1.174224162241443992e-04 0.000000000000000000e+00 1.357936125714331865e-04 2.776501969492528588e-05 6.219793249329086393e-07 0.000000000000000000e+00 2.176182315452024341e-04 3.955652064178138971e-04
0.000000000000000000e+00 0.000000000000000000e+00 0.000000000000000000e+00 0.000000000000000000e+00 0.000000000000000000e+00 0.000000000000000000e+00 0.000000000000000000e+00 0.000000000000000000e+00 0.000000000000000000e+00 0.000000000000000000e+00 0.000000000000000000e+00
4.185050725936889648e-03 2.992799272760748863e-03 0.000000000000000000e+00 1.019771210849285126e-03 0.000000000000000000e+00 0.000000000000000000e+00 3.889823099598288536e-03 5.466111004352569580e-03 2.529768506065011024e-03 3.176730126142501831e-03 3.763224231079220772e-03
0.000000000000000000e+00 3.056057728826999664e-03 3.196217585355043411e-05 0.000000000000000000e+00 0.000000000000000000e+00 0.000000000000000000e+00 1.771368435584008694e-03 9.218085906468331814e-04 7.735184393823146820e-03 0.000000000000000000e+00 2.767756348475813866e-03
0.000000000000000000e+00 6.264820229262113571e-03 0.000000000000000000e+00 2.510620397515594959e-04 0.000000000000000000e+00 1.499402802437543869e-03 4.522460047155618668e-03 1.078000277630053461e-04 0.000000000000000000e+00 4.811699502170085907e-03 2.586866030469536781e-04
2.615404780954122543e-03 1.299478928558528423e-03 6.594783626496791840e-03 0.000000000000000000e+00 2.782059647142887115e-02 4.078388679772615433e-03 0.000000000000000000e+00 0.000000000000000000e+00 8.664367720484733582e-03 0.000000000000000000e+00 1.058867666870355606e-02
0.000000000000000000e+00 0.000000000000000000e+00 1.614091388546512462e-06 0.000000000000000000e+00 4.303067271393956617e-06 0.000000000000000000e+00 0.000000000000000000e+00 8.826906991998839658e-07 0.000000000000000000e+00 0.000000000000000000e+00 0.000000000000000000e+00
