0.000000000000000000e+00 0.000000000000000000e+00 0.000000000000000000e+00 0.000000000000000000e+00 0.000000000000000000e+00 0.000000000000000000e+00 6.603557616472244263e-03 3.077981527894735336e-03 0.000000000000000000e+00 0.000000000000000000e+00 0.000000000000000000e+00
1.191915362142026424e-03 0.000000000000000000e+00 6.580216344445943832e-03 0.000000000000000000e+00 3.911677282303571701e-03 0.000000000000000000e+00 0.000000000000000000e+00 0.000000000000000000e+00 1.233919057995080948e-03 0.000000000000000000e+00 0.000000000000000000e+00
0.000000000000000000e+00 8.229412138462066650e-03 0.000000000000000000e+00 0.000000000000000000e+00 0.000000000000000000e+00 1.374012324959039688e-02 4.659222438931465149e-03 0.000000000000000000e+00 2.592893084511160851e-03 0.000000000000000000e+00 0.000000000000000000e+00
5.445593036711215973e-03 0.000000000000000000e+00 0.000000000000000000e+00 6.503954064100980759e-03 4.793695639818906784e-03 4.032586701214313507e-03 0.000000000000000000e+00 1.762325409799814224e-03 0.000000000000000000e+00 6.488622166216373444e-03 0.000000000000000000e+00
1.388061355100944638e-04 1.632211060496047139e-04 1.665182498982176185e-04 1.430925040040165186e-04 0.000000000000000000e+00 2.122048863384407014e-05 1.052333900588564575e-04 1.177968733827583492e-04 3.596534952521324158e-05 1.611709740245714784e-04 4.767181235365569592e-04
0.000000000000000000e+00 0.000000000000000000e+00 0.000000000000000000e+00 0.000000000000000000e+00 0.000000000000000000e+00 0.000000000000000000e+00 0.000000000000000000e+00 0.000000000000000000e+00 0.000000000000000000e+00 0.000000000000000000e+00 0.000000000000000000e+00
0.000000000000000000e+00 0.000000000000000000e+00 0.000000000000000000e+00 2.264470793306827545e-03 0.000000000000000000e+00 0.000000000000000000e+00 6.104446481913328171e-03 1.705594942905008793e-03 5.015773233026266098e-03 5.865980871021747589e-03 5.100754555314779282e-03
0.000000000000000000e+00 0.000000000000000000e+00 0.000000000000000000e+00 0.000000000000000000e+00 0.000000000000000000e+00 1.359002781100571156e-03 0.000000000000000000e+00 0.000000000000000000e+00 2.991534303873777390e-03 0.000000000000000000e+00 0.000000000000000000e+00
0.000000000000000000e+00 5.855316761881113052e-03 0.000000000000000000e+00 0.000000000000000000e+00 0.000000000000000000e+00 0.000000000000000000e+00 3.709466196596622467e-03 0.000000000000000000e+00 9.882882295642048120e-06 0.000000000000000000e+00 6.123668979853391647e-03
6.053003598935902119e-04 0.000000000000000000e+00 1.280431449413299561e-02 0.000000000000000000e+00 3.070530667901039124e-02 0.000000000000000000e+00 0.000000000000000000e+00 0.000000000000000000e+00 1.051097083836793900e-02 0.000000000000000000e+00 1.385434623807668686e-02
0.000000000000000000e+00 0.000000000000000000e+00 2.212721938121831045e-06 3.344150343309593154e-07 3.541908654369763099e-06 0.000000000000000000e+00 0.000000000000000000e+00 1.880019794953113887e-06 0.000000000000000000e+00 0.000000000000000000e+00 0.000000000000000000e+00
