0.000000000000000000e+00 2.699894644320011139e-02 1.423718780279159546e-01 0.000000000000000000e+00 0.000000000000000000e+00 0.000000000000000000e+00 8.146232366561889648e-02 1.657699979841709137e-02 2.322013955563306808e-03 0.000000000000000000e+00 0.000000000000000000e+00
9.794893860816955566e-02 0.000000000000000000e+00 2.318662125617265701e-03 1.452384293079376221e-01 0.000000000000000000e+00 2.970013916492462158e-01 3.874403238296508789e-02 4.862931370735168457e-02 4.604403674602508545e-02 8.062649369239807129e-01 1.936021596193313599e-01
0.000000000000000000e+00 0.000000000000000000e+00 0.000000000000000000e+00 2.869820967316627502e-02 0.000000000000000000e+00 3.852428495883941650e-02 1.094350516796112061e-01 0.000000000000000000e+00 0.000000000000000000e+00 9.114328771829605103e-02 2.139753894880414009e-03
3.013642691075801849e-02 0.000000000000000000e+00 0.000000000000000000e+00 0.000000000000000000e+00 0.000000000000000000e+00 1.319954986684024334e-03 0.000000000000000000e+00 4.481128416955471039e-03 2.533788383007049561e-01 0.000000000000000000e+00 0.000000000000000000e+00
0.000000000000000000e+00 3.097580338362604380e-04 7.396016007987782359e-05 1.156696635007392615e-05 0.000000000000000000e+00 0.000000000000000000e+00 1.354691339656710625e-04 5.173830504645593464e-05 1.259473792742937803e-04 3.129489487037062645e-04 1.052165287546813488e-03
0.000000000000000000e+00 0.000000000000000000e+00 0.000000000000000000e+00 0.000000000000000000e+00 0.000000000000000000e+00 0.000000000000000000e+00 0.000000000000000000e+00 0.000000000000000000e+00 0.000000000000000000e+00 0.000000000000000000e+00 1.988404989242553711e-02
0.000000000000000000e+00 1.714695943519473076e-03 0.000000000000000000e+00 6.378372013568878174e-02 2.962653292343020439e-03 2.258302178233861923e-03 0.000000000000000000e+00 2.832519821822643280e-03 5.220611393451690674e-02 1.461312621831893921e-01 7.101565599441528320e-02
0.000000000000000000e+00 2.129702419042587280e-01 0.000000000000000000e+00 0.000000000000000000e+00 8.133426308631896973e-02 0.000000000000000000e+00 0.000000000000000000e+00 0.000000000000000000e+00 2.527684569358825684e-01 0.000000000000000000e+00 1.757048186846077442e-03
0.000000000000000000e+00 8.850865066051483154e-02 5.461182445287704468e-03 2.027160525321960449e-01 0.000000000000000000e+00 2.389546036720275879e-01 3.967603668570518494e-03 0.000000000000000000e+00 2.619387814775109291e-03 0.000000000000000000e+00 1.392356492578983307e-02
0.000000000000000000e+00 5.802630912512540817e-03 8.912993595004081726e-03 0.000000000000000000e+00 2.578797340393066406e-01 1.578766736201941967e-03 7.188065443187952042e-03 0.000000000000000000e+00 4.279889911413192749e-02 4.394769202917814255e-03 1.335248500108718872e-01
0.000000000000000000e+00 5.504808768819202669e-07 1.312349468207685277e-05 3.488048832878121175e-06 1.775793134584091604e-05 0.000000000000000000e+00 7.283054856088710949e-06 9.897943527903407812e-06 0.000000000000000000e+00 3.521896132951951586e-06 7.170737035266938619e-07
