0.000000000000000000e+00 0.000000000000000000e+00 0.000000000000000000e+00 0.000000000000000000e+00 0.000000000000000000e+00 0.000000000000000000e+00 1.718204584904015064e-03 0.000000000000000000e+00 0.000000000000000000e+00 0.000000000000000000e+00 0.000000000000000000e+00
5.240001250058412552e-03 0.000000000000000000e+00 2.356101322220638394e-04 5.976635031402111053e-03 0.000000000000000000e+00 0.000000000000000000e+00 9.402460418641567230e-04 0.000000000000000000e+00 0.000000000000000000e+00 0.000000000000000000e+00 0.000000000000000000e+00
0.000000000000000000e+00 0.000000000000000000e+00 1.122405054047703743e-03 0.000000000000000000e+00 6.307058036327362061e-03 2.304219407960772514e-03 0.000000000000000000e+00 0.000000000000000000e+00 5.139469169080257416e-03 3.335145069286227226e-03 5.610298831015825272e-03
9.368058294057846069e-03 0.000000000000000000e+00 0.000000000000000000e+00 0.000000000000000000e+00 8.438465185463428497e-03 0.000000000000000000e+00 7.805103436112403870e-03 9.631908498704433441e-03 2.829247154295444489e-03 0.000000000000000000e+00 5.204877816140651703e-03
0.000000000000000000e+00 5.770915959146805108e-05 2.356926270294934511e-04 3.650614235084503889e-05 0.000000000000000000e+00 0.000000000000000000e+00 1.174554417957551777e-04 1.308644823438953608e-05 1.583262928761541843e-04 1.472868607379496098e-04 5.661335890181362629e-04
0.000000000000000000e+00 0.000000000000000000e+00 0.000000000000000000e+00 0.000000000000000000e+00 0.000000000000000000e+00 0.000000000000000000e+00 0.000000000000000000e+00 0.000000000000000000e+00 0.000000000000000000e+00 0.000000000000000000e+00 0.000000000000000000e+00
3.394184401258826256e-03 5.684833042323589325e-03 0.000000000000000000e+00 5.377746187150478363e-03 0.000000000000000000e+00 0.000000000000000000e+00 0.000000000000000000e+00 5.343500059098005295e-03 2.207860117778182030e-03 3.716869978234171867e-03 6.499707233160734177e-03
0.000000000000000000e+00 0.000000000000000000e+00 0.000000000000000000e+00 4.350236617028713226e-03 0.000000000000000000e+00 0.000000000000000000e+00 0.000000000000000000e+00 3.198731690645217896e-03 1.383856870234012604e-03 0.000000000000000000e+00 0.000000000000000000e+00
0.000000000000000000e+00 6.275763269513845444e-03 2.764985896646976471e-03 2.365135122090578079e-03 0.000000000000000000e+00 7.011754205450415611e-04 0.000000000000000000e+00 0.000000000000000000e+00 0.000000000000000000e+00 0.000000000000000000e+00 1.012191642075777054e-02
9.536120109260082245e-03 2.399300283286720514e-04 1.344762742519378662e-02 0.000000000000000000e+00 3.094328753650188446e-02 0.000000000000000000e+00 0.000000000000000000e+00 1.758931321091949940e-03 4.389987152535468340e-04 0.000000000000000000e+00 1.302000600844621658e-02
0.000000000000000000e+00 0.000000000000000000e+00 9.039338692673482001e-06 0.000000000000000000e+00 1.670725578151177615e-05 0.000000000000000000e+00 1.149005925071833190e-06 0.000000000000000000e+00 0.000000000000000000e+00 5.971897280687699094e-06 0.000000000000000000e+00
