0.000000000000000000e+00 7.676237821578979492e-02 1.597501933574676514e-01 0.000000000000000000e+00 0.000000000000000000e+00 0.000000000000000000e+00 1.846851855516433716e-01 2.704658173024654388e-02 0.000000000000000000e+00 5.196424899622797966e-04 0.000000000000000000e+00
6.463742814958095551e-03 0.000000000000000000e+00 1.353253424167633057e-02 5.380517244338989258e-02 0.000000000000000000e+00 1.718215458095073700e-02 4.890422523021697998e-02 1.006565988063812256e-02 2.458605915307998657e-03 4.280366376042366028e-02 2.399832010269165039e-03
0.000000000000000000e+00 2.889413237571716309e-01 1.805665437132120132e-03 1.693554967641830444e-02 3.258606418967247009e-02 2.728310525417327881e-01 1.539834439754486084e-01 0.000000000000000000e+00 1.541569828987121582e-01 5.999771878123283386e-03 0.000000000000000000e+00
4.573200643062591553e-02 0.000000000000000000e+00 6.246896088123321533e-02 2.766993641853332520e-02 1.429085037671029568e-03 6.944825407117605209e-03 8.534574881196022034e-03 1.292128264904022217e-01 1.646367716602981091e-03 5.855613574385643005e-02 9.471641853451728821e-03
0.000000000000000000e+00 2.284928086737636477e-05 0.000000000000000000e+00 1.532293390482664108e-05 0.000000000000000000e+00 0.000000000000000000e+00 0.000000000000000000e+00 5.099574627820402384e-05 0.000000000000000000e+00 1.278740528505295515e-04 5.008057341910898685e-04
0.000000000000000000e+00 0.000000000000000000e+00 0.000000000000000000e+00 0.000000000000000000e+00 0.000000000000000000e+00 1.255338778719305992e-03 0.000000000000000000e+00 0.000000000000000000e+00 0.000000000000000000e+00 0.000000000000000000e+00 5.286713644636620302e-07
1.010380089282989502e-01 4.331613332033157349e-02 0.000000000000000000e+00 3.595149517059326172e-02 3.177164122462272644e-02 3.320177271962165833e-02 9.807621245272457600e-05 3.783798078075051308e-03 5.711114965379238129e-03 5.348106380552053452e-03 6.707312911748886108e-02
0.000000000000000000e+00 2.884002774953842163e-02 3.727125294972211123e-04 0.000000000000000000e+00 2.490157727152109146e-03 0.000000000000000000e+00 4.769317340105772018e-03 0.000000000000000000e+00 8.989289402961730957e-02 0.000000000000000000e+00 1.758550177328288555e-03
0.000000000000000000e+00 1.400636509060859680e-02 2.333832532167434692e-01 1.059277877211570740e-01 1.174065321683883667e-01 1.500158905982971191e-01 5.203681439161300659e-02 9.271882590837776661e-04 3.389633260667324066e-03 6.928886473178863525e-02 2.298791259527206421e-01
5.000684875994920731e-03 2.757477806881070137e-03 1.288286526687443256e-03 0.000000000000000000e+00 1.409434378147125244e-01 5.777469370514154434e-03 0.000000000000000000e+00 3.933312371373176575e-03 2.779555507004261017e-03 0.000000000000000000e+00 5.676060914993286133e-03
0.000000000000000000e+00 0.000000000000000000e+00 1.356314896838739514e-05 0.000000000000000000e+00 4.439939948497340083e-05 0.000000000000000000e+00 0.000000000000000000e+00 4.469692669317737455e-07 0.000000000000000000e+00 4.522373274085111916e-06 0.000000000000000000e+00
