0.000000000000000000e+00 0.000000000000000000e+00 1.373079139739274979e-03 0.000000000000000000e+00 0.000000000000000000e+00 0.000000000000000000e+00 5.156959872692823410e-03 7.780835148878395557e-04 0.000000000000000000e+00 0.000000000000000000e+00 0.000000000000000000e+00
3.156163729727268219e-03 0.000000000000000000e+00 3.093173494562506676e-03 1.203719657496549189e-04 0.000000000000000000e+00 0.000000000000000000e+00 0.000000000000000000e+00 0.000000000000000000e+00 0.000000000000000000e+00 0.000000000000000000e+00 0.000000000000000000e+00
0.000000000000000000e+00 2.878094324842095375e-03 8.675825083628296852e-04 5.000595701858401299e-04 1.055525150150060654e-03 5.388595629483461380e-03 3.253177972510457039e-03 0.000000000000000000e+00 0.000000000000000000e+00 4.815368913114070892e-03 0.000000000000000000e+00
4.799957852810621262e-03 0.000000000000000000e+00 0.000000000000000000e+00 0.000000000000000000e+00 0.000000000000000000e+00 0.000000000000000000e+00 0.000000000000000000e+00 1.661047339439392090e-03 1.989093609154224396e-03 1.591254142113029957e-03 0.000000000000000000e+00
0.000000000000000000e+00 1.947640266735106707e-04 0.000000000000000000e+00 2.809120451274793595e-05 0.000000000000000000e+00 6.542089249705895782e-05 1.198020254378207028e-04 0.000000000000000000e+00 1.364172785542905331e-04 1.343677868135273457e-04 3.746226429939270020e-04
0.000000000000000000e+00 0.000000000000000000e+00 3.006047569215297699e-03 3.927821759134531021e-03 0.000000000000000000e+00 1.319159381091594696e-02 0.000000000000000000e+00 0.000000000000000000e+00 8.481553522869944572e-04 3.786567831411957741e-03 2.250461280345916748e-02
2.622713334858417511e-03 9.301986428909003735e-04 0.000000000000000000e+00 5.208710208535194397e-03 0.000000000000000000e+00 2.287464682012796402e-03 1.848066691309213638e-03 1.325709745287895203e-04 3.041211748495697975e-03 0.000000000000000000e+00 2.734859939664602280e-03
0.000000000000000000e+00 2.876310376450419426e-03 0.000000000000000000e+00 0.000000000000000000e+00 9.114414569921791553e-04 8.776110189501196146e-05 0.000000000000000000e+00 0.000000000000000000e+00 0.000000000000000000e+00 0.000000000000000000e+00 1.283994410187005997e-03
0.000000000000000000e+00 2.311892574653029442e-03 0.000000000000000000e+00 4.700571589637547731e-04 0.000000000000000000e+00 0.000000000000000000e+00 1.843291334807872772e-03 3.587846586015075445e-04 1.593437977135181427e-03 2.249289769679307938e-03 0.000000000000000000e+00
0.000000000000000000e+00 2.520990965422242880e-04 7.789720781147480011e-03 0.000000000000000000e+00 1.780205219984054565e-02 5.452192854136228561e-04 0.000000000000000000e+00 0.000000000000000000e+00 2.299484563991427422e-03 1.329696853645145893e-03 7.220152765512466431e-03
0.000000000000000000e+00 0.000000000000000000e+00 2.375481244598631747e-06 1.484466565671027638e-06 6.302486326603684574e-06 0.000000000000000000e+00 2.370806669205194339e-06 3.278888470958918333e-06 0.000000000000000000e+00 3.176297695972607471e-06 0.000000000000000000e+00
