0.000000000000000000e+00 0.000000000000000000e+00 0.000000000000000000e+00 0.000000000000000000e+00 0.000000000000000000e+00 0.000000000000000000e+00 9.007873013615608215e-04 5.655726883560419083e-03 0.000000000000000000e+00 0.000000000000000000e+00 0.000000000000000000e+00
7.011434063315391541e-03 0.000000000000000000e+00 2.402385463938117027e-03 0.000000000000000000e+00 0.000000000000000000e+00 0.000000000000000000e+00 3.133075661025941372e-04 8.648626389913260937e-04 1.299379393458366394e-03 1.287853694520890713e-03 0.000000000000000000e+00
0.000000000000000000e+00 4.500387236475944519e-03 0.000000000000000000e+00 4.562448302749544382e-04 1.059938222169876099e-03 3.841266501694917679e-03 2.576218452304601669e-03 0.000000000000000000e+00 0.000000000000000000e+00 3.832279238849878311e-03 0.000000000000000000e+00
5.142391193658113480e-03 0.000000000000000000e+00 0.000000000000000000e+00 1.022759242914617062e-03 0.000000000000000000e+00 2.397866453975439072e-03 0.000000000000000000e+00 1.331708510406315327e-03 4.973181989043951035e-03 5.042225820943713188e-04 0.000000000000000000e+00
0.000000000000000000e+00 8.749450353207066655e-05 2.610080809972714633e-05 1.128017102018930018e-04 0.000000000000000000e+00 7.945187826408073306e-05 8.980318671092391014e-05 2.050430157396476716e-05 1.384389361192006618e-05 8.749829430598765612e-05 2.260199107695370913e-04
0.000000000000000000e+00 0.000000000000000000e+00 6.794796325266361237e-03 0.000000000000000000e+00 0.000000000000000000e+00 1.309408619999885559e-02 2.800421090796589851e-03 7.434716098941862583e-04 0.000000000000000000e+00 5.597479641437530518e-03 1.876390725374221802e-02
5.325162783265113831e-03 5.185586633160710335e-04 0.000000000000000000e+00 2.437080489471554756e-03 0.000000000000000000e+00 3.422251669690012932e-03 0.000000000000000000e+00 4.689787514507770538e-03 3.846824401989579201e-03 2.931539667770266533e-03 3.707643132656812668e-03
0.000000000000000000e+00 5.496231839060783386e-03 1.937175286002457142e-03 0.000000000000000000e+00 0.000000000000000000e+00 0.000000000000000000e+00 2.535813546273857355e-04 0.000000000000000000e+00 1.531542977318167686e-03 0.000000000000000000e+00 0.000000000000000000e+00
1.618395559489727020e-03 1.162561820819973946e-03 9.805980371311306953e-04 0.000000000000000000e+00 0.000000000000000000e+00 1.335859065875411034e-03 2.650227397680282593e-03 0.000000000000000000e+00 2.421206329017877579e-03 9.953995468094944954e-04 9.717036300571635365e-05
3.152774879708886147e-03 6.490550003945827484e-04 5.843743216246366501e-03 0.000000000000000000e+00 1.629793271422386169e-02 1.545416889712214470e-03 0.000000000000000000e+00 0.000000000000000000e+00 2.711908193305134773e-03 0.000000000000000000e+00 4.697803407907485962e-03
0.000000000000000000e+00 0.000000000000000000e+00 2.166810872950009070e-06 5.659259159074281342e-07 4.224469194014091045e-06 0.000000000000000000e+00 2.156711616407847032e-06 1.888307906483532861e-06 0.000000000000000000e+00 8.249374445767898578e-07 0.000000000000000000e+00
