0.000000000000000000e+00 1.403340371325612068e-03 0.000000000000000000e+00 0.000000000000000000e+00 0.000000000000000000e+00 0.000000000000000000e+00 5.909373983740806580e-03 0.000000000000000000e+00 1.185568142682313919e-02 0.000000000000000000e+00 0.000000000000000000e+00
1.160189695656299591e-02 0.000000000000000000e+00 0.000000000000000000e+00 9.597604162991046906e-03 0.000000000000000000e+00 0.000000000000000000e+00 1.475400058552622795e-03 0.000000000000000000e+00 0.000000000000000000e+00 0.000000000000000000e+00 0.000000000000000000e+00
3.319154260680079460e-03 1.059336494654417038e-02 7.381182163953781128e-03 0.000000000000000000e+00 3.006992628797888756e-03 5.420906934887170792e-03 1.082730665802955627e-02 0.000000000000000000e+00 1.346220076084136963e-02 0.000000000000000000e+00 3.101433627307415009e-03
8.007953874766826630e-03 0.000000000000000000e+00 0.000000000000000000e+00 4.877517058048397303e-04 1.717404578812420368e-03 1.740700914524495602e-03 0.000000000000000000e+00 9.596802294254302979e-03 2.011249307543039322e-03 9.674312546849250793e-03 0.000000000000000000e+00
0.000000000000000000e+00 1.993243931792676449e-04 1.604005810804665089e-04 2.690444816835224628e-04 0.000000000000000000e+00 6.818804104113951325e-05 1.024814409902319312e-04 1.411457196809351444e-04 2.571897057350724936e-04 2.066498273052275181e-04 6.585986702702939510e-04
0.000000000000000000e+00 0.000000000000000000e+00 0.000000000000000000e+00 0.000000000000000000e+00 0.000000000000000000e+00 5.220025777816772461e-04 0.000000000000000000e+00 0.000000000000000000e+00 0.000000000000000000e+00 0.000000000000000000e+00 0.000000000000000000e+00
5.165305454283952713e-03 2.565052360296249390e-03 0.000000000000000000e+00 2.603440312668681145e-03 0.000000000000000000e+00 4.279661923646926880e-03 6.895963102579116821e-03 7.563501596450805664e-03 6.945399567484855652e-03 6.998254917562007904e-03 1.024208497256040573e-03
0.000000000000000000e+00 0.000000000000000000e+00 0.000000000000000000e+00 0.000000000000000000e+00 0.000000000000000000e+00 0.000000000000000000e+00 0.000000000000000000e+00 1.984018366783857346e-03 5.316503811627626419e-03 0.000000000000000000e+00 0.000000000000000000e+00
0.000000000000000000e+00 0.000000000000000000e+00 0.000000000000000000e+00 2.955290721729397774e-03 5.934170258115045726e-05 0.000000000000000000e+00 0.000000000000000000e+00 0.000000000000000000e+00 0.000000000000000000e+00 0.000000000000000000e+00 8.604583330452442169e-03
8.796698413789272308e-03 4.474611952900886536e-03 8.893742226064205170e-03 0.000000000000000000e+00 4.224040359258651733e-02 0.000000000000000000e+00 2.685547573491930962e-03 0.000000000000000000e+00 8.900980465114116669e-03 1.016848837025463581e-03 8.478974923491477966e-03
0.000000000000000000e+00 4.876210724091833981e-08 1.838315984059590846e-05 4.100805654161376879e-06 1.720126601867377758e-05 0.000000000000000000e+00 9.119487913267221302e-06 2.854141939678811468e-06 7.766312819512677379e-07 1.081719165085814893e-05 0.000000000000000000e+00
