2.243836388515774161e-05 1.980341476155444980e-04 1.533986505819484591e-04 6.632321310462430120e-05 0.000000000000000000e+00 0.000000000000000000e+00 2.147968043573200703e-04 2.328463306184858084e-04 1.960323425009846687e-04 1.757379068294540048e-04 4.085585896973498166e-05
4.767672624439001083e-03 0.000000000000000000e+00 5.772231146693229675e-03 0.000000000000000000e+00 6.872645579278469086e-03 5.271906265988945961e-04 4.434479633346199989e-04 0.000000000000000000e+00 6.519522139569744468e-05 7.988780271261930466e-04 8.304305374622344971e-04
0.000000000000000000e+00 6.296931765973567963e-03 8.275607251562178135e-04 0.000000000000000000e+00 0.000000000000000000e+00 9.304770268499851227e-03 3.822553902864456177e-03 0.000000000000000000e+00 0.000000000000000000e+00 7.171070668846368790e-03 0.000000000000000000e+00
5.365694873034954071e-03 0.000000000000000000e+00 0.000000000000000000e+00 6.253938190639019012e-03 2.842210466042160988e-03 1.132657285779714584e-02 0.000000000000000000e+00 3.737433813512325287e-03 3.069874073844403028e-04 0.000000000000000000e+00 0.000000000000000000e+00
0.000000000000000000e+00 3.642432056949473917e-05 1.353074003418441862e-05 5.229325324762612581e-05 0.000000000000000000e+00 0.000000000000000000e+00 4.270258432370610535e-05 0.000000000000000000e+00 0.000000000000000000e+00 0.000000000000000000e+00 1.711078220978379250e-04
0.000000000000000000e+00 0.000000000000000000e+00 0.000000000000000000e+00 0.000000000000000000e+00 0.000000000000000000e+00 0.000000000000000000e+00 0.000000000000000000e+00 0.000000000000000000e+00 0.000000000000000000e+00 0.000000000000000000e+00 0.000000000000000000e+00
3.219032427296042442e-03 7.453921134583652020e-04 2.991576329804956913e-04 9.028631029650568962e-04 0.000000000000000000e+00 4.522093106061220169e-03 9.526812471449375153e-03 1.179422484710812569e-03 4.052202275488525629e-04 5.817275959998369217e-03 1.174142025411128998e-02
0.000000000000000000e+00 8.727530366741120815e-04 0.000000000000000000e+00 0.000000000000000000e+00 0.000000000000000000e+00 0.000000000000000000e+00 0.000000000000000000e+00 1.033844091580249369e-04 5.384573247283697128e-03 0.000000000000000000e+00 3.157099941745400429e-03
0.000000000000000000e+00 4.827713593840599060e-03 0.000000000000000000e+00 2.687814412638545036e-03 1.332259998889639974e-04 0.000000000000000000e+00 0.000000000000000000e+00 0.000000000000000000e+00 4.836461041122674942e-03 0.000000000000000000e+00 2.265195595100522041e-03
4.458650480955839157e-03 0.000000000000000000e+00 6.906744092702865601e-03 2.982470206916332245e-03 2.629590220749378204e-02 0.000000000000000000e+00 0.000000000000000000e+00 0.000000000000000000e+00 7.483463268727064133e-03 0.000000000000000000e+00 7.347612641751766205e-03
0.000000000000000000e+00 0.000000000000000000e+00 1.522628053862717934e-06 0.000000000000000000e+00 3.548310360201867297e-06 0.000000000000000000e+00 4.596586791194567923e-07 8.165501412804587744e-07 0.000000000000000000e+00 1.458562110201455653e-06 0.000000000000000000e+00
