0.000000000000000000e+00 0.000000000000000000e+00 9.814680553972721100e-03 0.000000000000000000e+00 0.000000000000000000e+00 0.000000000000000000e+00 6.594697944819927216e-03 0.000000000000000000e+00 0.000000000000000000e+00 4.795870743691921234e-03 0.000000000000000000e+00
7.706470321863889694e-03 0.000000000000000000e+00 8.120321668684482574e-03 1.489136251620948315e-03 6.633944576606154442e-04 3.796072676777839661e-03 5.161782028153538704e-04 0.000000000000000000e+00 0.000000000000000000e+00 0.000000000000000000e+00 0.000000000000000000e+00
1.458151033148169518e-03 6.629886105656623840e-03 3.076200606301426888e-03 0.000000000000000000e+00 0.000000000000000000e+00 9.376650559715926647e-04 0.000000000000000000e+00 0.000000000000000000e+00 2.390570007264614105e-03 5.572848021984100342e-03 3.036329580936580896e-04
9.910482913255691528e-03 0.000000000000000000e+00 0.000000000000000000e+00 0.000000000000000000e+00 1.131449639797210693e-02 6.451810710132122040e-03 3.903274657204747200e-03 1.249251514673233032e-02 1.646211254410445690e-03 0.000000000000000000e+00 0.000000000000000000e+00
0.000000000000000000e+00 0.000000000000000000e+00 0.000000000000000000e+00 2.127942752849776298e-05 0.000000000000000000e+00 0.000000000000000000e+00 1.663369948801118881e-05 1.304145553149282932e-05 0.000000000000000000e+00 2.307855538674630225e-05 1.546256680740043521e-04
0.000000000000000000e+00 0.000000000000000000e+00 0.000000000000000000e+00 0.000000000000000000e+00 0.000000000000000000e+00 0.000000000000000000e+00 0.000000000000000000e+00 0.000000000000000000e+00 0.000000000000000000e+00 0.000000000000000000e+00 0.000000000000000000e+00
0.000000000000000000e+00 7.244948297739028931e-03 0.000000000000000000e+00 0.000000000000000000e+00 2.420199336484074593e-03 2.763575175777077675e-03 1.571803470142185688e-03 9.501866996288299561e-03 9.223847649991512299e-03 4.802686162292957306e-03 7.133473176509141922e-03
0.000000000000000000e+00 0.000000000000000000e+00 0.000000000000000000e+00 0.000000000000000000e+00 7.559137884527444839e-04 0.000000000000000000e+00 0.000000000000000000e+00 0.000000000000000000e+00 3.392192535102367401e-03 0.000000000000000000e+00 1.752591459080576897e-03
0.000000000000000000e+00 0.000000000000000000e+00 2.724151127040386200e-03 3.257198841311037540e-04 0.000000000000000000e+00 0.000000000000000000e+00 3.477634629234671593e-03 2.601681509986519814e-03 4.630013834685087204e-03 0.000000000000000000e+00 3.499677171930670738e-03
0.000000000000000000e+00 0.000000000000000000e+00 1.590406708419322968e-02 0.000000000000000000e+00 2.699875086545944214e-02 1.088663819245994091e-03 2.303374698385596275e-03 0.000000000000000000e+00 9.574264287948608398e-03 0.000000000000000000e+00 9.989799931645393372e-03
0.000000000000000000e+00 0.000000000000000000e+00 1.700100938251125626e-06 1.395477511323406361e-07 2.803213874358334579e-06 0.000000000000000000e+00 1.464390379624092020e-06 5.199004249334393535e-07 0.000000000000000000e+00 6.692516194561903831e-07 0.000000000000000000e+00
