0.000000000000000000e+00 1.062032165527343750e+02 2.194253125000000000e+04 0.000000000000000000e+00 0.000000000000000000e+00 0.000000000000000000e+00 5.501276367187500000e+03 1.620500000000000000e+03 2.965485351562500000e+04 3.064821243286132812e+01 0.000000000000000000e+00
9.802924804687500000e+03 5.349310636520385742e-01 1.812668151855468750e+02 1.191631250000000000e+04 1.524414550781250000e+04 7.753153800964355469e+00 7.176537500000000000e+04 1.997541040182113647e-01 1.664570236206054688e+01 5.555145507812500000e+03 4.185182812500000000e+04
6.913231372833251953e+00 9.632067382812500000e+03 1.921547317504882812e+01 7.261907226562500000e+03 6.754571571946144104e-03 9.311255859375000000e+03 7.382063964843750000e+03 1.813247070312500000e+02 8.094011718750000000e+03 1.623523406982421875e+02 1.511354675292968750e+02
1.970233203125000000e+04 2.578561604022979736e-01 6.710084533691406250e+01 1.371434478759765625e+02 1.738560028076171875e+02 4.679737472534179688e+01 7.188686370849609375e+01 1.506718945312500000e+04 1.249423632812500000e+04 4.592037597656250000e+03 1.384365539550781250e+02
2.022799253463745117e+00 5.542518138885498047e+00 3.587607860565185547e+00 7.492052316665649414e-01 2.501235485397046432e-07 1.211053371429443359e+00 1.817818641662597656e+00 1.844702005386352539e+00 6.816565394401550293e-01 2.180117368698120117e+00 2.110139656066894531e+01
0.000000000000000000e+00 0.000000000000000000e+00 0.000000000000000000e+00 0.000000000000000000e+00 0.000000000000000000e+00 0.000000000000000000e+00 0.000000000000000000e+00 0.000000000000000000e+00 0.000000000000000000e+00 0.000000000000000000e+00 0.000000000000000000e+00
2.307906640625000000e+04 3.920243750000000000e+04 1.216711035156250000e+04 2.629750781250000000e+04 9.920650390625000000e+03 1.502933398437500000e+04 1.236805957031250000e+04 3.827165126800537109e+00 1.532698632812500000e+04 4.197891015625000000e+04 3.026456298828125000e+02
1.808261108398437500e+01 9.025872070312500000e+03 7.045564453125000000e+03 4.219717085361480713e-01 1.672125781250000000e+04 4.004501953125000000e+03 1.870088012695312500e+03 1.717994140625000000e+03 1.213874316406250000e+04 4.274536132812500000e+00 7.967453613281250000e+03
7.194737243652343750e+01 2.586538696289062500e+02 1.173099853515625000e+03 9.903737304687500000e+03 1.797627508640289307e-01 5.073117675781250000e+02 5.898148437500000000e+03 4.898512363433837891e-01 1.269508666992187500e+02 3.127663612365722656e+00 1.754602783203125000e+03
0.000000000000000000e+00 0.000000000000000000e+00 0.000000000000000000e+00 0.000000000000000000e+00 1.784942436218261719e+01 0.000000000000000000e+00 0.000000000000000000e+00 0.000000000000000000e+00 0.000000000000000000e+00 0.000000000000000000e+00 0.000000000000000000e+00
0.000000000000000000e+00 1.452497486025094986e-02 1.766902804374694824e-01 1.347482157143531367e-05 2.235958278179168701e-01 0.000000000000000000e+00 3.511979430913925171e-02 9.662099182605743408e-02 0.000000000000000000e+00 6.166163831949234009e-02 3.146400209516286850e-03
