0.000000000000000000e+00 1.726213609799742699e-03 1.370775794982910156e+01 0.000000000000000000e+00 0.000000000000000000e+00 0.000000000000000000e+00 5.803450927734375000e+02 1.243085083007812500e+03 9.172324091196060181e-02 3.378648376464843750e+01 0.000000000000000000e+00
1.481821746826171875e+02 0.000000000000000000e+00 8.849407958984375000e+01 6.867558105468750000e+03 7.442375976562500000e+03 7.208066558837890625e+01 1.188063144683837891e+01 2.166525363922119141e+00 9.257400390625000000e+03 4.853052062988281250e+02 4.339507324218750000e+03
6.723363399505615234e-01 7.046138000488281250e+01 8.464116603136062622e-02 1.487053125000000000e+04 1.247418880462646484e+01 3.184808203125000000e+04 1.086370849609375000e+03 2.692187786102294922e+00 5.885717645287513733e-02 2.441065429687500000e+04 1.010165661573410034e-01
4.563370117187500000e+03 1.617072143554687500e+02 5.461119115352630615e-03 7.646733093261718750e+01 1.652218818664550781e+00 1.342612792968750000e+03 1.222920532226562500e+02 3.496166992187500000e+02 4.003772460937500000e+03 2.590011119842529297e+00 6.007841491699218750e+01
1.611432075500488281e+01 1.821317100524902344e+01 1.447010803222656250e+01 5.846112728118896484e+00 5.632225565932458267e-06 5.022343635559082031e+00 5.337081432342529297e+00 1.109458827972412109e+01 9.564519882202148438e+00 1.596109962463378906e+01 3.152173995971679688e+01
0.000000000000000000e+00 0.000000000000000000e+00 0.000000000000000000e+00 0.000000000000000000e+00 0.000000000000000000e+00 2.224200010299682617e+00 0.000000000000000000e+00 0.000000000000000000e+00 0.000000000000000000e+00 0.000000000000000000e+00 6.047593778930604458e-04
1.151013793945312500e+02 1.587009716033935547e+01 3.864218711853027344e+00 1.161711035156250000e+04 4.582086944580078125e+01 1.748735839843750000e+03 5.316019531250000000e+03 1.076699121093750000e+04 2.762915039062500000e+04 2.971441955566406250e+02 2.342209570312500000e+04
0.000000000000000000e+00 7.994194793701171875e+01 4.540863281250000000e+03 5.877313613891601562e+01 2.034042187500000000e+04 9.058473632812500000e+03 2.921088027954101562e+01 2.461959765625000000e+04 3.324924218750000000e+04 1.699777587890625000e+03 9.886926651000976562e+00
0.000000000000000000e+00 7.436484375000000000e+03 8.382892578125000000e+03 4.881907653808593750e+01 2.661946535110473633e+00 2.080377685546875000e+03 4.936838150024414062e+01 1.057032714843750000e+03 4.332691894531250000e+03 4.815228271484375000e+01 3.391663818359375000e+02
0.000000000000000000e+00 0.000000000000000000e+00 0.000000000000000000e+00 0.000000000000000000e+00 1.737656402587890625e+01 0.000000000000000000e+00 0.000000000000000000e+00 0.000000000000000000e+00 0.000000000000000000e+00 0.000000000000000000e+00 0.000000000000000000e+00
0.000000000000000000e+00 5.529026500880718231e-03 6.511975824832916260e-02 1.319531351327896118e-03 2.220934480428695679e-01 0.000000000000000000e+00 1.034405827522277832e-02 1.225710753351449966e-02 2.273424062877893448e-03 4.130871593952178955e-02 1.314725159318186343e-05
