0.000000000000000000e+00 2.195654087699949741e-04 0.000000000000000000e+00 0.000000000000000000e+00 0.000000000000000000e+00 0.000000000000000000e+00 6.215604022145271301e-03 0.000000000000000000e+00 0.000000000000000000e+00 0.000000000000000000e+00 0.000000000000000000e+00
1.142372656613588333e-02 0.000000000000000000e+00 4.742949269711971283e-03 5.119612440466880798e-03 4.640970437321811914e-04 0.000000000000000000e+00 1.598707749508321285e-04 0.000000000000000000e+00 0.000000000000000000e+00 0.000000000000000000e+00 1.728844712488353252e-03
3.633080341387540102e-04 0.000000000000000000e+00 0.000000000000000000e+00 3.283395199105143547e-03 3.823012346401810646e-03 3.232660703361034393e-03 8.775810711085796356e-03 0.000000000000000000e+00 4.595599602907896042e-03 1.806489774025976658e-03 5.707759410142898560e-03
1.470757741481065750e-02 0.000000000000000000e+00 0.000000000000000000e+00 5.124339368194341660e-04 9.285342530347406864e-04 2.459703013300895691e-03 0.000000000000000000e+00 8.904532529413700104e-03 2.289996249601244926e-03 4.945478867739439011e-03 0.000000000000000000e+00
2.831875463016331196e-04 3.003744059242308140e-04 5.667973891831934452e-04 4.243658913765102625e-04 0.000000000000000000e+00 5.032126209698617458e-04 4.534006293397396803e-04 3.831512876786291599e-04 5.276913288980722427e-04 4.740635922644287348e-04 1.160565530881285667e-03
0.000000000000000000e+00 0.000000000000000000e+00 0.000000000000000000e+00 0.000000000000000000e+00 0.000000000000000000e+00 6.357497477438300848e-05 0.000000000000000000e+00 0.000000000000000000e+00 0.000000000000000000e+00 0.000000000000000000e+00 0.000000000000000000e+00
3.403078531846404076e-03 8.597517386078834534e-03 0.000000000000000000e+00 3.072171006351709366e-03 0.000000000000000000e+00 2.928125613834708929e-04 6.152568385004997253e-04 0.000000000000000000e+00 5.201890133321285248e-03 4.169128835201263428e-03 0.000000000000000000e+00
0.000000000000000000e+00 1.487914589233696461e-03 0.000000000000000000e+00 0.000000000000000000e+00 0.000000000000000000e+00 0.000000000000000000e+00 0.000000000000000000e+00 3.983973059803247452e-03 5.721846595406532288e-03 0.000000000000000000e+00 0.000000000000000000e+00
0.000000000000000000e+00 6.057271268218755722e-03 3.023874713107943535e-03 2.724247984588146210e-03 0.000000000000000000e+00 0.000000000000000000e+00 3.169515170156955719e-03 0.000000000000000000e+00 0.000000000000000000e+00 3.957795910537242889e-03 2.880521351471543312e-03
5.556719843298196793e-03 4.282986279577016830e-03 1.343162264674901962e-02 0.000000000000000000e+00 4.049402475357055664e-02 0.000000000000000000e+00 0.000000000000000000e+00 0.000000000000000000e+00 1.208425778895616531e-02 0.000000000000000000e+00 1.186348032206296921e-02
0.000000000000000000e+00 0.000000000000000000e+00 4.118921879125991836e-06 1.517534201411763206e-06 9.231082003680057824e-06 0.000000000000000000e+00 1.086972133634844795e-06 1.957606627911445685e-06 1.904531814034271520e-06 5.312132998369634151e-06 0.000000000000000000e+00
