0.000000000000000000e+00 4.618864972144365311e-03 1.775120012462139130e-02 0.000000000000000000e+00 0.000000000000000000e+00 0.000000000000000000e+00 7.599863689392805099e-03 9.253217838704586029e-03 0.000000000000000000e+00 2.476659836247563362e-03 0.000000000000000000e+00
0.000000000000000000e+00 0.000000000000000000e+00 4.286609124392271042e-03 2.514591207727789879e-03 0.000000000000000000e+00 0.000000000000000000e+00 0.000000000000000000e+00 4.412833601236343384e-03 0.000000000000000000e+00 5.149275995790958405e-03 0.000000000000000000e+00
0.000000000000000000e+00 4.569128621369600296e-03 0.000000000000000000e+00 0.000000000000000000e+00 0.000000000000000000e+00 1.312135439366102219e-02 8.160898461937904358e-03 0.000000000000000000e+00 0.000000000000000000e+00 1.565928221680223942e-03 0.000000000000000000e+00
1.136023271828889847e-02 1.446539070457220078e-03 0.000000000000000000e+00 0.000000000000000000e+00 9.096221067011356354e-03 1.384006161242723465e-02 5.053727887570858002e-03 1.721697673201560974e-02 1.543369377031922340e-03 0.000000000000000000e+00 0.000000000000000000e+00
2.532129874452948570e-04 2.515246742404997349e-04 1.249565248144790530e-04 3.254213661421090364e-04 0.000000000000000000e+00 3.387244651094079018e-04 2.696021692827343941e-04 0.000000000000000000e+00 2.746240352280437946e-04 4.121877427678555250e-04 7.817309233359992504e-04
0.000000000000000000e+00 0.000000000000000000e+00 0.000000000000000000e+00 0.000000000000000000e+00 0.000000000000000000e+00 0.000000000000000000e+00 0.000000000000000000e+00 0.000000000000000000e+00 0.000000000000000000e+00 0.000000000000000000e+00 4.193625878542661667e-03
0.000000000000000000e+00 3.520527621731162071e-03 0.000000000000000000e+00 4.246211145073175430e-03 0.000000000000000000e+00 4.109072964638471603e-03 6.268200464546680450e-03 5.320000462234020233e-03 5.685285665094852448e-03 9.392580017447471619e-03 1.530508417636156082e-02
0.000000000000000000e+00 9.159042499959468842e-03 2.912970259785652161e-03 0.000000000000000000e+00 0.000000000000000000e+00 0.000000000000000000e+00 1.156470156274735928e-03 0.000000000000000000e+00 1.262584468349814415e-03 0.000000000000000000e+00 0.000000000000000000e+00
0.000000000000000000e+00 0.000000000000000000e+00 0.000000000000000000e+00 0.000000000000000000e+00 0.000000000000000000e+00 1.662280224263668060e-02 7.816170342266559601e-03 1.490692840889096260e-03 0.000000000000000000e+00 3.139812615700066090e-04 7.820487022399902344e-03
6.943439133465290070e-03 4.248523153364658356e-03 1.453149225562810898e-02 0.000000000000000000e+00 4.828462004661560059e-02 0.000000000000000000e+00 0.000000000000000000e+00 1.208876608870923519e-03 1.446107402443885803e-02 0.000000000000000000e+00 2.053319849073886871e-02
0.000000000000000000e+00 0.000000000000000000e+00 3.363701353009673767e-06 1.260065459973702673e-06 6.741669494658708572e-06 0.000000000000000000e+00 1.589036628502071835e-06 3.141656861771480180e-06 0.000000000000000000e+00 1.610710228305833880e-06 0.000000000000000000e+00
