0.000000000000000000e+00 0.000000000000000000e+00 0.000000000000000000e+00 0.000000000000000000e+00 0.000000000000000000e+00 0.000000000000000000e+00 0.000000000000000000e+00 2.965628402307629585e-03 6.057843100279569626e-03 0.000000000000000000e+00 0.000000000000000000e+00
1.721024885773658752e-02 0.000000000000000000e+00 0.000000000000000000e+00 3.332112450152635574e-03 1.840093027567490935e-04 0.000000000000000000e+00 3.704909933730959892e-03 0.000000000000000000e+00 0.000000000000000000e+00 0.000000000000000000e+00 0.000000000000000000e+00
0.000000000000000000e+00 0.000000000000000000e+00 6.102246232330799103e-03 2.681420650333166122e-03 0.000000000000000000e+00 0.000000000000000000e+00 7.677991408854722977e-03 0.000000000000000000e+00 0.000000000000000000e+00 7.897485047578811646e-03 1.206488464958965778e-03
5.636862013489007950e-03 0.000000000000000000e+00 0.000000000000000000e+00 6.517555564641952515e-03 1.440993044525384903e-02 0.000000000000000000e+00 0.000000000000000000e+00 0.000000000000000000e+00 1.445722009520977736e-04 0.000000000000000000e+00 0.000000000000000000e+00
4.593168850988149643e-04 7.449733675457537174e-04 5.723441136069595814e-04 7.677522953599691391e-04 0.000000000000000000e+00 6.504612974822521210e-04 4.856627783738076687e-04 5.454221391119062901e-04 5.821436643600463867e-04 7.846799562685191631e-04 1.481721526943147182e-03
0.000000000000000000e+00 0.000000000000000000e+00 0.000000000000000000e+00 0.000000000000000000e+00 0.000000000000000000e+00 0.000000000000000000e+00 0.000000000000000000e+00 0.000000000000000000e+00 0.000000000000000000e+00 0.000000000000000000e+00 0.000000000000000000e+00
1.215191278606653214e-02 5.999783752486109734e-04 0.000000000000000000e+00 3.657056717202067375e-03 0.000000000000000000e+00 1.384474709630012512e-02 4.470067564398050308e-03 1.022440753877162933e-02 2.020824328064918518e-02 6.196951959282159805e-03 1.043375767767429352e-02
0.000000000000000000e+00 1.790349371731281281e-02 0.000000000000000000e+00 0.000000000000000000e+00 6.898667197674512863e-03 2.026111818850040436e-03 1.409408170729875565e-03 0.000000000000000000e+00 9.085438214242458344e-03 0.000000000000000000e+00 7.204724475741386414e-03
4.687424749135971069e-03 0.000000000000000000e+00 0.000000000000000000e+00 0.000000000000000000e+00 0.000000000000000000e+00 0.000000000000000000e+00 5.768769420683383942e-03 6.299636152107268572e-05 0.000000000000000000e+00 6.843599840067327023e-04 8.510400541126728058e-03
2.979737939313054085e-03 0.000000000000000000e+00 4.493807442486286163e-03 0.000000000000000000e+00 4.691678658127784729e-02 0.000000000000000000e+00 0.000000000000000000e+00 0.000000000000000000e+00 5.715574137866497040e-03 0.000000000000000000e+00 9.056084789335727692e-03
0.000000000000000000e+00 3.674457502711447887e-06 1.373615577904274687e-05 3.495057399049983360e-06 1.512876951892394572e-05 0.000000000000000000e+00 1.135546153818722814e-05 8.018905646167695522e-06 3.296859631518600509e-06 7.037769137241411954e-06 3.009650129115470918e-07
