0.000000000000000000e+00 0.000000000000000000e+00 0.000000000000000000e+00 0.000000000000000000e+00 0.000000000000000000e+00 0.000000000000000000e+00 7.681420538574457169e-03 5.977579858154058456e-03 0.000000000000000000e+00 0.000000000000000000e+00 0.000000000000000000e+00
2.983505837619304657e-03 0.000000000000000000e+00 4.809122998267412186e-03 2.129114931449294090e-03 0.000000000000000000e+00 4.560702363960444927e-04 0.000000000000000000e+00 0.000000000000000000e+00 8.775917813181877136e-03 0.000000000000000000e+00 0.000000000000000000e+00
0.000000000000000000e+00 2.722725737839937210e-03 3.706550924107432365e-04 1.286621554754674435e-03 0.000000000000000000e+00 4.470048006623983383e-03 3.556594485417008400e-03 0.000000000000000000e+00 0.000000000000000000e+00 2.728739054873585701e-03 3.459528787061572075e-03
3.418496344238519669e-03 1.246919739060103893e-03 0.000000000000000000e+00 7.666757330298423767e-03 0.000000000000000000e+00 7.429322227835655212e-03 1.514936098828911781e-03 3.753563156351447105e-03 9.507673094049096107e-04 3.659223206341266632e-03 1.262878940906375647e-04
7.968407589942216873e-05 7.448947872035205364e-05 5.922723721596412361e-05 8.452832844341173768e-05 0.000000000000000000e+00 5.986533869872801006e-05 6.601243512704968452e-05 0.000000000000000000e+00 0.000000000000000000e+00 1.983356632990762591e-04 5.223287735134363174e-04
0.000000000000000000e+00 0.000000000000000000e+00 0.000000000000000000e+00 0.000000000000000000e+00 0.000000000000000000e+00 0.000000000000000000e+00 0.000000000000000000e+00 0.000000000000000000e+00 0.000000000000000000e+00 0.000000000000000000e+00 0.000000000000000000e+00
0.000000000000000000e+00 3.699042135849595070e-03 0.000000000000000000e+00 4.020513966679573059e-03 0.000000000000000000e+00 4.767857957631349564e-03 0.000000000000000000e+00 6.768022663891315460e-03 1.750556402839720249e-03 0.000000000000000000e+00 8.261593058705329895e-03
0.000000000000000000e+00 4.299031104892492294e-03 1.826919033192098141e-03 0.000000000000000000e+00 0.000000000000000000e+00 0.000000000000000000e+00 6.218462949618697166e-04 2.106288215145468712e-03 7.608705665916204453e-03 0.000000000000000000e+00 0.000000000000000000e+00
0.000000000000000000e+00 2.460604766383767128e-03 2.470508683472871780e-03 0.000000000000000000e+00 0.000000000000000000e+00 2.882966306060552597e-03 8.562323637306690216e-03 0.000000000000000000e+00 7.920698262751102448e-03 1.595378387719392776e-03 0.000000000000000000e+00
7.106496021151542664e-03 0.000000000000000000e+00 6.953707430511713028e-03 0.000000000000000000e+00 2.285667322576045990e-02 0.000000000000000000e+00 0.000000000000000000e+00 0.000000000000000000e+00 4.261293448507785797e-03 8.476864895783364773e-04 1.296507474035024643e-02
0.000000000000000000e+00 0.000000000000000000e+00 2.765704039120464586e-06 0.000000000000000000e+00 8.815582077659200877e-06 0.000000000000000000e+00 0.000000000000000000e+00 0.000000000000000000e+00 3.531577874582580989e-07 0.000000000000000000e+00 0.000000000000000000e+00
