0.000000000000000000e+00 2.971449575852602720e-04 2.661053789779543877e-03 0.000000000000000000e+00 0.000000000000000000e+00 0.000000000000000000e+00 1.462009036913514137e-03 1.839428325183689594e-03 0.000000000000000000e+00 0.000000000000000000e+00 0.000000000000000000e+00
8.547786856070160866e-04 0.000000000000000000e+00 4.321370215620845556e-04 1.422292669303715229e-03 0.000000000000000000e+00 0.000000000000000000e+00 1.456066616810858250e-03 0.000000000000000000e+00 0.000000000000000000e+00 0.000000000000000000e+00 0.000000000000000000e+00
7.840930484235286713e-04 1.310224761255085468e-03 9.298619115725159645e-04 0.000000000000000000e+00 0.000000000000000000e+00 2.049557631835341454e-03 0.000000000000000000e+00 0.000000000000000000e+00 0.000000000000000000e+00 1.360546448267996311e-03 0.000000000000000000e+00
1.160111860372126102e-03 0.000000000000000000e+00 0.000000000000000000e+00 0.000000000000000000e+00 3.680971713038161397e-05 0.000000000000000000e+00 4.083705716766417027e-04 2.586508402600884438e-03 0.000000000000000000e+00 1.688032527454197407e-03 0.000000000000000000e+00
2.054202741419430822e-05 1.338777801720425487e-04 5.232642070041038096e-05 7.421343616442754865e-05 0.000000000000000000e+00 9.616676106816157699e-05 7.499963248847052455e-05 2.829230652423575521e-05 1.295147667406126857e-04 8.678439917275682092e-05 2.368450514040887356e-04
0.000000000000000000e+00 0.000000000000000000e+00 3.618312068283557892e-03 1.935439766384661198e-03 0.000000000000000000e+00 1.060089282691478729e-02 0.000000000000000000e+00 0.000000000000000000e+00 9.251027950085699558e-04 2.911307383328676224e-03 1.321384310722351074e-02
1.612976659089326859e-03 5.083088180981576443e-04 2.740927739068865776e-04 1.710738288238644600e-03 0.000000000000000000e+00 3.248978173360228539e-03 0.000000000000000000e+00 0.000000000000000000e+00 3.082502866163849831e-03 3.594151930883526802e-03 0.000000000000000000e+00
0.000000000000000000e+00 1.619927352294325829e-03 0.000000000000000000e+00 0.000000000000000000e+00 0.000000000000000000e+00 3.656249900814145803e-04 6.091278046369552612e-04 0.000000000000000000e+00 3.328885650262236595e-04 0.000000000000000000e+00 8.217714494094252586e-04
0.000000000000000000e+00 0.000000000000000000e+00 0.000000000000000000e+00 0.000000000000000000e+00 0.000000000000000000e+00 0.000000000000000000e+00 4.138240765314549208e-04 2.477187081240117550e-05 0.000000000000000000e+00 1.536107854917645454e-03 0.000000000000000000e+00
1.695617916993796825e-03 3.109010634943842888e-03 3.976964391767978668e-03 0.000000000000000000e+00 9.457273408770561218e-03 0.000000000000000000e+00 0.000000000000000000e+00 4.098846984561532736e-04 2.761363051831722260e-03 0.000000000000000000e+00 3.902378492057323456e-03
0.000000000000000000e+00 0.000000000000000000e+00 1.210030518450366799e-06 9.040361987899814267e-07 2.128136657120194286e-06 0.000000000000000000e+00 1.693562126092729159e-06 1.821149567149404902e-06 0.000000000000000000e+00 1.754547383825411089e-06 6.567994148554134881e-08
