0.000000000000000000e+00 0.000000000000000000e+00 9.510005824267864227e-03 0.000000000000000000e+00 0.000000000000000000e+00 0.000000000000000000e+00 0.000000000000000000e+00 1.876729511423036456e-04 0.000000000000000000e+00 0.000000000000000000e+00 0.000000000000000000e+00
2.391182817518711090e-03 0.000000000000000000e+00 2.953547751531004906e-03 0.000000000000000000e+00 0.000000000000000000e+00 0.000000000000000000e+00 2.504516625776886940e-03 8.225386409321799874e-05 0.000000000000000000e+00 0.000000000000000000e+00 0.000000000000000000e+00
5.080877235741354525e-05 6.424004677683115005e-03 2.431423636153340340e-03 0.000000000000000000e+00 5.526538472622632980e-03 6.389252375811338425e-03 0.000000000000000000e+00 0.000000000000000000e+00 6.584659684449434280e-03 1.448580645956099033e-03 0.000000000000000000e+00
3.370847785845398903e-03 2.595001424197107553e-04 0.000000000000000000e+00 0.000000000000000000e+00 5.845676176249980927e-03 0.000000000000000000e+00 1.074059586971998215e-02 8.858860470354557037e-03 1.054157852195203304e-03 2.492786734364926815e-06 0.000000000000000000e+00
4.944619286106899381e-05 2.160533767892047763e-04 1.476294419262558222e-04 2.046338340733200312e-04 0.000000000000000000e+00 2.024726418312638998e-04 2.903723725466988981e-05 6.818895781179890037e-05 1.652464125072583556e-04 3.005929174832999706e-04 5.279058823361992836e-04
0.000000000000000000e+00 0.000000000000000000e+00 0.000000000000000000e+00 0.000000000000000000e+00 0.000000000000000000e+00 8.709304966032505035e-04 0.000000000000000000e+00 0.000000000000000000e+00 0.000000000000000000e+00 0.000000000000000000e+00 0.000000000000000000e+00
4.654342308640480042e-03 1.112230122089385986e-02 0.000000000000000000e+00 6.277459673583507538e-03 0.000000000000000000e+00 6.580239627510309219e-03 0.000000000000000000e+00 0.000000000000000000e+00 3.357731970027089119e-03 2.365073654800653458e-03 1.826109248213469982e-03
0.000000000000000000e+00 4.912236239761114120e-03 0.000000000000000000e+00 0.000000000000000000e+00 0.000000000000000000e+00 0.000000000000000000e+00 1.930537400767207146e-03 0.000000000000000000e+00 9.963675402104854584e-03 0.000000000000000000e+00 0.000000000000000000e+00
0.000000000000000000e+00 7.582795340567827225e-03 0.000000000000000000e+00 0.000000000000000000e+00 0.000000000000000000e+00 0.000000000000000000e+00 7.538038305938243866e-03 0.000000000000000000e+00 0.000000000000000000e+00 0.000000000000000000e+00 6.177595932967960835e-04
3.403025679290294647e-03 1.391234574839472771e-03 2.101135440170764923e-03 0.000000000000000000e+00 3.577181696891784668e-02 0.000000000000000000e+00 0.000000000000000000e+00 5.370904691517353058e-03 7.878101430833339691e-03 2.462839009240269661e-03 1.582541130483150482e-02
0.000000000000000000e+00 0.000000000000000000e+00 1.533479917270597070e-06 1.650170986522425665e-07 4.089748472324572504e-06 0.000000000000000000e+00 0.000000000000000000e+00 6.304158546299731825e-07 8.997612326311354991e-07 1.508902073510398623e-06 0.000000000000000000e+00
