0.000000000000000000e+00 0.000000000000000000e+00 0.000000000000000000e+00 0.000000000000000000e+00 0.000000000000000000e+00 0.000000000000000000e+00 0.000000000000000000e+00 0.000000000000000000e+00 0.000000000000000000e+00 0.000000000000000000e+00 0.000000000000000000e+00
1.318851858377456665e-02 0.000000000000000000e+00 1.869872212409973145e-03 4.602528177201747894e-03 0.000000000000000000e+00 0.000000000000000000e+00 1.800095633370801806e-04 1.632478786632418633e-03 6.853516679257154465e-03 0.000000000000000000e+00 0.000000000000000000e+00
0.000000000000000000e+00 1.505985041148960590e-03 0.000000000000000000e+00 0.000000000000000000e+00 0.000000000000000000e+00 1.651100441813468933e-02 9.887131862342357635e-03 0.000000000000000000e+00 1.104913651943206787e-02 7.772149518132209778e-03 0.000000000000000000e+00
8.223801851272583008e-03 0.000000000000000000e+00 0.000000000000000000e+00 2.920047845691442490e-04 6.860133726149797440e-03 0.000000000000000000e+00 0.000000000000000000e+00 0.000000000000000000e+00 0.000000000000000000e+00 1.349651836790144444e-03 0.000000000000000000e+00
0.000000000000000000e+00 1.243786973645910621e-04 8.064934809226542711e-05 1.546102139400318265e-04 0.000000000000000000e+00 1.827038504416123033e-04 4.553084727376699448e-05 0.000000000000000000e+00 7.088875281624495983e-05 1.363537739962339401e-04 6.536238943226635456e-04
0.000000000000000000e+00 0.000000000000000000e+00 0.000000000000000000e+00 0.000000000000000000e+00 0.000000000000000000e+00 0.000000000000000000e+00 0.000000000000000000e+00 0.000000000000000000e+00 0.000000000000000000e+00 0.000000000000000000e+00 0.000000000000000000e+00
6.199139170348644257e-03 1.061014086008071899e-02 0.000000000000000000e+00 5.373937077820301056e-03 0.000000000000000000e+00 3.071664366871118546e-03 3.764331340789794922e-03 7.453960366547107697e-03 0.000000000000000000e+00 5.149311851710081100e-03 6.677295081317424774e-03
0.000000000000000000e+00 9.161411784589290619e-03 2.491471532266587019e-04 0.000000000000000000e+00 0.000000000000000000e+00 0.000000000000000000e+00 2.064350526779890060e-03 0.000000000000000000e+00 1.332623977214097977e-02 1.006881985813379288e-02 6.004861090332269669e-03
0.000000000000000000e+00 8.886941708624362946e-03 0.000000000000000000e+00 0.000000000000000000e+00 0.000000000000000000e+00 0.000000000000000000e+00 4.281515255570411682e-03 0.000000000000000000e+00 4.822503309696912766e-03 7.008162327110767365e-03 0.000000000000000000e+00
5.620720330625772476e-03 0.000000000000000000e+00 3.968689590692520142e-03 1.403849804773926735e-03 4.772664234042167664e-02 6.984882056713104248e-03 0.000000000000000000e+00 6.190998828969895840e-04 0.000000000000000000e+00 0.000000000000000000e+00 2.016530744731426239e-02
0.000000000000000000e+00 0.000000000000000000e+00 5.324649009708082303e-06 0.000000000000000000e+00 1.352867730020079762e-05 0.000000000000000000e+00 4.483509599140234059e-07 0.000000000000000000e+00 3.036613627216411260e-09 6.571399353560991585e-07 0.000000000000000000e+00
