0.000000000000000000e+00 1.935881823301315308e-01 1.262100000000000000e+04 0.000000000000000000e+00 0.000000000000000000e+00 0.000000000000000000e+00 8.597088867187500000e+03 9.760632812500000000e+03 8.194011688232421875e+00 7.132484436035156250e+01 0.000000000000000000e+00
1.419399023437500000e+04 0.000000000000000000e+00 1.503348876953125000e+03 3.226938281250000000e+04 6.026163574218750000e+03 3.470939453125000000e+03 1.011935546875000000e+04 1.424505840986967087e-02 1.024259643554687500e+02 3.008825195312500000e+03 3.326291015625000000e+04
1.478788769531250000e+04 1.097830123901367188e+02 6.018132812500000000e+03 1.355509375000000000e+04 1.224954882812500000e+04 1.533625030517578125e+02 4.205159375000000000e+04 6.723569824218750000e+03 3.250248046875000000e+03 5.702153808593750000e+03 2.049841015625000000e+04
8.733718872070312500e+01 1.217813598632812500e+03 3.736755847930908203e-01 6.618585815429687500e+02 8.344073486328125000e+01 5.641100311279296875e+01 2.165769921875000000e+04 1.406850585937500000e+04 1.569050788879394531e+00 1.171819114685058594e+01 5.669180297851562500e+01
2.999547004699707031e+00 7.635145664215087891e+00 1.110938668251037598e+00 3.809664726257324219e+00 0.000000000000000000e+00 4.525950431823730469e+00 3.392932891845703125e+00 3.687182903289794922e+00 7.002100944519042969e+00 4.312169075012207031e+00 1.829467773437500000e+01
0.000000000000000000e+00 0.000000000000000000e+00 0.000000000000000000e+00 0.000000000000000000e+00 0.000000000000000000e+00 0.000000000000000000e+00 0.000000000000000000e+00 0.000000000000000000e+00 0.000000000000000000e+00 0.000000000000000000e+00 0.000000000000000000e+00
1.396664941406250000e+04 1.409430078125000000e+04 9.444080060347914696e-04 3.313871875000000000e+04 0.000000000000000000e+00 8.811829101562500000e+03 1.255221252441406250e+02 0.000000000000000000e+00 1.167191650390625000e+03 4.410896484375000000e+04 1.095737011718750000e+04
9.832951946009416133e-07 5.774837500000000000e+04 2.088268945312500000e+04 2.954145073890686035e-01 3.620798349380493164e+00 1.070038671875000000e+04 7.693416503906250000e+03 8.775566406250000000e+03 1.649653515625000000e+04 3.622080993652343750e+01 4.355277383183420170e-07
0.000000000000000000e+00 1.320623474121093750e+02 1.067654571533203125e+02 9.723195312500000000e+03 3.017215490341186523e+00 3.763552246093750000e+03 1.671131835937500000e+04 1.087485839843750000e+03 1.359631805419921875e+02 4.003507995605468750e+01 4.624985351562500000e+03
0.000000000000000000e+00 0.000000000000000000e+00 0.000000000000000000e+00 0.000000000000000000e+00 2.221141052246093750e+01 0.000000000000000000e+00 0.000000000000000000e+00 0.000000000000000000e+00 0.000000000000000000e+00 0.000000000000000000e+00 0.000000000000000000e+00
0.000000000000000000e+00 6.385035812854766846e-02 1.276123672723770142e-01 5.766054300693213008e-07 2.366484254598617554e-01 0.000000000000000000e+00 3.853730857372283936e-02 7.517535984516143799e-02 4.076323471963405609e-03 9.028744697570800781e-02 1.085917185992002487e-02
