0.000000000000000000e+00 0.000000000000000000e+00 6.455475464463233948e-03 0.000000000000000000e+00 0.000000000000000000e+00 0.000000000000000000e+00 4.839943721890449524e-03 0.000000000000000000e+00 0.000000000000000000e+00 4.338087514042854309e-03 0.000000000000000000e+00
8.541134186089038849e-03 0.000000000000000000e+00 1.063504256308078766e-03 0.000000000000000000e+00 0.000000000000000000e+00 0.000000000000000000e+00 1.459357445128262043e-03 0.000000000000000000e+00 7.074503228068351746e-03 0.000000000000000000e+00 0.000000000000000000e+00
3.018306102603673935e-03 8.819513954222202301e-03 1.262655598111450672e-03 8.109481073915958405e-03 0.000000000000000000e+00 1.097956392914056778e-02 1.145610399544239044e-02 0.000000000000000000e+00 0.000000000000000000e+00 2.319499850273132324e-03 0.000000000000000000e+00
5.659031681716442108e-03 9.378244285471737385e-04 2.568044466897845268e-03 0.000000000000000000e+00 2.874198369681835175e-03 3.085734089836478233e-03 7.854592055082321167e-03 2.709042048081755638e-03 6.172640714794397354e-03 5.293827503919601440e-03 0.000000000000000000e+00
1.622435229364782572e-05 1.660771522438153625e-04 3.475200719549320638e-05 1.418070896761491895e-04 0.000000000000000000e+00 8.686821092851459980e-05 9.801876876736059785e-05 1.501282968092709780e-04 2.962356666103005409e-05 2.292733261128887534e-04 3.700089291669428349e-04
0.000000000000000000e+00 0.000000000000000000e+00 0.000000000000000000e+00 0.000000000000000000e+00 0.000000000000000000e+00 0.000000000000000000e+00 0.000000000000000000e+00 0.000000000000000000e+00 0.000000000000000000e+00 0.000000000000000000e+00 2.910353709012269974e-03
5.114073865115642548e-03 0.000000000000000000e+00 0.000000000000000000e+00 1.814731513150036335e-03 0.000000000000000000e+00 1.637694658711552620e-03 2.897153841331601143e-03 0.000000000000000000e+00 7.657161913812160492e-03 9.437888511456549168e-04 2.296240767464041710e-03
0.000000000000000000e+00 2.381184458499774337e-04 4.946133121848106384e-04 0.000000000000000000e+00 2.570565789937973022e-03 6.319657899439334869e-03 0.000000000000000000e+00 0.000000000000000000e+00 8.946406655013561249e-03 0.000000000000000000e+00 4.065406508743762970e-03
1.877958304248750210e-03 0.000000000000000000e+00 0.000000000000000000e+00 0.000000000000000000e+00 0.000000000000000000e+00 7.143896073102951050e-03 4.652862902730703354e-03 0.000000000000000000e+00 0.000000000000000000e+00 0.000000000000000000e+00 0.000000000000000000e+00
0.000000000000000000e+00 0.000000000000000000e+00 7.427083328366279602e-03 0.000000000000000000e+00 3.177074715495109558e-02 0.000000000000000000e+00 3.925188444554805756e-03 0.000000000000000000e+00 8.005888201296329498e-03 2.900040475651621819e-03 1.866468042135238647e-02
0.000000000000000000e+00 0.000000000000000000e+00 6.073761596780968830e-06 1.611371544640860520e-06 5.369328846427379176e-06 0.000000000000000000e+00 9.946746786226867698e-07 2.456820311635965481e-06 0.000000000000000000e+00 0.000000000000000000e+00 0.000000000000000000e+00
