0.000000000000000000e+00 0.000000000000000000e+00 3.259070916101336479e-03 0.000000000000000000e+00 0.000000000000000000e+00 0.000000000000000000e+00 2.894685894716531038e-04 5.551843787543475628e-04 1.559263444505631924e-03 0.000000000000000000e+00 0.000000000000000000e+00
3.390427678823471069e-03 0.000000000000000000e+00 5.207280162721872330e-03 6.230213330127298832e-04 1.158944680355489254e-03 0.000000000000000000e+00 2.608625218272209167e-03 0.000000000000000000e+00 0.000000000000000000e+00 0.000000000000000000e+00 0.000000000000000000e+00
0.000000000000000000e+00 4.750358872115612030e-03 3.598096780478954315e-03 9.259452344849705696e-04 1.373968203552067280e-03 2.538807457312941551e-03 0.000000000000000000e+00 0.000000000000000000e+00 0.000000000000000000e+00 3.554088762030005455e-03 3.394263098016381264e-03
7.930314168334007263e-03 0.000000000000000000e+00 0.000000000000000000e+00 0.000000000000000000e+00 5.749515723437070847e-03 0.000000000000000000e+00 6.899725412949919701e-04 1.654760679230093956e-03 2.101937774568796158e-03 0.000000000000000000e+00 0.000000000000000000e+00
3.480290251900441945e-05 6.877684063510969281e-05 3.749967072508297861e-05 1.283864839933812618e-04 0.000000000000000000e+00 1.002895005512982607e-04 1.185917208204045892e-04 1.020853887894190848e-04 8.468622399959713221e-05 7.981355156516656280e-05 2.370554429944604635e-04
0.000000000000000000e+00 0.000000000000000000e+00 6.370740476995706558e-03 1.393894315697252750e-03 0.000000000000000000e+00 1.723215170204639435e-02 0.000000000000000000e+00 0.000000000000000000e+00 0.000000000000000000e+00 6.565509364008903503e-03 2.324642986059188843e-02
5.989357829093933105e-03 0.000000000000000000e+00 0.000000000000000000e+00 2.340730046853423119e-03 9.593481081537902355e-04 5.427012220025062561e-03 4.390605259686708450e-03 3.708539996296167374e-03 8.833926171064376831e-03 8.902576752007007599e-03 2.563993213698267937e-03
0.000000000000000000e+00 1.722604501992464066e-03 0.000000000000000000e+00 0.000000000000000000e+00 4.198099020868539810e-03 0.000000000000000000e+00 1.858249539509415627e-03 0.000000000000000000e+00 0.000000000000000000e+00 0.000000000000000000e+00 0.000000000000000000e+00
1.017436385154724121e-03 4.887997638434171677e-03 0.000000000000000000e+00 0.000000000000000000e+00 0.000000000000000000e+00 1.599902461748570204e-04 0.000000000000000000e+00 4.149303305894136429e-03 0.000000000000000000e+00 0.000000000000000000e+00 1.088518649339675903e-03
2.224705414846539497e-03 0.000000000000000000e+00 8.545204065740108490e-03 0.000000000000000000e+00 1.828760094940662384e-02 0.000000000000000000e+00 0.000000000000000000e+00 0.000000000000000000e+00 6.216413341462612152e-03 0.000000000000000000e+00 5.643782205879688263e-03
0.000000000000000000e+00 5.628863846141030081e-07 1.210330538015114143e-06 0.000000000000000000e+00 1.533448767077061348e-06 0.000000000000000000e+00 6.157326879474567249e-07 1.167515961242315825e-06 0.000000000000000000e+00 6.619166015298105776e-07 0.000000000000000000e+00
