0.000000000000000000e+00 7.099001953125000000e+03 7.127534375000000000e+04 0.000000000000000000e+00 0.000000000000000000e+00 0.000000000000000000e+00 3.605161328125000000e+04 7.306914550781250000e+03 8.355074218750000000e+03 8.665196990966796875e+01 0.000000000000000000e+00
7.099933593750000000e+04 1.302410623793548439e-07 2.021765156250000000e+05 8.860561718750000000e+04 4.055475592613220215e-01 1.560067812500000000e+05 1.064494921875000000e+05 2.050003593750000000e+05 5.416539764404296875e+01 1.037680781250000000e+05 1.156833515625000000e+05
1.113701057434082031e+01 2.912292773437500000e+04 3.326968908309936523e+00 1.015093326568603516e+01 2.303617858886718750e+01 3.062874609375000000e+04 6.695018005371093750e+01 3.635109329223632812e+01 1.970827102661132812e+00 1.125719375610351562e+02 2.733369064331054688e+01
2.249485351562500000e+04 4.548528671264648438e+00 9.578742187500000000e+03 5.534433746337890625e+01 1.024687011718750000e+03 1.903921508789062500e+03 3.949215332031250000e+03 1.542314062500000000e+04 8.837146484375000000e+03 5.205513671875000000e+03 5.966963195800781250e+01
6.587077617645263672e+00 1.291546440124511719e+01 7.153549194335937500e+00 7.933812141418457031e+00 2.228747871413361281e-05 7.703528404235839844e+00 8.238465309143066406e+00 5.095162868499755859e+00 2.314397811889648438e+00 1.570893287658691406e+01 2.988165664672851562e+01
0.000000000000000000e+00 0.000000000000000000e+00 0.000000000000000000e+00 0.000000000000000000e+00 0.000000000000000000e+00 9.544028639793395996e-01 0.000000000000000000e+00 0.000000000000000000e+00 0.000000000000000000e+00 0.000000000000000000e+00 3.316712536616250873e-05
1.289373437500000000e+04 1.926218750000000000e+04 1.328467968750000000e+04 2.588029687500000000e+04 1.693794615675869863e-08 4.883318359375000000e+04 6.781729492187500000e+03 4.219626235961914062e+01 2.337646484375000000e+04 7.426278686523437500e+01 5.386466796875000000e+03
5.295276039873897389e-08 9.638140625000000000e+03 6.113330841064453125e+01 2.077436065673828125e+01 2.223290039062500000e+04 2.444762736558914185e-03 1.137135772705078125e+02 8.557551574707031250e+01 9.534147644042968750e+01 1.015668334960937500e+02 7.635408020019531250e+01
0.000000000000000000e+00 3.756485366821289062e+01 4.463535644531250000e+03 8.529443359375000000e+01 2.553740739822387695e-01 8.590291015625000000e+03 1.609786071777343750e+02 7.990043640136718750e+00 9.385613250732421875e+01 5.125422668457031250e+01 1.651663085937500000e+04
0.000000000000000000e+00 0.000000000000000000e+00 0.000000000000000000e+00 0.000000000000000000e+00 2.208724403381347656e+01 0.000000000000000000e+00 0.000000000000000000e+00 0.000000000000000000e+00 8.559341949876397848e-06 0.000000000000000000e+00 0.000000000000000000e+00
0.000000000000000000e+00 1.055850996635854244e-03 8.108077943325042725e-02 3.332088887691497803e-02 2.115932852029800415e-01 0.000000000000000000e+00 3.032393380999565125e-02 1.226197853684425354e-01 2.011687960475683212e-03 1.025495082139968872e-01 0.000000000000000000e+00
