0.000000000000000000e+00 5.204300978220999241e-04 2.941088052466511726e-03 0.000000000000000000e+00 0.000000000000000000e+00 0.000000000000000000e+00 3.747588722035288811e-03 3.730797674506902695e-03 1.734862220473587513e-03 0.000000000000000000e+00 0.000000000000000000e+00
1.087737921625375748e-02 0.000000000000000000e+00 3.001173725351691246e-03 7.186995353549718857e-03 0.000000000000000000e+00 0.000000000000000000e+00 6.457127630710601807e-03 0.000000000000000000e+00 2.813883358612656593e-03 0.000000000000000000e+00 0.000000000000000000e+00
3.908930812031030655e-03 0.000000000000000000e+00 3.796859644353389740e-03 0.000000000000000000e+00 2.065714448690414429e-03 5.344549659639596939e-03 0.000000000000000000e+00 0.000000000000000000e+00 1.859356998465955257e-03 7.342996541410684586e-03 6.114590447396039963e-03
1.022904925048351288e-02 0.000000000000000000e+00 4.702006990555673838e-04 0.000000000000000000e+00 2.715454436838626862e-03 0.000000000000000000e+00 3.485281253233551979e-03 9.233326651155948639e-03 5.157477688044309616e-03 2.882432192564010620e-03 0.000000000000000000e+00
0.000000000000000000e+00 1.404544309480115771e-05 6.697035132674500346e-05 5.119499110151082277e-05 0.000000000000000000e+00 1.338290167041122913e-04 7.453485159203410149e-05 0.000000000000000000e+00 9.645130194257944822e-05 2.035090728895738721e-04 4.312177188694477081e-04
0.000000000000000000e+00 0.000000000000000000e+00 0.000000000000000000e+00 0.000000000000000000e+00 0.000000000000000000e+00 0.000000000000000000e+00 0.000000000000000000e+00 0.000000000000000000e+00 0.000000000000000000e+00 0.000000000000000000e+00 0.000000000000000000e+00
7.093634456396102905e-03 3.301922697573900223e-03 0.000000000000000000e+00 0.000000000000000000e+00 0.000000000000000000e+00 2.733827801421284676e-03 0.000000000000000000e+00 6.527184508740901947e-03 0.000000000000000000e+00 6.141880061477422714e-03 9.610207751393318176e-03
0.000000000000000000e+00 0.000000000000000000e+00 0.000000000000000000e+00 0.000000000000000000e+00 2.937931334599852562e-03 0.000000000000000000e+00 0.000000000000000000e+00 0.000000000000000000e+00 1.069337408989667892e-02 3.698602085933089256e-03 4.034753423184156418e-03
0.000000000000000000e+00 3.093845443800091743e-04 1.702227629721164703e-03 3.192442469298839569e-03 0.000000000000000000e+00 0.000000000000000000e+00 1.622047508135437965e-03 3.896581241860985756e-03 2.375205513089895248e-03 3.664741059765219688e-03 0.000000000000000000e+00
1.172980200499296188e-02 5.326066166162490845e-03 1.403332315385341644e-02 0.000000000000000000e+00 2.901550196111202240e-02 2.879455685615539551e-03 0.000000000000000000e+00 0.000000000000000000e+00 7.351483800448477268e-04 0.000000000000000000e+00 1.217219326645135880e-02
0.000000000000000000e+00 0.000000000000000000e+00 2.592290229586069472e-06 1.509242224528861698e-06 6.386913355527212843e-06 0.000000000000000000e+00 3.307868155388860032e-06 9.413907378075236920e-07 0.000000000000000000e+00 3.608509132391191088e-06 0.000000000000000000e+00
