0.000000000000000000e+00 8.645473862998187542e-04 8.854730054736137390e-03 0.000000000000000000e+00 0.000000000000000000e+00 0.000000000000000000e+00 0.000000000000000000e+00 1.372305396944284439e-02 1.424354151822626591e-03 0.000000000000000000e+00 0.000000000000000000e+00
1.499809790402650833e-02 0.000000000000000000e+00 1.553649269044399261e-02 5.558513570576906204e-03 0.000000000000000000e+00 0.000000000000000000e+00 6.820297334343194962e-03 0.000000000000000000e+00 0.000000000000000000e+00 0.000000000000000000e+00 0.000000000000000000e+00
4.981471225619316101e-03 0.000000000000000000e+00 0.000000000000000000e+00 0.000000000000000000e+00 3.219130448997020721e-03 1.201358251273632050e-02 0.000000000000000000e+00 4.410254303365945816e-03 6.330652628093957901e-03 9.307963773608207703e-03 1.076297182589769363e-02
2.274451404809951782e-02 0.000000000000000000e+00 0.000000000000000000e+00 0.000000000000000000e+00 9.678496047854423523e-03 0.000000000000000000e+00 0.000000000000000000e+00 1.901887729763984680e-02 0.000000000000000000e+00 3.319340059533715248e-03 0.000000000000000000e+00
1.355769381916616112e-05 4.650623013731092215e-04 4.600860120262950659e-04 4.198589303996413946e-04 0.000000000000000000e+00 5.502252024598419666e-04 5.357292247936129570e-04 0.000000000000000000e+00 5.205870256759226322e-04 8.818866917863488197e-04 1.908587175421416759e-03
0.000000000000000000e+00 0.000000000000000000e+00 0.000000000000000000e+00 0.000000000000000000e+00 0.000000000000000000e+00 3.767814487218856812e-04 0.000000000000000000e+00 0.000000000000000000e+00 0.000000000000000000e+00 0.000000000000000000e+00 0.000000000000000000e+00
5.258222226984798908e-04 1.001959946006536484e-02 0.000000000000000000e+00 0.000000000000000000e+00 0.000000000000000000e+00 4.457186441868543625e-03 6.534400396049022675e-03 1.475516706705093384e-03 3.124357201159000397e-03 9.009602479636669159e-03 9.066805243492126465e-03
0.000000000000000000e+00 0.000000000000000000e+00 0.000000000000000000e+00 6.926373112946748734e-03 0.000000000000000000e+00 0.000000000000000000e+00 0.000000000000000000e+00 2.680705860257148743e-03 1.012155227363109589e-02 2.774690801743417978e-04 0.000000000000000000e+00
0.000000000000000000e+00 1.570320501923561096e-02 1.158160739578306675e-03 1.126742572523653507e-03 0.000000000000000000e+00 5.893170018680393696e-04 7.806961075402796268e-04 3.850567620247602463e-03 0.000000000000000000e+00 8.688515052199363708e-03 7.127217482775449753e-03
1.869632303714752197e-02 1.317578647285699844e-02 2.334661781787872314e-02 0.000000000000000000e+00 4.252607375383377075e-02 0.000000000000000000e+00 0.000000000000000000e+00 1.157710561528801918e-03 9.321765042841434479e-03 0.000000000000000000e+00 1.424182020127773285e-02
0.000000000000000000e+00 0.000000000000000000e+00 1.150040679931407794e-05 3.326239038869971409e-06 3.048335929634049535e-05 0.000000000000000000e+00 2.806343673000810668e-06 8.709190296940505505e-06 0.000000000000000000e+00 1.309256367676425725e-05 0.000000000000000000e+00
