0.000000000000000000e+00 4.234537887573242188e+01 2.124055786132812500e+02 0.000000000000000000e+00 0.000000000000000000e+00 0.000000000000000000e+00 1.115282363891601562e+02 3.586081787109375000e+03 6.258575916290283203e+00 4.519958019256591797e+00 0.000000000000000000e+00
3.079491210937500000e+03 2.364652832031250000e+03 7.356370544433593750e+01 8.953906860351562500e+02 2.926476478576660156e+00 6.401958007812500000e+02 5.621743774414062500e+01 3.005408447265625000e+03 1.718853912353515625e+02 1.126632812500000000e+04 2.586265429687500000e+04
1.728071975708007812e+01 5.943505371093750000e+03 1.103198677301406860e-01 1.610346679687500000e+04 3.921393394470214844e+00 9.247148437500000000e+03 1.390332794189453125e+01 3.658255767822265625e+01 2.240207061767578125e+02 5.301773437500000000e+04 8.209961652755737305e-02
2.465815917968750000e+03 7.156394958496093750e+00 1.353240108489990234e+01 1.237574157714843750e+02 9.165550537109375000e+02 2.152908897399902344e+01 2.468505615234375000e+03 3.327991333007812500e+02 2.118115722656250000e+03 2.691877841949462891e+00 8.990142822265625000e+02
1.457379817962646484e+00 1.386600613594055176e+00 5.302573680877685547e+00 9.922329187393188477e-01 3.686352329168585129e-06 1.064982175827026367e+00 8.472876548767089844e-01 8.828580975532531738e-01 7.997575998306274414e-01 1.148563957214355469e+01 2.106569290161132812e+01
0.000000000000000000e+00 0.000000000000000000e+00 0.000000000000000000e+00 0.000000000000000000e+00 0.000000000000000000e+00 2.103442847728729248e-01 0.000000000000000000e+00 0.000000000000000000e+00 0.000000000000000000e+00 0.000000000000000000e+00 8.642826287541538477e-05
1.179369277954101562e+02 1.556521484375000000e+03 0.000000000000000000e+00 5.065313476562500000e+03 3.013648681640625000e+02 2.223831367492675781e+01 1.794866027832031250e+02 6.239588928222656250e+01 3.440309082031250000e+03 5.706726562500000000e+03 1.297802246093750000e+03
6.849253177642822266e-02 1.031715087890625000e+03 2.067894531250000000e+03 3.288198852539062500e+01 6.742216796875000000e+03 5.174725585937500000e+03 1.521399116516113281e+01 6.246819335937500000e+03 2.973278320312500000e+03 3.665833175182342529e-01 5.702174186706542969e+00
5.481451988220214844e+00 4.632476562500000000e+03 2.039157104492187500e+02 1.317075683593750000e+03 2.395923042297363281e+01 7.990516601562500000e+03 1.090097351074218750e+02 2.764968872070312500e+01 4.883663085937500000e+03 3.059336090087890625e+01 1.632395324707031250e+02
0.000000000000000000e+00 0.000000000000000000e+00 0.000000000000000000e+00 0.000000000000000000e+00 1.876612472534179688e+01 0.000000000000000000e+00 0.000000000000000000e+00 0.000000000000000000e+00 0.000000000000000000e+00 0.000000000000000000e+00 3.991644829511642456e-03
0.000000000000000000e+00 2.889923052862286568e-04 4.935189709067344666e-02 2.150500193238258362e-03 2.085190415382385254e-01 0.000000000000000000e+00 6.487092003226280212e-03 7.505542598664760590e-03 2.654699710546992719e-05 1.418467238545417786e-02 8.287807418128068093e-08
