0.000000000000000000e+00 0.000000000000000000e+00 1.532972673885524273e-03 0.000000000000000000e+00 0.000000000000000000e+00 0.000000000000000000e+00 4.774545668624341488e-04 8.182091405615210533e-04 0.000000000000000000e+00 0.000000000000000000e+00 0.000000000000000000e+00
1.214857795275747776e-03 0.000000000000000000e+00 0.000000000000000000e+00 1.067846897058188915e-03 0.000000000000000000e+00 0.000000000000000000e+00 1.077008317224681377e-03 0.000000000000000000e+00 0.000000000000000000e+00 0.000000000000000000e+00 0.000000000000000000e+00
0.000000000000000000e+00 2.645835746079683304e-03 1.426688831998035312e-04 0.000000000000000000e+00 1.815517316572368145e-03 1.893439330160617828e-03 6.965414504520595074e-04 0.000000000000000000e+00 0.000000000000000000e+00 2.676401927601546049e-04 0.000000000000000000e+00
3.457182552665472031e-03 0.000000000000000000e+00 0.000000000000000000e+00 0.000000000000000000e+00 9.133744752034544945e-04 0.000000000000000000e+00 1.820097793824970722e-03 4.395644180476665497e-03 1.306555233895778656e-03 8.238711598096415401e-05 0.000000000000000000e+00
1.437215541955083609e-04 2.792143495753407478e-04 1.451999705750495195e-04 2.191420499002560973e-04 0.000000000000000000e+00 2.263252972625195980e-04 2.098741388181224465e-04 1.444906229153275490e-04 2.760173229034990072e-04 2.806510310620069504e-04 5.080135306343436241e-04
0.000000000000000000e+00 0.000000000000000000e+00 1.017709262669086456e-03 3.737198421731591225e-03 0.000000000000000000e+00 1.051003020256757736e-02 0.000000000000000000e+00 0.000000000000000000e+00 0.000000000000000000e+00 2.995230024680495262e-03 1.439812406897544861e-02
1.042019808664917946e-03 1.090486766770482063e-03 8.311495766974985600e-04 2.029686234891414642e-03 0.000000000000000000e+00 8.747147512622177601e-04 1.669342513196170330e-03 0.000000000000000000e+00 1.578012248501181602e-03 2.474369481205940247e-03 0.000000000000000000e+00
0.000000000000000000e+00 2.898282371461391449e-03 1.825006795115768909e-03 0.000000000000000000e+00 0.000000000000000000e+00 0.000000000000000000e+00 1.175950863398611546e-03 0.000000000000000000e+00 0.000000000000000000e+00 0.000000000000000000e+00 2.684435457922518253e-04
0.000000000000000000e+00 0.000000000000000000e+00 0.000000000000000000e+00 2.215393818914890289e-03 0.000000000000000000e+00 3.043282544240355492e-03 1.253638882189989090e-03 0.000000000000000000e+00 0.000000000000000000e+00 0.000000000000000000e+00 6.341685366351157427e-05
3.669711994007229805e-03 1.274809008464217186e-03 4.150478169322013855e-03 0.000000000000000000e+00 9.480216540396213531e-03 0.000000000000000000e+00 2.969749912153929472e-04 2.053747302852571011e-04 1.492929179221391678e-03 0.000000000000000000e+00 5.670938175171613693e-03
0.000000000000000000e+00 9.823861546465195715e-07 4.985298801329918206e-06 1.811101355997379869e-06 6.120992566138738766e-06 0.000000000000000000e+00 5.592879119831195567e-07 6.235503406060161069e-06 0.000000000000000000e+00 5.082613824924919754e-06 4.904920842818683013e-07
