2.352343797683715820e-01 2.068058776855468750e+01 2.210877799987792969e+01 4.703112602233886719e+00 2.693214416503906250e-01 4.857407212257385254e-01 2.570582962036132812e+01 2.726771926879882812e+01 2.259726333618164062e+01 1.822075462341308594e+01 8.733059465885162354e-02
5.461975097656250000e+03 0.000000000000000000e+00 5.426604614257812500e+02 3.437641113281250000e+03 1.201634902954101562e+02 8.871384429931640625e+01 1.826481079101562500e+03 4.329040527343750000e+03 5.512122070312500000e+03 5.827597045898437500e+01 7.552412109375000000e+02
5.545117187500000000e+03 2.230123046875000000e+04 1.201929492187500000e+04 2.037385711669921875e+02 6.304485351562500000e+03 9.397070312500000000e+03 6.557147460937500000e+03 5.157767534255981445e-01 1.320222473144531250e+02 1.719554882812500000e+04 1.478358154296875000e+02
1.511228271484375000e+03 1.341714965820312500e+03 0.000000000000000000e+00 3.253995361328125000e+02 3.326653564453125000e+03 1.895034942626953125e+02 3.656395751953125000e+03 5.778364257812500000e+03 7.820362792968750000e+03 2.871054199218750000e+03 1.121391906738281250e+02
2.824192428588867188e+01 3.322750091552734375e+01 1.875405120849609375e+01 2.092100143432617188e+01 0.000000000000000000e+00 1.278179550170898438e+01 2.617064857482910156e+01 3.265643310546875000e+01 3.144642639160156250e+01 4.687744140625000000e+01 1.053135757446289062e+02
0.000000000000000000e+00 0.000000000000000000e+00 0.000000000000000000e+00 0.000000000000000000e+00 0.000000000000000000e+00 0.000000000000000000e+00 0.000000000000000000e+00 0.000000000000000000e+00 0.000000000000000000e+00 0.000000000000000000e+00 0.000000000000000000e+00
9.393396377563476562e+00 2.688251953125000000e+02 0.000000000000000000e+00 6.639763671875000000e+03 4.417065083980560303e-01 3.709160766601562500e+02 7.969937133789062500e+01 7.200125694274902344e+00 1.448052124023437500e+03 4.891237304687500000e+03 3.565551757812500000e+02
2.949035882949829102e+00 4.526686523437500000e+03 1.298639648437500000e+04 1.281005554199218750e+02 9.339618164062500000e+03 3.169814453125000000e+03 1.777804101562500000e+04 5.573486328125000000e+03 4.509015197753906250e+02 3.033305168151855469e+01 2.504217529296875000e+03
0.000000000000000000e+00 2.138782043457031250e+02 7.275636718750000000e+03 8.299108886718750000e+02 2.035662174224853516e+00 7.930110351562500000e+03 2.499607177734375000e+03 1.072504882812500000e+03 2.255611610412597656e+01 1.152998901367187500e+03 6.169799804687500000e+02
0.000000000000000000e+00 0.000000000000000000e+00 0.000000000000000000e+00 0.000000000000000000e+00 5.894533920288085938e+01 0.000000000000000000e+00 0.000000000000000000e+00 0.000000000000000000e+00 0.000000000000000000e+00 0.000000000000000000e+00 0.000000000000000000e+00
0.000000000000000000e+00 2.897101865073636873e-07 7.275758981704711914e-01 2.692377311177551746e-04 1.014805436134338379e+00 0.000000000000000000e+00 3.513455158099532127e-03 2.400952130556106567e-01 1.259835407836362720e-04 3.891303837299346924e-01 2.994973513636978169e-08
