0.000000000000000000e+00 0.000000000000000000e+00 1.664616353809833527e-02 0.000000000000000000e+00 0.000000000000000000e+00 0.000000000000000000e+00 4.729790816782042384e-05 6.182712968438863754e-03 2.212962834164500237e-03 4.229107871651649475e-03 0.000000000000000000e+00
1.341970264911651611e-02 0.000000000000000000e+00 1.665520109236240387e-02 1.016141567379236221e-02 0.000000000000000000e+00 0.000000000000000000e+00 4.857275169342756271e-03 5.104125011712312698e-03 0.000000000000000000e+00 5.874035879969596863e-03 0.000000000000000000e+00
1.758497091941535473e-03 0.000000000000000000e+00 0.000000000000000000e+00 1.027951599098742008e-03 1.436231425032019615e-03 0.000000000000000000e+00 1.819620607420802116e-03 0.000000000000000000e+00 0.000000000000000000e+00 8.453573100268840790e-03 2.259782515466213226e-03
1.829550229012966156e-02 1.817142358049750328e-03 0.000000000000000000e+00 5.162404850125312805e-03 1.044976431876420975e-02 4.261876922100782394e-03 9.652216918766498566e-03 1.031648181378841400e-02 5.613619461655616760e-03 1.783457002602517605e-03 0.000000000000000000e+00
0.000000000000000000e+00 3.792775169131346047e-05 8.061837434070184827e-05 0.000000000000000000e+00 0.000000000000000000e+00 2.222053299192339182e-04 9.857426630333065987e-05 0.000000000000000000e+00 5.593995956587605178e-05 1.925260148709639907e-04 4.488138947635889053e-04
0.000000000000000000e+00 0.000000000000000000e+00 0.000000000000000000e+00 0.000000000000000000e+00 0.000000000000000000e+00 4.914850069326348603e-05 0.000000000000000000e+00 0.000000000000000000e+00 0.000000000000000000e+00 0.000000000000000000e+00 0.000000000000000000e+00
2.989812521263957024e-03 1.473323348909616470e-02 0.000000000000000000e+00 0.000000000000000000e+00 0.000000000000000000e+00 1.281229220330715179e-02 7.957979105412960052e-04 4.327988252043724060e-03 6.575017236173152924e-03 2.681251382455229759e-03 3.370203077793121338e-03
0.000000000000000000e+00 0.000000000000000000e+00 0.000000000000000000e+00 9.765041060745716095e-03 4.387491848319768906e-03 0.000000000000000000e+00 6.080251187086105347e-04 1.144029665738344193e-03 1.437274552881717682e-02 0.000000000000000000e+00 0.000000000000000000e+00
0.000000000000000000e+00 9.208105504512786865e-03 1.729343831539154053e-02 0.000000000000000000e+00 0.000000000000000000e+00 1.546548563055694103e-03 1.292893663048744202e-02 8.785883896052837372e-03 0.000000000000000000e+00 9.649014682509005070e-04 0.000000000000000000e+00
5.339116323739290237e-03 5.757585167884826660e-03 7.385723758488893509e-03 0.000000000000000000e+00 3.411800414323806763e-02 0.000000000000000000e+00 0.000000000000000000e+00 5.646788049489259720e-03 1.512493100017309189e-02 5.164467147551476955e-04 1.706397905945777893e-02
0.000000000000000000e+00 5.586924771705525927e-07 2.461686790411476977e-06 1.532880673948966432e-06 4.057792011735728011e-06 0.000000000000000000e+00 1.347922648164967541e-06 6.850279419268190395e-07 5.627804853247653227e-07 3.140382659694296308e-06 0.000000000000000000e+00
