0.000000000000000000e+00 0.000000000000000000e+00 0.000000000000000000e+00 0.000000000000000000e+00 0.000000000000000000e+00 0.000000000000000000e+00 1.358773093670606613e-03 0.000000000000000000e+00 0.000000000000000000e+00 0.000000000000000000e+00 0.000000000000000000e+00
8.504687808454036713e-03 0.000000000000000000e+00 9.683520183898508549e-04 5.584034137427806854e-03 0.000000000000000000e+00 0.000000000000000000e+00 0.000000000000000000e+00 0.000000000000000000e+00 1.156482147052884102e-03 0.000000000000000000e+00 2.084475272567942739e-05
9.063149918802082539e-04 0.000000000000000000e+00 0.000000000000000000e+00 0.000000000000000000e+00 0.000000000000000000e+00 2.726706443354487419e-03 5.933057051151990891e-03 0.000000000000000000e+00 4.276208579540252686e-03 9.880339726805686951e-03 1.800830825231969357e-03
2.869597170501947403e-03 0.000000000000000000e+00 0.000000000000000000e+00 0.000000000000000000e+00 3.078992012888193130e-03 0.000000000000000000e+00 1.009182352572679520e-02 4.013306926935911179e-03 6.755813956260681152e-04 0.000000000000000000e+00 0.000000000000000000e+00
0.000000000000000000e+00 2.748601900748326443e-06 1.284711761400103569e-04 5.205015986575745046e-05 0.000000000000000000e+00 5.905957368668168783e-05 6.305564602371305227e-05 4.708604319603182375e-05 9.546119690639898181e-05 1.187421730719506741e-04 4.025461676064878702e-04
0.000000000000000000e+00 0.000000000000000000e+00 0.000000000000000000e+00 0.000000000000000000e+00 0.000000000000000000e+00 0.000000000000000000e+00 0.000000000000000000e+00 0.000000000000000000e+00 0.000000000000000000e+00 0.000000000000000000e+00 0.000000000000000000e+00
2.391294576227664948e-03 5.125511437654495239e-03 0.000000000000000000e+00 7.261144928634166718e-03 0.000000000000000000e+00 0.000000000000000000e+00 0.000000000000000000e+00 5.506164394319057465e-03 1.082003582268953323e-03 7.243396830745041370e-04 6.559968460351228714e-04
0.000000000000000000e+00 1.479837694205343723e-03 0.000000000000000000e+00 3.400956746190786362e-03 0.000000000000000000e+00 0.000000000000000000e+00 3.192536532878875732e-03 2.241118054371327162e-04 1.056574750691652298e-02 6.102862767875194550e-03 8.001728914678096771e-03
0.000000000000000000e+00 0.000000000000000000e+00 0.000000000000000000e+00 1.741562737151980400e-03 0.000000000000000000e+00 2.116275485605001450e-03 6.742752739228308201e-04 0.000000000000000000e+00 1.826918451115489006e-04 0.000000000000000000e+00 1.780688529834151268e-03
6.415117066353559494e-03 0.000000000000000000e+00 7.846711203455924988e-03 0.000000000000000000e+00 2.795798145234584808e-02 3.010687651112675667e-03 0.000000000000000000e+00 0.000000000000000000e+00 0.000000000000000000e+00 0.000000000000000000e+00 1.388054713606834412e-02
0.000000000000000000e+00 0.000000000000000000e+00 2.419411202936316840e-06 0.000000000000000000e+00 6.053756806068122387e-06 0.000000000000000000e+00 3.364465328559163027e-07 0.000000000000000000e+00 0.000000000000000000e+00 1.614891971257748082e-06 0.000000000000000000e+00
