4.534151594270952046e-05 2.662896295078098774e-04 2.783322415780276060e-04 0.000000000000000000e+00 0.000000000000000000e+00 0.000000000000000000e+00 2.548904158174991608e-04 2.890905598178505898e-04 2.278244064655154943e-04 1.948244171217083931e-04 3.210068098269402981e-05
2.829501405358314514e-03 0.000000000000000000e+00 1.584533951245248318e-03 0.000000000000000000e+00 0.000000000000000000e+00 0.000000000000000000e+00 0.000000000000000000e+00 0.000000000000000000e+00 0.000000000000000000e+00 0.000000000000000000e+00 0.000000000000000000e+00
0.000000000000000000e+00 7.940287468954920769e-04 0.000000000000000000e+00 0.000000000000000000e+00 0.000000000000000000e+00 1.903569558635354042e-03 0.000000000000000000e+00 3.891316882800310850e-04 2.156496513634920120e-03 3.383807372301816940e-03 0.000000000000000000e+00
6.861911620944738388e-03 0.000000000000000000e+00 0.000000000000000000e+00 0.000000000000000000e+00 2.089211193379014730e-04 0.000000000000000000e+00 0.000000000000000000e+00 1.660748268477618694e-03 0.000000000000000000e+00 1.278179930523037910e-03 0.000000000000000000e+00
5.522337232832796872e-06 4.076671029906719923e-05 4.096778502571396530e-05 2.688599852262996137e-05 0.000000000000000000e+00 3.304635538370348513e-05 4.872062709182500839e-05 0.000000000000000000e+00 6.926014611963182688e-05 4.984613406122662127e-05 1.353006664430722594e-04
0.000000000000000000e+00 0.000000000000000000e+00 0.000000000000000000e+00 0.000000000000000000e+00 0.000000000000000000e+00 0.000000000000000000e+00 0.000000000000000000e+00 0.000000000000000000e+00 0.000000000000000000e+00 0.000000000000000000e+00 4.841142799705266953e-04
2.695479488465934992e-04 2.423798898234963417e-03 0.000000000000000000e+00 3.495668526738882065e-03 0.000000000000000000e+00 0.000000000000000000e+00 2.780298935249447823e-03 2.484498079866170883e-03 2.680508769117295742e-04 1.428000396117568016e-03 2.299809595569968224e-03
0.000000000000000000e+00 6.054723169654607773e-03 1.651426573516801000e-04 0.000000000000000000e+00 0.000000000000000000e+00 7.838833698770031333e-05 0.000000000000000000e+00 0.000000000000000000e+00 0.000000000000000000e+00 6.982185877859592438e-04 0.000000000000000000e+00
0.000000000000000000e+00 2.372654154896736145e-03 0.000000000000000000e+00 0.000000000000000000e+00 0.000000000000000000e+00 7.597636431455612183e-04 3.421273780986666679e-03 0.000000000000000000e+00 0.000000000000000000e+00 1.986276824027299881e-03 0.000000000000000000e+00
3.015231341123580933e-03 0.000000000000000000e+00 7.259708363562822342e-03 0.000000000000000000e+00 1.494994666427373886e-02 0.000000000000000000e+00 0.000000000000000000e+00 0.000000000000000000e+00 2.272915560752153397e-03 0.000000000000000000e+00 4.852331709116697311e-03
0.000000000000000000e+00 1.488125445092691734e-08 9.335458912573812995e-07 1.358720851385442074e-07 2.131283054040977731e-06 0.000000000000000000e+00 1.366718151984969154e-07 9.082353926714858972e-07 2.417323230474721640e-07 9.498695021648018155e-07 0.000000000000000000e+00
