0.000000000000000000e+00 2.298344392329454422e-03 0.000000000000000000e+00 0.000000000000000000e+00 0.000000000000000000e+00 0.000000000000000000e+00 0.000000000000000000e+00 7.697728462517261505e-03 0.000000000000000000e+00 0.000000000000000000e+00 0.000000000000000000e+00
7.418307941406965256e-03 0.000000000000000000e+00 7.995932362973690033e-03 5.956706590950489044e-03 0.000000000000000000e+00 0.000000000000000000e+00 1.305261440575122833e-02 0.000000000000000000e+00 4.599754232913255692e-03 0.000000000000000000e+00 0.000000000000000000e+00
0.000000000000000000e+00 6.629611365497112274e-03 9.279423393309116364e-03 3.536853240802884102e-03 2.710228320211172104e-03 1.178785599768161774e-02 0.000000000000000000e+00 0.000000000000000000e+00 1.766732544638216496e-03 1.757350005209445953e-02 8.367541246116161346e-03
7.376177702099084854e-03 0.000000000000000000e+00 0.000000000000000000e+00 0.000000000000000000e+00 7.067602593451738358e-03 0.000000000000000000e+00 0.000000000000000000e+00 0.000000000000000000e+00 1.511021051555871964e-03 4.722634330391883850e-03 0.000000000000000000e+00
5.377194975153543055e-05 2.093669318128377199e-04 2.665809588506817818e-04 1.173913842649199069e-04 0.000000000000000000e+00 1.574846537550911307e-04 1.176001023850403726e-04 0.000000000000000000e+00 1.721918670227751136e-04 2.387431595707312226e-04 6.656590849161148071e-04
0.000000000000000000e+00 0.000000000000000000e+00 0.000000000000000000e+00 0.000000000000000000e+00 0.000000000000000000e+00 3.016542643308639526e-03 0.000000000000000000e+00 0.000000000000000000e+00 0.000000000000000000e+00 0.000000000000000000e+00 0.000000000000000000e+00
1.253453735262155533e-02 1.469991519115865231e-03 7.506549358367919922e-03 4.914819728583097458e-03 0.000000000000000000e+00 1.262217480689287186e-02 5.678933579474687576e-03 4.498158115893602371e-03 1.871826685965061188e-02 8.738319389522075653e-03 0.000000000000000000e+00
0.000000000000000000e+00 0.000000000000000000e+00 0.000000000000000000e+00 0.000000000000000000e+00 8.841107599437236786e-03 6.050891824997961521e-04 2.720351913012564182e-04 0.000000000000000000e+00 8.141019381582736969e-03 0.000000000000000000e+00 0.000000000000000000e+00
0.000000000000000000e+00 5.246025044471025467e-03 0.000000000000000000e+00 0.000000000000000000e+00 0.000000000000000000e+00 4.174623638391494751e-03 0.000000000000000000e+00 4.812605038750916719e-04 0.000000000000000000e+00 0.000000000000000000e+00 0.000000000000000000e+00
8.303062990307807922e-03 7.180747110396623611e-03 8.775652386248111725e-03 0.000000000000000000e+00 4.164309054613113403e-02 7.713397499173879623e-03 0.000000000000000000e+00 0.000000000000000000e+00 1.647309772670269012e-02 5.442074034363031387e-03 1.190688833594322205e-02
0.000000000000000000e+00 0.000000000000000000e+00 3.465976760708144866e-06 0.000000000000000000e+00 6.595719696633750573e-06 0.000000000000000000e+00 1.110171979235019535e-06 3.263499820604920387e-06 0.000000000000000000e+00 6.591859005311562214e-07 0.000000000000000000e+00
