7.846447825431823730e-02 4.846320152282714844e-01 6.595523357391357422e-01 1.061989590525627136e-01 6.156021117931231856e-05 3.929797094315290451e-03 6.238176822662353516e-01 6.344498395919799805e-01 4.997771978378295898e-01 5.629292130470275879e-01 8.199415169656276703e-03
2.664472656250000000e+02 0.000000000000000000e+00 8.421838378906250000e+01 1.547577285766601562e+01 1.014822244644165039e+00 1.199249505996704102e+00 1.222789645195007324e+00 1.332571268081665039e+00 9.713788085937500000e+03 2.443942725658416748e-01 1.489667968750000000e+04
6.549847602844238281e+00 8.730224609375000000e+03 7.519065737724304199e-01 3.265317187500000000e+04 7.841842041015625000e+02 1.451495800781250000e+04 2.891194152832031250e+01 1.419365435140207410e-04 4.050137042999267578e+00 1.525058203125000000e+04 2.394367218017578125e+00
1.071036718750000000e+04 6.303348999023437500e+02 6.493636474609375000e+02 8.648820877075195312e+00 2.541553688049316406e+01 3.142350912094116211e-01 3.319100952148437500e+01 4.056463623046875000e+01 7.292756835937500000e+03 1.261255145072937012e-02 1.808365482247609179e-06
4.538403034210205078e+00 5.793128490447998047e+00 6.795267105102539062e+00 4.071110248565673828e+00 0.000000000000000000e+00 2.437734127044677734e+00 2.633024215698242188e+00 2.842397451400756836e+00 3.587693929672241211e+00 6.995561599731445312e+00 1.485038757324218750e+01
0.000000000000000000e+00 0.000000000000000000e+00 4.420504570007324219e-01 1.080864906311035156e+00 0.000000000000000000e+00 5.346292724609375000e+02 0.000000000000000000e+00 0.000000000000000000e+00 0.000000000000000000e+00 3.936656117439270020e-01 8.697988281250000000e+03
1.623112304687500000e+04 4.299423828125000000e+03 0.000000000000000000e+00 2.556104980468750000e+03 8.873938476562500000e+03 1.890669631958007812e+01 1.042484664916992188e+01 2.875985336303710938e+01 1.328598046875000000e+04 4.914113281250000000e+03 9.983334960937500000e+02
4.043924063444137573e-02 1.074577929687500000e+04 5.877715301513671875e+01 8.296489715576171875e-01 3.636679649353027344e+00 4.639776229858398438e+00 2.418615341186523438e+01 2.316023925781250000e+03 2.953079795837402344e+01 2.084061431884765625e+01 1.914335727691650391e+00
0.000000000000000000e+00 6.901885742187500000e+03 8.669656250000000000e+03 7.284484863281250000e+02 4.127993634028825909e-06 8.207340820312500000e+03 8.563918945312500000e+03 2.867977400455856696e-06 1.098176539926498663e-06 1.301382637023925781e+01 2.621059082031250000e+03
7.315418124198913574e-01 0.000000000000000000e+00 0.000000000000000000e+00 2.303513526916503906e+00 1.479065820312500000e+04 0.000000000000000000e+00 1.956049442291259766e+00 0.000000000000000000e+00 3.792176723480224609e+00 0.000000000000000000e+00 6.437792778015136719e+00
0.000000000000000000e+00 3.255215688113821670e-06 1.328950822353363037e-01 0.000000000000000000e+00 3.243936002254486084e-01 0.000000000000000000e+00 4.406820982694625854e-03 1.875816583633422852e-01 8.379686732951086015e-06 1.199710965156555176e-01 0.000000000000000000e+00
