0.000000000000000000e+00 0.000000000000000000e+00 3.699079621583223343e-03 0.000000000000000000e+00 0.000000000000000000e+00 0.000000000000000000e+00 0.000000000000000000e+00 4.848842043429613113e-03 0.000000000000000000e+00 0.000000000000000000e+00 0.000000000000000000e+00
1.734367012977600098e-02 0.000000000000000000e+00 1.133079361170530319e-02 2.867817238438874483e-04 0.000000000000000000e+00 0.000000000000000000e+00 5.485834088176488876e-03 0.000000000000000000e+00 0.000000000000000000e+00 0.000000000000000000e+00 0.000000000000000000e+00
5.852470640093088150e-04 0.000000000000000000e+00 0.000000000000000000e+00 6.647348403930664062e-03 3.981878980994224548e-03 0.000000000000000000e+00 0.000000000000000000e+00 0.000000000000000000e+00 6.681161466985940933e-04 8.623571135103702545e-03 6.992155686020851135e-03
1.698604039847850800e-02 1.756419078446924686e-04 0.000000000000000000e+00 0.000000000000000000e+00 6.823037751019001007e-03 0.000000000000000000e+00 0.000000000000000000e+00 1.014972385019063950e-02 5.720375571399927139e-03 2.274161437526345253e-03 0.000000000000000000e+00
1.299053983530029655e-04 2.200879971496760845e-04 2.390058361925184727e-04 2.476332883816212416e-04 0.000000000000000000e+00 3.319659444969147444e-04 2.243580529466271400e-04 1.937385823111981153e-04 2.086361491819843650e-04 4.077359917573630810e-04 6.567765376530587673e-04
0.000000000000000000e+00 0.000000000000000000e+00 0.000000000000000000e+00 0.000000000000000000e+00 0.000000000000000000e+00 5.860016681253910065e-04 0.000000000000000000e+00 0.000000000000000000e+00 0.000000000000000000e+00 0.000000000000000000e+00 0.000000000000000000e+00
6.666918285191059113e-03 3.762374632060527802e-03 0.000000000000000000e+00 0.000000000000000000e+00 0.000000000000000000e+00 6.565932650119066238e-03 2.009726595133543015e-03 7.230006624013185501e-03 9.879493154585361481e-03 3.694571787491440773e-03 3.148210002109408379e-03
0.000000000000000000e+00 1.299829687923192978e-03 0.000000000000000000e+00 7.334374822676181793e-03 4.886568989604711533e-03 1.298713730648159981e-03 0.000000000000000000e+00 0.000000000000000000e+00 5.204510525800287724e-04 0.000000000000000000e+00 0.000000000000000000e+00
3.475678386166691780e-03 4.410859197378158569e-03 6.328207440674304962e-03 0.000000000000000000e+00 0.000000000000000000e+00 1.966188661754131317e-03 1.713953912258148193e-02 0.000000000000000000e+00 0.000000000000000000e+00 4.721038509160280228e-03 5.065819248557090759e-03
8.958254940807819366e-03 7.366772275418043137e-03 1.609964668750762939e-02 0.000000000000000000e+00 3.461657091975212097e-02 0.000000000000000000e+00 0.000000000000000000e+00 0.000000000000000000e+00 9.259043261408805847e-03 0.000000000000000000e+00 9.515137411653995514e-03
0.000000000000000000e+00 0.000000000000000000e+00 1.771633151292917319e-06 1.870427126959839370e-06 5.637183676299173385e-06 0.000000000000000000e+00 9.806612979446072131e-07 2.642775370986782946e-06 0.000000000000000000e+00 4.881804329670558218e-07 0.000000000000000000e+00
