0.000000000000000000e+00 0.000000000000000000e+00 0.000000000000000000e+00 0.000000000000000000e+00 0.000000000000000000e+00 0.000000000000000000e+00 2.095507923513650894e-03 3.705785609781742096e-03 8.157213218510150909e-03 0.000000000000000000e+00 0.000000000000000000e+00
7.119968067854642868e-03 0.000000000000000000e+00 5.300788674503564835e-03 0.000000000000000000e+00 0.000000000000000000e+00 0.000000000000000000e+00 8.231764659285545349e-03 0.000000000000000000e+00 0.000000000000000000e+00 0.000000000000000000e+00 1.311537693254649639e-03
7.106934790499508381e-04 4.974821582436561584e-03 1.283048186451196671e-03 0.000000000000000000e+00 1.827599713578820229e-03 4.120600409805774689e-03 9.911248926073312759e-04 0.000000000000000000e+00 4.506470635533332825e-03 0.000000000000000000e+00 0.000000000000000000e+00
7.061567157506942749e-03 0.000000000000000000e+00 9.358384704682976007e-05 5.824391264468431473e-03 7.970035076141357422e-03 0.000000000000000000e+00 0.000000000000000000e+00 1.277060434222221375e-02 2.113312715664505959e-03 6.634068209677934647e-03 0.000000000000000000e+00
1.680251589277759194e-04 2.302623179275542498e-04 2.496280358172953129e-04 1.322554162470623851e-04 0.000000000000000000e+00 1.450489071430638433e-04 7.202837878139689565e-05 1.495430333307012916e-04 1.122263638535514474e-04 1.561992976348847151e-04 7.550678565166890621e-04
0.000000000000000000e+00 0.000000000000000000e+00 0.000000000000000000e+00 0.000000000000000000e+00 0.000000000000000000e+00 4.190942272543907166e-03 0.000000000000000000e+00 0.000000000000000000e+00 0.000000000000000000e+00 0.000000000000000000e+00 0.000000000000000000e+00
1.052353158593177795e-02 0.000000000000000000e+00 0.000000000000000000e+00 0.000000000000000000e+00 0.000000000000000000e+00 0.000000000000000000e+00 4.474054556339979172e-03 0.000000000000000000e+00 0.000000000000000000e+00 3.187987953424453735e-03 0.000000000000000000e+00
0.000000000000000000e+00 0.000000000000000000e+00 2.906451467424631119e-03 0.000000000000000000e+00 0.000000000000000000e+00 0.000000000000000000e+00 0.000000000000000000e+00 0.000000000000000000e+00 1.256854011444374919e-04 0.000000000000000000e+00 0.000000000000000000e+00
0.000000000000000000e+00 1.085713272914290428e-03 4.780466202646493912e-03 1.000609714537858963e-03 3.255448769778013229e-03 0.000000000000000000e+00 1.010332349687814713e-02 0.000000000000000000e+00 0.000000000000000000e+00 9.285904816351830959e-04 1.033517718315124512e-02
9.250486269593238831e-03 1.776658813469111919e-03 1.099031046032905579e-02 0.000000000000000000e+00 3.311132639646530151e-02 0.000000000000000000e+00 6.076394114643335342e-03 3.152360250169294886e-06 6.288030184805393219e-03 0.000000000000000000e+00 5.302031524479389191e-03
0.000000000000000000e+00 0.000000000000000000e+00 7.963241841935086995e-06 0.000000000000000000e+00 1.308684932155301794e-05 0.000000000000000000e+00 3.333000222482951358e-07 5.148319814907154068e-06 0.000000000000000000e+00 7.972272214828990400e-06 0.000000000000000000e+00
