0.000000000000000000e+00 5.906192585825920105e-03 1.274442765861749649e-03 0.000000000000000000e+00 0.000000000000000000e+00 0.000000000000000000e+00 7.649553008377552032e-03 6.671022623777389526e-03 0.000000000000000000e+00 0.000000000000000000e+00 0.000000000000000000e+00
8.188746869564056396e-03 0.000000000000000000e+00 3.426417941227555275e-03 1.260314695537090302e-02 0.000000000000000000e+00 4.869536962360143661e-03 7.246503140777349472e-03 0.000000000000000000e+00 0.000000000000000000e+00 0.000000000000000000e+00 2.633805386722087860e-03
0.000000000000000000e+00 1.222986541688442230e-02 8.554214728064835072e-04 0.000000000000000000e+00 0.000000000000000000e+00 1.306457258760929108e-02 0.000000000000000000e+00 0.000000000000000000e+00 3.778658574447035789e-03 1.701383502222597599e-03 2.756987698376178741e-03
5.214474629610776901e-03 0.000000000000000000e+00 0.000000000000000000e+00 0.000000000000000000e+00 0.000000000000000000e+00 1.624187268316745758e-02 0.000000000000000000e+00 1.734243147075176239e-02 2.265872433781623840e-03 4.322526045143604279e-03 0.000000000000000000e+00
3.091971448156982660e-04 4.456434689927846193e-04 4.758739378303289413e-04 4.793179396074265242e-04 0.000000000000000000e+00 2.938784891739487648e-04 2.702336350921541452e-04 2.799506764858961105e-04 3.366918535903096199e-04 6.109132082201540470e-04 1.099486835300922394e-03
0.000000000000000000e+00 0.000000000000000000e+00 0.000000000000000000e+00 0.000000000000000000e+00 0.000000000000000000e+00 0.000000000000000000e+00 0.000000000000000000e+00 0.000000000000000000e+00 0.000000000000000000e+00 0.000000000000000000e+00 8.673617379884035472e-19
5.241819191724061966e-03 6.615679711103439331e-03 0.000000000000000000e+00 0.000000000000000000e+00 4.181692842394113541e-03 7.956630550324916840e-03 8.479014970362186432e-03 4.677106626331806183e-03 2.338078059256076813e-02 9.617288596928119659e-03 1.450222544372081757e-02
0.000000000000000000e+00 8.901868946850299835e-03 0.000000000000000000e+00 0.000000000000000000e+00 0.000000000000000000e+00 0.000000000000000000e+00 0.000000000000000000e+00 0.000000000000000000e+00 8.891393430531024933e-03 0.000000000000000000e+00 4.997444804757833481e-03
0.000000000000000000e+00 4.077163524925708771e-03 3.276775125414133072e-03 0.000000000000000000e+00 0.000000000000000000e+00 1.658589462749660015e-03 9.228902868926525116e-03 0.000000000000000000e+00 3.476941492408514023e-03 5.377558059990406036e-03 3.426861949265003204e-03
5.771398544311523438e-03 0.000000000000000000e+00 9.173933416604995728e-03 0.000000000000000000e+00 4.151373356580734253e-02 0.000000000000000000e+00 0.000000000000000000e+00 0.000000000000000000e+00 5.573638249188661575e-03 0.000000000000000000e+00 8.413973264396190643e-03
0.000000000000000000e+00 0.000000000000000000e+00 5.479248102346900851e-06 0.000000000000000000e+00 9.568274435878265649e-06 0.000000000000000000e+00 9.100035924802796217e-08 5.279287051962455735e-06 0.000000000000000000e+00 2.010149273701244965e-06 0.000000000000000000e+00
