0.000000000000000000e+00 3.871861845254898071e-03 0.000000000000000000e+00 0.000000000000000000e+00 0.000000000000000000e+00 0.000000000000000000e+00 6.113392766565084457e-03 4.743178375065326691e-03 1.041783601976931095e-03 0.000000000000000000e+00 0.000000000000000000e+00
5.488319322466850281e-03 0.000000000000000000e+00 0.000000000000000000e+00 0.000000000000000000e+00 2.007275586947798729e-03 0.000000000000000000e+00 0.000000000000000000e+00 2.093423390761017799e-03 4.510212223976850510e-03 0.000000000000000000e+00 4.108239081688225269e-04
5.053246277384459972e-04 7.527979905717074871e-04 0.000000000000000000e+00 0.000000000000000000e+00 0.000000000000000000e+00 8.223128505051136017e-03 1.682269200682640076e-02 0.000000000000000000e+00 3.328286344185471535e-03 3.404427319765090942e-03 0.000000000000000000e+00
1.199165591970086098e-03 0.000000000000000000e+00 0.000000000000000000e+00 1.670204801484942436e-03 4.407898057252168655e-03 0.000000000000000000e+00 0.000000000000000000e+00 0.000000000000000000e+00 1.170257382909767330e-04 5.840750411152839661e-03 0.000000000000000000e+00
0.000000000000000000e+00 2.272122219437733293e-04 1.751927920849993825e-04 6.317496445262804627e-05 0.000000000000000000e+00 1.526327687315642834e-04 1.222839055117219687e-04 8.697589510120451450e-05 1.083537208614870906e-04 2.736368915066123009e-04 5.408452125266194344e-04
0.000000000000000000e+00 0.000000000000000000e+00 0.000000000000000000e+00 0.000000000000000000e+00 0.000000000000000000e+00 0.000000000000000000e+00 0.000000000000000000e+00 0.000000000000000000e+00 0.000000000000000000e+00 0.000000000000000000e+00 0.000000000000000000e+00
8.184218779206275940e-03 0.000000000000000000e+00 0.000000000000000000e+00 4.094759933650493622e-03 0.000000000000000000e+00 0.000000000000000000e+00 0.000000000000000000e+00 0.000000000000000000e+00 4.652120638638734818e-03 4.455662798136472702e-03 4.210095852613449097e-03
0.000000000000000000e+00 0.000000000000000000e+00 0.000000000000000000e+00 0.000000000000000000e+00 3.388267243281006813e-03 0.000000000000000000e+00 0.000000000000000000e+00 1.459192368201911449e-03 1.258874312043190002e-02 2.671782858669757843e-03 1.433617202565073967e-03
0.000000000000000000e+00 5.301782861351966858e-03 1.682716538198292255e-03 0.000000000000000000e+00 1.134534599259495735e-03 0.000000000000000000e+00 0.000000000000000000e+00 0.000000000000000000e+00 0.000000000000000000e+00 0.000000000000000000e+00 0.000000000000000000e+00
3.768078749999403954e-03 0.000000000000000000e+00 7.381505798548460007e-03 0.000000000000000000e+00 3.966428712010383606e-02 0.000000000000000000e+00 0.000000000000000000e+00 7.362290751188993454e-03 6.185021717101335526e-03 0.000000000000000000e+00 1.838574744760990143e-02
0.000000000000000000e+00 0.000000000000000000e+00 2.720925067478674464e-06 0.000000000000000000e+00 5.419419267127523199e-06 0.000000000000000000e+00 0.000000000000000000e+00 5.322989977685210761e-07 1.060473309166809486e-07 4.006342066986690043e-07 0.000000000000000000e+00
