2.084110292344121262e-06 2.577380291768349707e-05 2.541760841268114746e-05 3.898222075804369524e-06 0.000000000000000000e+00 3.638281441453727894e-06 2.207774559792596847e-05 2.537224463594611734e-05 2.482299714756663889e-05 1.598543894942849874e-05 4.599711701303021982e-06
2.171128522604703903e-03 0.000000000000000000e+00 5.635146982967853546e-03 0.000000000000000000e+00 3.961531328968703747e-04 0.000000000000000000e+00 0.000000000000000000e+00 8.794041932560503483e-04 0.000000000000000000e+00 0.000000000000000000e+00 1.078864443115890026e-03
0.000000000000000000e+00 1.761528314091265202e-03 0.000000000000000000e+00 1.395056024193763733e-03 6.349257891997694969e-04 6.055479869246482849e-03 4.476793110370635986e-03 0.000000000000000000e+00 0.000000000000000000e+00 7.062888238579034805e-03 0.000000000000000000e+00
3.935304470360279083e-03 0.000000000000000000e+00 0.000000000000000000e+00 0.000000000000000000e+00 8.238715119659900665e-03 0.000000000000000000e+00 2.948027569800615311e-03 0.000000000000000000e+00 1.093507162295281887e-03 5.567878484725952148e-03 0.000000000000000000e+00
2.682157355593517423e-05 8.610387158114463091e-05 6.332093562377849594e-06 1.040623465087264776e-05 0.000000000000000000e+00 4.050184725201688707e-05 3.992154233856126666e-05 0.000000000000000000e+00 9.800801308301743120e-06 4.112020542379468679e-05 1.248961489181965590e-04
0.000000000000000000e+00 0.000000000000000000e+00 0.000000000000000000e+00 0.000000000000000000e+00 0.000000000000000000e+00 0.000000000000000000e+00 0.000000000000000000e+00 0.000000000000000000e+00 0.000000000000000000e+00 0.000000000000000000e+00 9.916455019265413284e-05
3.706899704411625862e-03 0.000000000000000000e+00 9.231024305336177349e-04 3.284766804426908493e-03 0.000000000000000000e+00 5.566276377066969872e-04 6.076266989111900330e-03 0.000000000000000000e+00 3.416454885154962540e-03 8.200677111744880676e-03 2.437184797599911690e-03
0.000000000000000000e+00 0.000000000000000000e+00 3.870455548167228699e-03 0.000000000000000000e+00 0.000000000000000000e+00 0.000000000000000000e+00 0.000000000000000000e+00 0.000000000000000000e+00 0.000000000000000000e+00 0.000000000000000000e+00 0.000000000000000000e+00
0.000000000000000000e+00 1.697566243819892406e-03 0.000000000000000000e+00 0.000000000000000000e+00 0.000000000000000000e+00 5.502462387084960938e-03 1.714380108751356602e-03 0.000000000000000000e+00 0.000000000000000000e+00 0.000000000000000000e+00 3.133176593109965324e-03
7.156084175221621990e-04 7.780805695801973343e-03 7.729802280664443970e-03 0.000000000000000000e+00 2.529802359640598297e-02 0.000000000000000000e+00 0.000000000000000000e+00 3.896439680829644203e-03 3.680087625980377197e-03 0.000000000000000000e+00 3.115840489044785500e-03
0.000000000000000000e+00 0.000000000000000000e+00 3.331430207254015841e-07 0.000000000000000000e+00 3.494581051199929789e-07 0.000000000000000000e+00 1.880312652247084770e-07 6.159633016977750231e-07 0.000000000000000000e+00 3.864420250465627760e-07 0.000000000000000000e+00
