0.000000000000000000e+00 4.708688356913626194e-04 6.392291397787630558e-04 0.000000000000000000e+00 0.000000000000000000e+00 0.000000000000000000e+00 2.641932340338826180e-03 4.073831718415021896e-03 0.000000000000000000e+00 0.000000000000000000e+00 0.000000000000000000e+00
2.238311572000384331e-03 0.000000000000000000e+00 0.000000000000000000e+00 2.533662831410765648e-03 0.000000000000000000e+00 0.000000000000000000e+00 5.226285196840763092e-03 8.259115857072174549e-04 0.000000000000000000e+00 0.000000000000000000e+00 0.000000000000000000e+00
0.000000000000000000e+00 3.383012954145669937e-03 0.000000000000000000e+00 0.000000000000000000e+00 0.000000000000000000e+00 6.197181995958089828e-03 2.258219989016652107e-03 0.000000000000000000e+00 5.195186473429203033e-03 2.018087543547153473e-03 0.000000000000000000e+00
8.008825592696666718e-03 2.786266617476940155e-03 0.000000000000000000e+00 0.000000000000000000e+00 6.971909198909997940e-03 1.738963146635796875e-05 7.836281321942806244e-03 2.114658709615468979e-03 3.725020214915275574e-03 2.880886313505470753e-04 0.000000000000000000e+00
0.000000000000000000e+00 0.000000000000000000e+00 9.109891107073053718e-05 9.344626596430316567e-05 0.000000000000000000e+00 0.000000000000000000e+00 8.872766193235293031e-05 4.064395761815831065e-05 2.833453800121787935e-05 2.619130827952176332e-04 3.972494741901755333e-04
0.000000000000000000e+00 0.000000000000000000e+00 0.000000000000000000e+00 0.000000000000000000e+00 0.000000000000000000e+00 0.000000000000000000e+00 0.000000000000000000e+00 0.000000000000000000e+00 0.000000000000000000e+00 0.000000000000000000e+00 0.000000000000000000e+00
0.000000000000000000e+00 7.394400308839976788e-04 0.000000000000000000e+00 2.079741563647985458e-03 0.000000000000000000e+00 0.000000000000000000e+00 7.161261513829231262e-03 8.637252263724803925e-03 1.005905913189053535e-03 7.061724318191409111e-05 4.421533085405826569e-03
0.000000000000000000e+00 0.000000000000000000e+00 0.000000000000000000e+00 0.000000000000000000e+00 3.994323778897523880e-03 2.534700324758887291e-03 3.385671589057892561e-04 3.086421638727188110e-03 6.059412378817796707e-03 0.000000000000000000e+00 3.876290284097194672e-03
0.000000000000000000e+00 4.042028915137052536e-03 0.000000000000000000e+00 0.000000000000000000e+00 0.000000000000000000e+00 8.599540218710899353e-03 0.000000000000000000e+00 0.000000000000000000e+00 0.000000000000000000e+00 0.000000000000000000e+00 4.605419468134641647e-03
6.575162988156080246e-03 0.000000000000000000e+00 7.540579419583082199e-03 0.000000000000000000e+00 3.436678647994995117e-02 0.000000000000000000e+00 0.000000000000000000e+00 0.000000000000000000e+00 1.714759971946477890e-03 0.000000000000000000e+00 1.694656349718570709e-02
0.000000000000000000e+00 0.000000000000000000e+00 2.319696704944362864e-06 0.000000000000000000e+00 5.974708528810879216e-06 0.000000000000000000e+00 0.000000000000000000e+00 0.000000000000000000e+00 0.000000000000000000e+00 0.000000000000000000e+00 0.000000000000000000e+00
