0.000000000000000000e+00 0.000000000000000000e+00 0.000000000000000000e+00 0.000000000000000000e+00 0.000000000000000000e+00 0.000000000000000000e+00 0.000000000000000000e+00 5.299638025462627411e-03 3.530295798555016518e-03 2.131004584953188896e-03 0.000000000000000000e+00
1.075316034257411957e-02 0.000000000000000000e+00 0.000000000000000000e+00 0.000000000000000000e+00 5.366685800254344940e-04 0.000000000000000000e+00 0.000000000000000000e+00 0.000000000000000000e+00 2.776315668597817421e-04 3.750636009499430656e-03 3.203401574864983559e-03
0.000000000000000000e+00 0.000000000000000000e+00 0.000000000000000000e+00 0.000000000000000000e+00 0.000000000000000000e+00 7.452622987329959869e-03 4.572834586724638939e-04 5.613774526864290237e-03 5.626216996461153030e-03 0.000000000000000000e+00 0.000000000000000000e+00
9.874486364424228668e-03 0.000000000000000000e+00 0.000000000000000000e+00 1.585764111950993538e-03 1.544111687690019608e-02 2.751017687842249870e-03 0.000000000000000000e+00 1.271982677280902863e-02 0.000000000000000000e+00 0.000000000000000000e+00 0.000000000000000000e+00
0.000000000000000000e+00 8.296102896565571427e-05 2.159576542908325791e-04 1.516967313364148140e-04 0.000000000000000000e+00 7.060581992845982313e-05 1.211113340104930103e-05 0.000000000000000000e+00 2.432744076941162348e-05 1.417624444002285600e-04 3.953596751671284437e-04
0.000000000000000000e+00 0.000000000000000000e+00 0.000000000000000000e+00 0.000000000000000000e+00 0.000000000000000000e+00 3.935645145247690380e-05 0.000000000000000000e+00 0.000000000000000000e+00 0.000000000000000000e+00 0.000000000000000000e+00 0.000000000000000000e+00
8.965598419308662415e-03 8.967586793005466461e-03 0.000000000000000000e+00 7.871489506214857101e-04 0.000000000000000000e+00 8.730332367122173309e-03 3.428788157179951668e-03 2.471765299105754821e-07 1.256514806300401688e-03 1.847725920379161835e-02 1.687103696167469025e-02
0.000000000000000000e+00 0.000000000000000000e+00 0.000000000000000000e+00 3.938398323953151703e-03 0.000000000000000000e+00 0.000000000000000000e+00 0.000000000000000000e+00 0.000000000000000000e+00 1.069481391459703445e-02 7.071104831993579865e-03 2.557395026087760925e-03
0.000000000000000000e+00 1.096975803375244141e-02 8.751691784709692001e-04 0.000000000000000000e+00 1.926441327668726444e-03 0.000000000000000000e+00 2.210367005318403244e-03 0.000000000000000000e+00 4.268796183168888092e-03 3.175590187311172485e-03 1.038649119436740875e-02
1.125706825405359268e-02 5.630623549222946167e-03 2.010617870837450027e-03 0.000000000000000000e+00 4.053700342774391174e-02 0.000000000000000000e+00 0.000000000000000000e+00 8.909159339964389801e-03 3.901186282746493816e-04 0.000000000000000000e+00 1.422668527811765671e-02
0.000000000000000000e+00 0.000000000000000000e+00 1.949151737790089101e-06 0.000000000000000000e+00 5.123029950482305139e-06 0.000000000000000000e+00 0.000000000000000000e+00 7.326121931328088976e-07 0.000000000000000000e+00 4.265076256615429884e-07 0.000000000000000000e+00
