0.000000000000000000e+00 0.000000000000000000e+00 4.040567204356193542e-03 0.000000000000000000e+00 0.000000000000000000e+00 0.000000000000000000e+00 8.103314787149429321e-03 1.620756462216377258e-03 0.000000000000000000e+00 0.000000000000000000e+00 0.000000000000000000e+00
1.210944447666406631e-02 0.000000000000000000e+00 1.462955959141254425e-02 0.000000000000000000e+00 0.000000000000000000e+00 0.000000000000000000e+00 0.000000000000000000e+00 2.182812895625829697e-03 0.000000000000000000e+00 0.000000000000000000e+00 0.000000000000000000e+00
9.948776569217443466e-04 1.364837307482957840e-02 0.000000000000000000e+00 5.812467425130307674e-04 0.000000000000000000e+00 1.565698185004293919e-03 9.146898053586483002e-03 0.000000000000000000e+00 1.036448217928409576e-02 1.898938906379044056e-03 0.000000000000000000e+00
8.455068804323673248e-03 0.000000000000000000e+00 0.000000000000000000e+00 6.339384242892265320e-03 8.393703028559684753e-03 4.678913857787847519e-03 0.000000000000000000e+00 1.324029546231031418e-02 0.000000000000000000e+00 6.511877756565809250e-03 0.000000000000000000e+00
1.443740184186026454e-04 4.443866200745105743e-04 2.705211809370666742e-04 3.920298768207430840e-04 0.000000000000000000e+00 3.819531411863863468e-04 2.862781402654945850e-04 1.910645223688334227e-04 2.054652431979775429e-04 4.146191640757024288e-04 8.148383931256830692e-04
0.000000000000000000e+00 0.000000000000000000e+00 0.000000000000000000e+00 0.000000000000000000e+00 0.000000000000000000e+00 1.165799796581268311e-03 0.000000000000000000e+00 0.000000000000000000e+00 0.000000000000000000e+00 0.000000000000000000e+00 0.000000000000000000e+00
1.481078844517469406e-02 1.251036184839904308e-03 0.000000000000000000e+00 2.858033869415521622e-03 0.000000000000000000e+00 6.656101439148187637e-03 4.666112363338470459e-03 3.207380184903740883e-03 1.112697925418615341e-02 4.640762694180011749e-03 4.190571606159210205e-03
0.000000000000000000e+00 8.937607519328594208e-03 0.000000000000000000e+00 0.000000000000000000e+00 0.000000000000000000e+00 0.000000000000000000e+00 0.000000000000000000e+00 0.000000000000000000e+00 9.687570855021476746e-03 0.000000000000000000e+00 2.167690312489867210e-03
0.000000000000000000e+00 1.610812032595276833e-03 0.000000000000000000e+00 0.000000000000000000e+00 0.000000000000000000e+00 0.000000000000000000e+00 1.373992953449487686e-02 0.000000000000000000e+00 0.000000000000000000e+00 7.227534661069512367e-04 8.817087858915328979e-03
4.120125595363788307e-05 0.000000000000000000e+00 6.989718880504369736e-03 0.000000000000000000e+00 4.071547836065292358e-02 8.595840074121952057e-03 0.000000000000000000e+00 0.000000000000000000e+00 6.093312986195087433e-03 0.000000000000000000e+00 6.949100177735090256e-03
0.000000000000000000e+00 0.000000000000000000e+00 6.790002316847676411e-06 0.000000000000000000e+00 1.050566606863867491e-05 0.000000000000000000e+00 1.440088681192719378e-06 5.365187007555505261e-06 5.599627570518350694e-07 2.756452659014030360e-06 0.000000000000000000e+00
