1.340984454145655036e-04 1.360615948215126991e-03 1.221919315867125988e-03 1.170766699942760170e-04 0.000000000000000000e+00 9.675622277427464724e-05 1.571614993736147881e-03 1.969553763046860695e-03 1.080636633560061455e-03 9.800365660339593887e-04 0.000000000000000000e+00
6.306817531585693359e-01 0.000000000000000000e+00 3.063385607674717903e-03 0.000000000000000000e+00 7.579462230205535889e-02 3.357996940612792969e-01 0.000000000000000000e+00 0.000000000000000000e+00 4.779329895973205566e-01 4.494691789150238037e-01 0.000000000000000000e+00
0.000000000000000000e+00 2.376008033752441406e-01 0.000000000000000000e+00 4.648076295852661133e-01 3.390216268599033356e-03 4.229590594768524170e-01 5.264467000961303711e-01 0.000000000000000000e+00 0.000000000000000000e+00 1.874762820079922676e-03 1.977348625659942627e-01
0.000000000000000000e+00 0.000000000000000000e+00 0.000000000000000000e+00 5.944555997848510742e-02 4.442464113235473633e-01 1.166041269898414612e-01 7.449301332235336304e-02 1.214155256748199463e-01 4.070983529090881348e-01 1.000126358121633530e-03 0.000000000000000000e+00
1.937207416631281376e-04 4.543634131550788879e-04 1.699345157248899341e-04 3.777137026190757751e-04 0.000000000000000000e+00 2.057711099041625857e-04 3.244097460992634296e-04 6.499826122308149934e-05 3.243450482841581106e-04 5.853140028193593025e-04 7.933107553981244564e-04
0.000000000000000000e+00 0.000000000000000000e+00 0.000000000000000000e+00 0.000000000000000000e+00 0.000000000000000000e+00 0.000000000000000000e+00 0.000000000000000000e+00 0.000000000000000000e+00 0.000000000000000000e+00 0.000000000000000000e+00 7.783441804349422455e-03
7.179195061326026917e-03 0.000000000000000000e+00 1.061030707205645740e-04 1.235419288277626038e-01 0.000000000000000000e+00 1.696775783784687519e-03 0.000000000000000000e+00 8.120806887745857239e-04 8.572179079055786133e-02 7.734830677509307861e-02 1.834395080804824829e-01
0.000000000000000000e+00 2.464280277490615845e-01 0.000000000000000000e+00 0.000000000000000000e+00 0.000000000000000000e+00 0.000000000000000000e+00 1.237265765666961670e-03 6.418072432279586792e-02 0.000000000000000000e+00 0.000000000000000000e+00 3.601287957280874252e-03
2.128265500068664551e-01 1.006805822253227234e-01 8.429443114437162876e-04 0.000000000000000000e+00 0.000000000000000000e+00 2.834427356719970703e-01 8.532778918743133545e-02 0.000000000000000000e+00 2.691351473331451416e-01 2.117799362167716026e-03 6.725218892097473145e-02
6.784815806895494461e-03 3.352944040670990944e-03 1.770900678820908070e-03 0.000000000000000000e+00 2.156021296977996826e-01 0.000000000000000000e+00 0.000000000000000000e+00 2.264073817059397697e-03 1.599541428731754422e-04 0.000000000000000000e+00 4.519922658801078796e-03
0.000000000000000000e+00 0.000000000000000000e+00 7.999162335181608796e-06 1.761213184181542601e-06 7.268912213476141915e-06 0.000000000000000000e+00 2.323064563825028017e-06 5.628362487186677754e-06 0.000000000000000000e+00 1.344700422123423778e-06 1.546446668498902000e-07
