0.000000000000000000e+00 1.149029121734201908e-03 1.637823064811527729e-03 0.000000000000000000e+00 0.000000000000000000e+00 0.000000000000000000e+00 0.000000000000000000e+00 2.268428448587656021e-03 0.000000000000000000e+00 0.000000000000000000e+00 0.000000000000000000e+00
1.104319561272859573e-02 0.000000000000000000e+00 2.098826458677649498e-03 0.000000000000000000e+00 0.000000000000000000e+00 0.000000000000000000e+00 4.251760896295309067e-03 0.000000000000000000e+00 0.000000000000000000e+00 0.000000000000000000e+00 0.000000000000000000e+00
0.000000000000000000e+00 4.464159428607672453e-04 0.000000000000000000e+00 0.000000000000000000e+00 0.000000000000000000e+00 0.000000000000000000e+00 0.000000000000000000e+00 0.000000000000000000e+00 0.000000000000000000e+00 1.212800620123744011e-03 5.708922632038593292e-03
2.360061742365360260e-03 0.000000000000000000e+00 0.000000000000000000e+00 0.000000000000000000e+00 6.930335890501737595e-03 0.000000000000000000e+00 3.841304569505155087e-04 1.921473070979118347e-02 8.723981678485870361e-03 0.000000000000000000e+00 0.000000000000000000e+00
0.000000000000000000e+00 4.910996722173877060e-05 5.769543713540770113e-05 5.228442751104012132e-05 0.000000000000000000e+00 1.942195194715168327e-05 5.744185546063818038e-05 0.000000000000000000e+00 5.484824214363470674e-05 9.457127453060820699e-05 1.880093186628073454e-04
0.000000000000000000e+00 0.000000000000000000e+00 0.000000000000000000e+00 0.000000000000000000e+00 0.000000000000000000e+00 0.000000000000000000e+00 0.000000000000000000e+00 0.000000000000000000e+00 0.000000000000000000e+00 0.000000000000000000e+00 0.000000000000000000e+00
6.439952179789543152e-03 4.382011946290731430e-03 0.000000000000000000e+00 0.000000000000000000e+00 0.000000000000000000e+00 1.156459329649806023e-03 0.000000000000000000e+00 0.000000000000000000e+00 7.989606820046901703e-03 1.104921661317348480e-02 3.549906890839338303e-03
0.000000000000000000e+00 1.246244180947542191e-03 0.000000000000000000e+00 5.422225804068148136e-04 0.000000000000000000e+00 2.482788404449820518e-03 0.000000000000000000e+00 0.000000000000000000e+00 2.610493451356887817e-03 0.000000000000000000e+00 4.976489115506410599e-03
0.000000000000000000e+00 4.091508686542510986e-03 4.909947514533996582e-03 2.408419386483728886e-04 0.000000000000000000e+00 0.000000000000000000e+00 2.254927298054099083e-03 0.000000000000000000e+00 0.000000000000000000e+00 0.000000000000000000e+00 5.778570193797349930e-03
2.964377868920564651e-03 5.831801798194646835e-03 9.428356774151325226e-03 0.000000000000000000e+00 3.187783062458038330e-02 3.435618709772825241e-03 0.000000000000000000e+00 0.000000000000000000e+00 0.000000000000000000e+00 0.000000000000000000e+00 5.189010873436927795e-03
0.000000000000000000e+00 0.000000000000000000e+00 1.229323856932751369e-06 6.731340249643835705e-07 1.746947873471071944e-06 0.000000000000000000e+00 1.219981299982464407e-06 6.832996746197750326e-07 0.000000000000000000e+00 1.134997319240937941e-06 0.000000000000000000e+00
