0.000000000000000000e+00 8.506076410412788391e-03 7.050601299852132797e-03 0.000000000000000000e+00 0.000000000000000000e+00 0.000000000000000000e+00 0.000000000000000000e+00 3.953171893954277039e-03 0.000000000000000000e+00 0.000000000000000000e+00 0.000000000000000000e+00
9.832781739532947540e-03 0.000000000000000000e+00 2.438025781884789467e-03 4.779508803039789200e-03 0.000000000000000000e+00 0.000000000000000000e+00 1.204935368150472641e-03 8.324807509779930115e-03 2.305493922904133797e-03 3.263916354626417160e-03 0.000000000000000000e+00
0.000000000000000000e+00 2.845234994310885668e-04 5.585823208093643188e-03 1.879513380117714405e-03 0.000000000000000000e+00 4.459685645997524261e-03 3.430913202464580536e-03 0.000000000000000000e+00 2.606543246656656265e-03 8.000749163329601288e-03 0.000000000000000000e+00
9.703638032078742981e-03 2.290596021339297295e-03 0.000000000000000000e+00 0.000000000000000000e+00 0.000000000000000000e+00 8.625058457255363464e-03 1.105741225183010101e-02 7.803688757121562958e-03 5.836984142661094666e-03 0.000000000000000000e+00 4.574841295834630728e-05
0.000000000000000000e+00 2.255888975923880935e-04 6.078844307921826839e-05 2.142587181879207492e-04 0.000000000000000000e+00 2.108916669385507703e-05 0.000000000000000000e+00 0.000000000000000000e+00 2.261733607156202197e-05 2.633542753756046295e-04 4.158031370025128126e-04
0.000000000000000000e+00 0.000000000000000000e+00 0.000000000000000000e+00 0.000000000000000000e+00 0.000000000000000000e+00 0.000000000000000000e+00 0.000000000000000000e+00 0.000000000000000000e+00 0.000000000000000000e+00 0.000000000000000000e+00 0.000000000000000000e+00
5.225745495408773422e-03 1.531346980482339859e-02 0.000000000000000000e+00 3.601090516895055771e-03 0.000000000000000000e+00 3.002431476488709450e-03 4.353183321654796600e-03 6.858141161501407623e-03 3.606941318139433861e-03 2.370905131101608276e-03 2.445418387651443481e-03
0.000000000000000000e+00 4.651180934160947800e-03 3.787712194025516510e-03 0.000000000000000000e+00 0.000000000000000000e+00 0.000000000000000000e+00 0.000000000000000000e+00 0.000000000000000000e+00 5.037414375692605972e-03 2.211881102994084358e-03 9.527194313704967499e-03
0.000000000000000000e+00 8.374937810003757477e-03 0.000000000000000000e+00 2.307186601683497429e-03 0.000000000000000000e+00 2.829322125762701035e-03 2.589735202491283417e-03 5.399304442107677460e-03 5.942441639490425587e-04 0.000000000000000000e+00 7.045092643238604069e-04
6.302409805357456207e-03 0.000000000000000000e+00 3.150703385472297668e-03 0.000000000000000000e+00 3.728689253330230713e-02 3.912583459168672562e-03 0.000000000000000000e+00 0.000000000000000000e+00 6.127928849309682846e-03 0.000000000000000000e+00 3.313639201223850250e-03
0.000000000000000000e+00 1.577779812578228302e-06 5.760864496551221237e-06 7.552369538643688429e-07 1.368572884530294687e-05 0.000000000000000000e+00 3.265766281401738524e-06 3.092963879680610262e-06 0.000000000000000000e+00 5.212552423472516239e-06 0.000000000000000000e+00
