0.000000000000000000e+00 2.976714633405208588e-03 0.000000000000000000e+00 0.000000000000000000e+00 0.000000000000000000e+00 0.000000000000000000e+00 4.344261717051267624e-03 3.785583830904215574e-04 8.168511092662811279e-03 0.000000000000000000e+00 0.000000000000000000e+00
6.184984231367707253e-04 0.000000000000000000e+00 6.300462409853935242e-03 1.004551188088953495e-03 0.000000000000000000e+00 0.000000000000000000e+00 6.570008583366870880e-03 0.000000000000000000e+00 0.000000000000000000e+00 0.000000000000000000e+00 0.000000000000000000e+00
0.000000000000000000e+00 7.073751185089349747e-03 0.000000000000000000e+00 3.245126223191618919e-03 0.000000000000000000e+00 6.504222750663757324e-03 6.029144860804080963e-03 0.000000000000000000e+00 4.234409425407648087e-03 3.780570812523365021e-03 1.935052714543417096e-04
1.429110066965222359e-03 0.000000000000000000e+00 0.000000000000000000e+00 4.847412492381408811e-05 6.847934797406196594e-03 4.323211032897233963e-03 0.000000000000000000e+00 1.042535714805126190e-02 0.000000000000000000e+00 0.000000000000000000e+00 0.000000000000000000e+00
4.632852323993574828e-07 1.365576899843290448e-04 9.930423402693122625e-05 1.123199690482579172e-04 0.000000000000000000e+00 0.000000000000000000e+00 1.101438028854317963e-04 4.476728645386174321e-05 8.178543066605925560e-05 5.912913547945208848e-05 3.888234496116638184e-04
0.000000000000000000e+00 0.000000000000000000e+00 0.000000000000000000e+00 0.000000000000000000e+00 0.000000000000000000e+00 0.000000000000000000e+00 0.000000000000000000e+00 0.000000000000000000e+00 0.000000000000000000e+00 0.000000000000000000e+00 0.000000000000000000e+00
4.330317024141550064e-03 3.873818553984165192e-03 0.000000000000000000e+00 1.186030218377709389e-03 0.000000000000000000e+00 2.086116001009941101e-03 0.000000000000000000e+00 0.000000000000000000e+00 3.728142706677317619e-03 7.863743230700492859e-03 6.281290668994188309e-03
0.000000000000000000e+00 1.460078405216336250e-03 0.000000000000000000e+00 0.000000000000000000e+00 1.998339546844363213e-03 0.000000000000000000e+00 0.000000000000000000e+00 0.000000000000000000e+00 9.523032931610941887e-04 2.892167773097753525e-03 0.000000000000000000e+00
0.000000000000000000e+00 0.000000000000000000e+00 0.000000000000000000e+00 0.000000000000000000e+00 0.000000000000000000e+00 0.000000000000000000e+00 6.809572223573923111e-03 0.000000000000000000e+00 4.347776062786579132e-03 0.000000000000000000e+00 0.000000000000000000e+00
6.019731052219867706e-03 1.271262066438794136e-03 5.036365706473588943e-03 4.107684828341007233e-03 3.876774013042449951e-02 2.864174777641892433e-03 0.000000000000000000e+00 0.000000000000000000e+00 0.000000000000000000e+00 0.000000000000000000e+00 8.513868786394596100e-03
0.000000000000000000e+00 0.000000000000000000e+00 4.189553692413028330e-06 0.000000000000000000e+00 7.301802725123707205e-06 0.000000000000000000e+00 1.553531348008618806e-07 3.301475544503773563e-06 0.000000000000000000e+00 2.069068614218849689e-06 0.000000000000000000e+00
