0.000000000000000000e+00 5.738483047485351562e+01 1.364018249511718750e+02 0.000000000000000000e+00 0.000000000000000000e+00 0.000000000000000000e+00 1.515297088623046875e+02 1.845540283203125000e+03 7.646726074218750000e+02 5.130784120410680771e-03 0.000000000000000000e+00
1.130032617187500000e+04 0.000000000000000000e+00 1.594239843750000000e+04 7.407050781250000000e+03 1.366268554687500000e+04 9.133640625000000000e+03 1.119661328125000000e+04 5.720733199268579483e-03 6.844775390625000000e+03 1.257793807983398438e+01 2.125768945312500000e+04
4.883907139301300049e-01 2.079730468750000000e+03 1.942770637697321945e-07 1.219934150576591492e-01 1.421340560913085938e+01 3.974073486328125000e+03 1.411284790039062500e+02 8.236901092529296875e+01 1.411703872680664062e+01 2.738977050781250000e+03 2.349635887145996094e+01
2.699933105468750000e+03 1.240720003843307495e-01 2.269363263621926308e-03 1.023374511718750000e+03 1.297334747314453125e+02 5.419117431640625000e+02 6.607017211914062500e+02 2.665427734375000000e+03 1.720951538085937500e+03 5.961854248046875000e+02 7.531747436523437500e+02
6.270597934722900391e+00 6.081977844238281250e+00 4.721890926361083984e+00 4.620477676391601562e+00 4.825378255191026255e-06 3.769914627075195312e+00 5.626855850219726562e+00 1.748632192611694336e+00 3.273626565933227539e-01 1.046938419342041016e+01 1.427714920043945312e+01
0.000000000000000000e+00 0.000000000000000000e+00 0.000000000000000000e+00 0.000000000000000000e+00 0.000000000000000000e+00 0.000000000000000000e+00 0.000000000000000000e+00 0.000000000000000000e+00 0.000000000000000000e+00 0.000000000000000000e+00 0.000000000000000000e+00
1.434037841796875000e+03 1.932942008972167969e+01 1.658598780632019043e-01 2.510607719421386719e+01 2.877955296298750909e-07 1.424672698974609375e+01 1.564958984375000000e+03 8.685647964477539062e+00 9.411658935546875000e+02 1.934501953125000000e+03 2.144205780029296875e+02
0.000000000000000000e+00 4.229246139526367188e+01 6.012195434570312500e+02 0.000000000000000000e+00 1.094589599609375000e+03 1.153327465057373047e+01 1.872739410400390625e+01 4.040978515625000000e+03 2.146414062500000000e+03 6.715416259765625000e+02 7.203884422779083252e-02
0.000000000000000000e+00 3.545996337890625000e+03 1.865229949951171875e+02 7.196860313415527344e+00 1.627271444704092573e-06 7.339479064941406250e+01 9.663205718994140625e+01 8.652227401733398438e+00 1.607463500976562500e+03 3.259719848632812500e+01 4.221979003906250000e+03
0.000000000000000000e+00 0.000000000000000000e+00 0.000000000000000000e+00 0.000000000000000000e+00 8.402528762817382812e+00 0.000000000000000000e+00 0.000000000000000000e+00 0.000000000000000000e+00 0.000000000000000000e+00 0.000000000000000000e+00 0.000000000000000000e+00
0.000000000000000000e+00 1.418849569745361805e-04 4.902571439743041992e-02 8.695904398337006569e-06 1.037592664361000061e-01 0.000000000000000000e+00 4.483268712647259235e-04 6.063599511981010437e-02 5.548526473830861505e-07 1.104299072176218033e-02 0.000000000000000000e+00
