0.000000000000000000e+00 0.000000000000000000e+00 2.008876996114850044e-03 0.000000000000000000e+00 0.000000000000000000e+00 0.000000000000000000e+00 3.520150203257799149e-03 1.319813542068004608e-03 0.000000000000000000e+00 0.000000000000000000e+00 0.000000000000000000e+00
1.572646317072212696e-03 0.000000000000000000e+00 0.000000000000000000e+00 1.215768163092434406e-03 0.000000000000000000e+00 0.000000000000000000e+00 5.658143782056868076e-04 1.271585206268355250e-04 0.000000000000000000e+00 0.000000000000000000e+00 1.823849510401487350e-03
0.000000000000000000e+00 1.909807906486093998e-03 3.361164417583495378e-04 6.799041875638067722e-04 9.964017663151025772e-04 1.761268125846982002e-03 1.763605279847979546e-03 0.000000000000000000e+00 0.000000000000000000e+00 8.543182775611057878e-05 0.000000000000000000e+00
2.265697810798883438e-03 0.000000000000000000e+00 0.000000000000000000e+00 0.000000000000000000e+00 0.000000000000000000e+00 0.000000000000000000e+00 7.930070860311388969e-04 5.141703295521438122e-04 3.140876069664955139e-03 1.134325400926172733e-03 0.000000000000000000e+00
6.172717985464259982e-05 8.588402124587446451e-05 9.992582636186853051e-05 8.239219459937885404e-05 0.000000000000000000e+00 1.121435343520715833e-04 1.025466845021583140e-04 6.046716225682757795e-05 1.377643638988956809e-04 1.295675610890612006e-04 2.330245915800333023e-04
0.000000000000000000e+00 0.000000000000000000e+00 1.035234425216913223e-03 1.433009281754493713e-03 0.000000000000000000e+00 1.200700085610151291e-02 3.512061084620654583e-04 0.000000000000000000e+00 0.000000000000000000e+00 2.416423056274652481e-03 1.510566379874944687e-02
2.477007510606199503e-04 0.000000000000000000e+00 0.000000000000000000e+00 4.969002911821007729e-04 0.000000000000000000e+00 8.689602254889905453e-04 0.000000000000000000e+00 0.000000000000000000e+00 2.591072581708431244e-03 2.374722156673669815e-03 6.966369692236185074e-04
0.000000000000000000e+00 2.968203742057085037e-03 1.242455211468040943e-03 0.000000000000000000e+00 5.016488721594214439e-04 3.450819640420377254e-04 0.000000000000000000e+00 0.000000000000000000e+00 0.000000000000000000e+00 0.000000000000000000e+00 0.000000000000000000e+00
2.137389965355396271e-03 3.739021121873520315e-05 0.000000000000000000e+00 0.000000000000000000e+00 0.000000000000000000e+00 1.303105498664081097e-03 0.000000000000000000e+00 5.293552530929446220e-04 0.000000000000000000e+00 0.000000000000000000e+00 1.068563200533390045e-03
2.612755168229341507e-03 3.726420458406209946e-03 2.488671103492379189e-03 0.000000000000000000e+00 1.036068424582481384e-02 0.000000000000000000e+00 0.000000000000000000e+00 2.149275969713926315e-04 1.939501380547881126e-03 0.000000000000000000e+00 4.068173468112945557e-03
0.000000000000000000e+00 0.000000000000000000e+00 7.316310188798524905e-07 1.467393815346440533e-07 1.233854618476470932e-06 0.000000000000000000e+00 0.000000000000000000e+00 1.049031766342523042e-06 0.000000000000000000e+00 8.714181376490159892e-07 0.000000000000000000e+00
