0.000000000000000000e+00 0.000000000000000000e+00 5.914097651839256287e-03 0.000000000000000000e+00 0.000000000000000000e+00 0.000000000000000000e+00 2.380745019763708115e-03 8.239774964749813080e-03 4.604341462254524231e-03 0.000000000000000000e+00 0.000000000000000000e+00
7.576148957014083862e-03 0.000000000000000000e+00 4.752183333039283752e-03 0.000000000000000000e+00 0.000000000000000000e+00 0.000000000000000000e+00 0.000000000000000000e+00 0.000000000000000000e+00 0.000000000000000000e+00 0.000000000000000000e+00 3.627279147622175515e-05
0.000000000000000000e+00 9.019274264574050903e-03 0.000000000000000000e+00 0.000000000000000000e+00 2.093378920108079910e-03 2.961584599688649178e-03 0.000000000000000000e+00 0.000000000000000000e+00 0.000000000000000000e+00 3.743468318134546280e-03 0.000000000000000000e+00
9.716380387544631958e-03 0.000000000000000000e+00 0.000000000000000000e+00 0.000000000000000000e+00 1.598911243490874767e-03 0.000000000000000000e+00 2.344171283766627312e-03 7.652825210243463516e-03 3.203657455742359161e-03 1.133167534135282040e-03 0.000000000000000000e+00
2.111650392180308700e-04 4.527466371655464172e-04 1.703321759123355150e-04 2.966856700368225574e-04 0.000000000000000000e+00 2.402224199613556266e-04 2.141176955774426460e-04 1.617463422007858753e-04 1.640013215364888310e-04 4.569915181491523981e-04 7.088988204486668110e-04
0.000000000000000000e+00 0.000000000000000000e+00 0.000000000000000000e+00 0.000000000000000000e+00 0.000000000000000000e+00 0.000000000000000000e+00 0.000000000000000000e+00 0.000000000000000000e+00 0.000000000000000000e+00 0.000000000000000000e+00 0.000000000000000000e+00
6.939352024346590042e-03 8.263519033789634705e-03 0.000000000000000000e+00 3.496151650324463844e-03 0.000000000000000000e+00 3.507900983095169067e-03 0.000000000000000000e+00 5.354650202207267284e-04 3.420846769586205482e-03 2.431180328130722046e-03 5.036211106926202774e-03
0.000000000000000000e+00 1.059348788112401962e-02 0.000000000000000000e+00 0.000000000000000000e+00 0.000000000000000000e+00 0.000000000000000000e+00 0.000000000000000000e+00 0.000000000000000000e+00 2.258464926853775978e-03 0.000000000000000000e+00 0.000000000000000000e+00
0.000000000000000000e+00 2.129011088982224464e-03 3.503491636365652084e-03 4.924797452986240387e-03 0.000000000000000000e+00 8.516725501976907253e-04 6.598709151148796082e-03 4.171471577137708664e-03 0.000000000000000000e+00 2.008814131841063499e-03 4.445383965503424406e-04
6.179085932672023773e-03 9.990349644795060158e-04 4.966096952557563782e-03 0.000000000000000000e+00 3.026821464300155640e-02 0.000000000000000000e+00 0.000000000000000000e+00 0.000000000000000000e+00 7.583858910948038101e-03 0.000000000000000000e+00 1.012006495147943497e-02
0.000000000000000000e+00 0.000000000000000000e+00 6.311571723927045241e-06 2.603434836601081770e-07 1.098667235055472702e-05 0.000000000000000000e+00 1.803718760129413567e-06 2.341741947020636871e-06 0.000000000000000000e+00 3.547088681443710811e-06 0.000000000000000000e+00
