0.000000000000000000e+00 4.208947143554687500e+02 1.103055664062500000e+03 0.000000000000000000e+00 0.000000000000000000e+00 0.000000000000000000e+00 1.302849023437500000e+04 1.301419628906250000e+04 8.052250976562500000e+02 2.573222045898437500e+02 0.000000000000000000e+00
2.313562109375000000e+04 2.485630512237548828e+00 5.344028930664062500e+02 9.160990625000000000e+04 2.117373466491699219e+00 2.597888565063476562e+01 5.684397656250000000e+04 5.583587646484375000e+01 1.911699585616588593e-02 3.154343437500000000e+05 2.395700645446777344e+01
5.382901430130004883e-01 1.008591064453125000e+03 8.517751693725585938e-01 4.012269592285156250e+01 3.359572143554687500e+02 1.670623242187500000e+04 1.277735156250000000e+04 9.848424196243286133e-01 1.243015502929687500e+03 8.289902343750000000e+02 4.498355388641357422e-01
2.639299218750000000e+04 6.466266632080078125e+01 1.054020703125000000e+04 4.722946472167968750e+02 2.898955993652343750e+02 1.828357421875000000e+04 3.555733337402343750e+02 5.728486718750000000e+04 2.411835156250000000e+04 2.482319946289062500e+02 7.928922363281250000e+03
1.287708163261413574e+00 5.862342834472656250e+00 5.181233286857604980e-01 7.783234864473342896e-02 0.000000000000000000e+00 1.305374741554260254e+00 1.295443177223205566e+00 3.342410326004028320e-01 5.184772890061140060e-04 5.377346038818359375e+00 2.040137100219726562e+01
0.000000000000000000e+00 0.000000000000000000e+00 0.000000000000000000e+00 0.000000000000000000e+00 0.000000000000000000e+00 5.697174929082393646e-04 0.000000000000000000e+00 0.000000000000000000e+00 0.000000000000000000e+00 0.000000000000000000e+00 7.048278405363817001e-08
9.014425781250000000e+03 5.207317504882812500e+02 3.530120239257812500e+02 3.671837463378906250e+02 1.608299255371093750e+02 2.003990173339843750e+01 4.811516418457031250e+02 3.856523437500000000e+02 2.022314300537109375e+02 2.089918750000000000e+04 2.174368945312500000e+04
1.982834637165069580e-01 2.734906311035156250e+02 1.876950531005859375e+02 2.532161521911621094e+01 1.650105102539062500e+03 2.039531005859375000e+03 1.193896972656250000e+03 1.222009033203125000e+03 1.609007226562500000e+04 5.631129741668701172e+00 9.307878494262695312e+00
0.000000000000000000e+00 1.008504199218750000e+04 4.512384375000000000e+04 3.444698437500000000e+04 5.014855957031250000e+01 3.031763732433319092e-01 3.375044921875000000e+03 2.867389121092855930e-04 1.193201757812500000e+04 6.408065032958984375e+01 2.741687109375000000e+04
0.000000000000000000e+00 0.000000000000000000e+00 0.000000000000000000e+00 0.000000000000000000e+00 5.331681060791015625e+01 0.000000000000000000e+00 0.000000000000000000e+00 0.000000000000000000e+00 0.000000000000000000e+00 0.000000000000000000e+00 1.852511013566982001e-05
0.000000000000000000e+00 2.290653924319485668e-07 3.282704353332519531e-01 5.482344888150691986e-03 4.276043474674224854e-01 0.000000000000000000e+00 5.388834327459335327e-02 3.689375147223472595e-02 0.000000000000000000e+00 1.309455484151840210e-01 3.355355875100940466e-04
