3.099828720092773438e+00 7.996710968017578125e+01 7.483629608154296875e+01 1.756666183471679688e+01 6.279801577329635620e-02 2.382762730121612549e-01 8.414289855957031250e+01 7.569976806640625000e+01 7.146690368652343750e+01 6.954597473144531250e+01 9.246470451354980469e+00
1.481137451171875000e+03 0.000000000000000000e+00 2.463240820312500000e+04 1.632439160156250000e+04 2.709256485104560852e-02 1.688679687500000000e+04 3.330718750000000000e+03 1.708566796875000000e+04 1.467728906250000000e+04 1.173201855468750000e+04 3.801917187500000000e+04
1.086788476562500000e+04 3.709151562500000000e+04 2.695025390625000000e+04 4.157572631835937500e+02 2.802900000000000000e+04 1.447547070312500000e+04 2.708023925781250000e+03 1.874696533203125000e+03 4.752058982849121094e+00 5.396370312500000000e+04 1.089130520820617676e+00
5.739808105468750000e+03 1.530848530819639564e-04 3.461112060546875000e+02 5.322213867187500000e+03 7.744908203125000000e+03 6.565164062500000000e+03 1.337515625000000000e+04 1.784569335937500000e+03 6.894195312500000000e+03 3.761657714843750000e+02 9.372343750000000000e+03
3.340383148193359375e+01 7.965655517578125000e+01 4.697526550292968750e+01 2.656502532958984375e+01 1.184200868920015637e-06 4.567279052734375000e+01 4.198361206054687500e+01 1.936726188659667969e+01 4.771176910400390625e+01 3.544142532348632812e+01 1.771841278076171875e+02
0.000000000000000000e+00 0.000000000000000000e+00 0.000000000000000000e+00 0.000000000000000000e+00 0.000000000000000000e+00 0.000000000000000000e+00 0.000000000000000000e+00 0.000000000000000000e+00 0.000000000000000000e+00 0.000000000000000000e+00 4.196867752075195312e+01
5.112403320312500000e+03 1.598458740234375000e+03 3.117550277709960938e+01 9.816544921875000000e+03 0.000000000000000000e+00 2.359488281250000000e+03 4.849907836914062500e+02 0.000000000000000000e+00 5.848917968750000000e+03 8.124972656250000000e+03 1.190971386718750000e+04
0.000000000000000000e+00 3.867751171875000000e+04 1.953152734375000000e+04 1.708771347999572754e+00 4.669570922851562500e+01 9.788931884765625000e+02 3.954054687500000000e+04 1.852724218750000000e+04 1.974632421875000000e+04 5.030712485313415527e-01 3.484420776367187500e+01
3.939488291138104614e-09 3.033423632812500000e+04 1.389024902343750000e+03 3.959283691406250000e+03 2.007619477808475494e-03 7.061266601562500000e+03 4.122192382812500000e+03 1.439594531250000000e+04 3.061751174926757812e+01 3.390358734130859375e+01 5.662296752929687500e+02
0.000000000000000000e+00 0.000000000000000000e+00 0.000000000000000000e+00 0.000000000000000000e+00 1.913030548095703125e+02 0.000000000000000000e+00 0.000000000000000000e+00 0.000000000000000000e+00 0.000000000000000000e+00 0.000000000000000000e+00 0.000000000000000000e+00
0.000000000000000000e+00 1.382000336889177561e-04 6.612677574157714844e-01 2.690467983484268188e-02 8.913750052452087402e-01 0.000000000000000000e+00 1.920309849083423615e-02 5.935935974121093750e-01 4.341816293162992224e-06 5.155545473098754883e-01 6.700152255234570475e-08
