0.000000000000000000e+00 0.000000000000000000e+00 1.829179702326655388e-03 0.000000000000000000e+00 0.000000000000000000e+00 0.000000000000000000e+00 2.482181414961814880e-03 8.247242309153079987e-03 0.000000000000000000e+00 0.000000000000000000e+00 0.000000000000000000e+00
1.300720730796456337e-03 0.000000000000000000e+00 0.000000000000000000e+00 9.082644828595221043e-05 1.388071570545434952e-03 0.000000000000000000e+00 2.856394043192267418e-03 0.000000000000000000e+00 3.590340202208608389e-04 0.000000000000000000e+00 0.000000000000000000e+00
0.000000000000000000e+00 3.086737822741270065e-03 1.539406133815646172e-03 3.514486306812614202e-04 0.000000000000000000e+00 4.812700673937797546e-03 3.448122180998325348e-03 0.000000000000000000e+00 0.000000000000000000e+00 8.998783305287361145e-04 0.000000000000000000e+00
3.020120318979024887e-03 0.000000000000000000e+00 0.000000000000000000e+00 7.957507041282951832e-04 0.000000000000000000e+00 0.000000000000000000e+00 0.000000000000000000e+00 2.328122965991497040e-03 3.672975115478038788e-03 1.915870350785553455e-03 0.000000000000000000e+00
0.000000000000000000e+00 1.447523682145401835e-04 2.296744060004130006e-05 1.504918618593364954e-04 0.000000000000000000e+00 1.154414712800644338e-04 9.512115502730011940e-05 8.422257815254852176e-05 7.390646351268514991e-05 2.049627946689724922e-04 3.665023250505328178e-04
0.000000000000000000e+00 0.000000000000000000e+00 2.187606412917375565e-03 0.000000000000000000e+00 0.000000000000000000e+00 2.013099752366542816e-02 1.622493145987391472e-03 7.115831831470131874e-04 0.000000000000000000e+00 2.631430048495531082e-03 2.404523640871047974e-02
1.829087705118581653e-04 0.000000000000000000e+00 0.000000000000000000e+00 8.005966083146631718e-04 0.000000000000000000e+00 3.814856521785259247e-03 1.665792311541736126e-03 1.789675297914072871e-05 5.098352208733558655e-03 6.092054769396781921e-03 2.479072194546461105e-03
0.000000000000000000e+00 9.448259370401501656e-04 0.000000000000000000e+00 0.000000000000000000e+00 2.108999295160174370e-03 0.000000000000000000e+00 1.148816430941224098e-03 0.000000000000000000e+00 1.646059798076748848e-03 0.000000000000000000e+00 2.538215485401451588e-04
4.247548058629035950e-04 0.000000000000000000e+00 0.000000000000000000e+00 0.000000000000000000e+00 0.000000000000000000e+00 8.547646575607359409e-04 3.674074308946728706e-03 0.000000000000000000e+00 0.000000000000000000e+00 0.000000000000000000e+00 0.000000000000000000e+00
4.984219092875719070e-03 6.821564747951924801e-04 4.236002452671527863e-03 0.000000000000000000e+00 1.893580332398414612e-02 0.000000000000000000e+00 0.000000000000000000e+00 0.000000000000000000e+00 5.032984074205160141e-03 0.000000000000000000e+00 8.468344807624816895e-03
0.000000000000000000e+00 0.000000000000000000e+00 2.264167051180265844e-06 0.000000000000000000e+00 3.636879682744620368e-06 0.000000000000000000e+00 3.922316409443737939e-07 1.524335402791621163e-06 0.000000000000000000e+00 2.469732010013103718e-07 0.000000000000000000e+00
