0.000000000000000000e+00 4.472597036510705948e-03 1.795163989299908280e-04 0.000000000000000000e+00 0.000000000000000000e+00 0.000000000000000000e+00 0.000000000000000000e+00 0.000000000000000000e+00 0.000000000000000000e+00 0.000000000000000000e+00 0.000000000000000000e+00
1.496198866516351700e-02 0.000000000000000000e+00 1.196624431759119034e-02 2.434043213725090027e-03 0.000000000000000000e+00 0.000000000000000000e+00 3.959720488637685776e-03 6.362579762935638428e-03 0.000000000000000000e+00 0.000000000000000000e+00 0.000000000000000000e+00
3.525082021951675415e-03 9.462180547416210175e-03 2.861316024791449308e-04 3.168278271914459765e-05 8.461942896246910095e-03 8.261935785412788391e-03 3.329038154333829880e-03 0.000000000000000000e+00 3.700945526361465454e-03 9.170578792691230774e-03 1.193159259855747223e-03
1.157974265515804291e-02 0.000000000000000000e+00 0.000000000000000000e+00 0.000000000000000000e+00 6.062955595552921295e-03 0.000000000000000000e+00 0.000000000000000000e+00 0.000000000000000000e+00 0.000000000000000000e+00 5.063255783170461655e-03 0.000000000000000000e+00
1.888553379103541374e-05 1.438646140741184354e-04 1.415743754478171468e-04 1.361538888886570930e-04 0.000000000000000000e+00 3.013123641721904278e-04 2.566941839177161455e-04 1.086825432139448822e-04 1.294878602493554354e-04 4.388726956676691771e-04 8.250565151683986187e-04
0.000000000000000000e+00 0.000000000000000000e+00 0.000000000000000000e+00 0.000000000000000000e+00 0.000000000000000000e+00 0.000000000000000000e+00 0.000000000000000000e+00 0.000000000000000000e+00 0.000000000000000000e+00 0.000000000000000000e+00 0.000000000000000000e+00
5.917666945606470108e-03 3.932965453714132309e-03 0.000000000000000000e+00 0.000000000000000000e+00 0.000000000000000000e+00 0.000000000000000000e+00 1.250393781810998917e-02 6.852503865957260132e-03 1.767564215697348118e-03 1.881904201582074165e-03 0.000000000000000000e+00
0.000000000000000000e+00 4.965085070580244064e-03 0.000000000000000000e+00 0.000000000000000000e+00 0.000000000000000000e+00 5.840732716023921967e-03 0.000000000000000000e+00 0.000000000000000000e+00 7.590125780552625656e-03 0.000000000000000000e+00 0.000000000000000000e+00
1.239276258274912834e-03 6.399883423000574112e-03 0.000000000000000000e+00 0.000000000000000000e+00 0.000000000000000000e+00 4.641288425773382187e-03 3.100437577813863754e-03 0.000000000000000000e+00 0.000000000000000000e+00 0.000000000000000000e+00 2.201283816248178482e-03
6.930637755431234837e-04 0.000000000000000000e+00 7.371858227998018265e-03 0.000000000000000000e+00 3.655200451612472534e-02 0.000000000000000000e+00 0.000000000000000000e+00 7.224066066555678844e-04 5.865659564733505249e-03 2.131351036950945854e-03 1.354871504008769989e-02
0.000000000000000000e+00 0.000000000000000000e+00 7.110012575139990076e-06 2.047435373242478818e-06 1.088767021428793669e-05 0.000000000000000000e+00 4.695177267421968281e-06 3.751580834432388656e-06 5.908832463319413364e-07 4.635648110706824809e-06 0.000000000000000000e+00
