0.000000000000000000e+00 4.217772220727056265e-04 3.850748296827077866e-03 0.000000000000000000e+00 0.000000000000000000e+00 0.000000000000000000e+00 4.881730303168296814e-03 3.309679683297872543e-03 0.000000000000000000e+00 0.000000000000000000e+00 0.000000000000000000e+00
0.000000000000000000e+00 0.000000000000000000e+00 3.698372980579733849e-03 0.000000000000000000e+00 0.000000000000000000e+00 1.375810126774013042e-03 0.000000000000000000e+00 8.003810071386396885e-04 0.000000000000000000e+00 0.000000000000000000e+00 0.000000000000000000e+00
1.550767337903380394e-03 0.000000000000000000e+00 2.691440749913454056e-03 1.422231667675077915e-03 2.153618959710001945e-03 1.055055414326488972e-03 0.000000000000000000e+00 0.000000000000000000e+00 0.000000000000000000e+00 9.281797101721167564e-04 0.000000000000000000e+00
4.224223550409078598e-03 0.000000000000000000e+00 3.543386468663811684e-03 1.120032859034836292e-03 6.447465624660253525e-03 0.000000000000000000e+00 5.803949199616909027e-03 1.046287594363093376e-03 0.000000000000000000e+00 3.180727828294038773e-03 0.000000000000000000e+00
2.763860975392162800e-04 3.493183176033198833e-04 2.395390620222315192e-04 5.223099724389612675e-04 0.000000000000000000e+00 3.955781285185366869e-04 3.910515224561095238e-04 2.226786746177822351e-04 2.423932019155472517e-04 4.316895501688122749e-04 7.112476159818470478e-04
0.000000000000000000e+00 0.000000000000000000e+00 1.307069178437814116e-04 6.525619537569582462e-04 0.000000000000000000e+00 1.983603648841381073e-02 0.000000000000000000e+00 0.000000000000000000e+00 0.000000000000000000e+00 2.742987126111984253e-03 2.418519742786884308e-02
2.837167354300618172e-03 0.000000000000000000e+00 0.000000000000000000e+00 0.000000000000000000e+00 0.000000000000000000e+00 6.171823479235172272e-03 2.099310979247093201e-03 3.799600526690483093e-03 4.517564550042152405e-03 6.991993286646902561e-04 3.406299510970711708e-03
0.000000000000000000e+00 5.659506190568208694e-03 0.000000000000000000e+00 0.000000000000000000e+00 0.000000000000000000e+00 0.000000000000000000e+00 0.000000000000000000e+00 0.000000000000000000e+00 2.604187757242470980e-04 0.000000000000000000e+00 0.000000000000000000e+00
0.000000000000000000e+00 3.270328510552644730e-03 0.000000000000000000e+00 9.050288354046642780e-04 0.000000000000000000e+00 4.196131136268377304e-03 2.877772203646600246e-04 1.516329939477145672e-03 0.000000000000000000e+00 0.000000000000000000e+00 5.963349714875221252e-03
4.179071984253823757e-04 0.000000000000000000e+00 2.957774326205253601e-03 1.686053350567817688e-03 1.471170131117105484e-02 0.000000000000000000e+00 0.000000000000000000e+00 3.180312633048743010e-04 2.917526988312602043e-03 0.000000000000000000e+00 8.230103179812431335e-03
0.000000000000000000e+00 0.000000000000000000e+00 7.055364676489261910e-06 0.000000000000000000e+00 1.525168499938445166e-05 0.000000000000000000e+00 0.000000000000000000e+00 2.054568903986364603e-05 0.000000000000000000e+00 9.256780685973353684e-06 0.000000000000000000e+00
