0.000000000000000000e+00 0.000000000000000000e+00 1.842268556356430054e-02 0.000000000000000000e+00 0.000000000000000000e+00 0.000000000000000000e+00 1.655538752675056458e-02 2.010309835895895958e-04 0.000000000000000000e+00 0.000000000000000000e+00 0.000000000000000000e+00
1.969391666352748871e-02 0.000000000000000000e+00 5.156619939953088760e-03 2.993969712406396866e-03 0.000000000000000000e+00 0.000000000000000000e+00 0.000000000000000000e+00 0.000000000000000000e+00 3.586383070796728134e-03 0.000000000000000000e+00 0.000000000000000000e+00
9.937675204128026962e-04 2.800304442644119263e-03 0.000000000000000000e+00 0.000000000000000000e+00 9.144336218014359474e-04 0.000000000000000000e+00 0.000000000000000000e+00 0.000000000000000000e+00 5.779996514320373535e-03 1.508237514644861221e-02 1.061451155692338943e-03
2.433346956968307495e-02 0.000000000000000000e+00 0.000000000000000000e+00 0.000000000000000000e+00 1.038322132080793381e-02 4.553417675197124481e-03 1.372788753360509872e-02 6.841868162155151367e-03 1.839672098867595196e-03 2.711584325879812241e-03 0.000000000000000000e+00
2.836523053701967001e-04 4.967287532053887844e-04 4.705142055172473192e-04 4.526284465100616217e-04 0.000000000000000000e+00 5.566092440858483315e-04 4.880732449237257242e-04 3.020716249011456966e-04 4.902432556264102459e-04 6.334088975563645363e-04 1.321221818216145039e-03
0.000000000000000000e+00 0.000000000000000000e+00 0.000000000000000000e+00 0.000000000000000000e+00 0.000000000000000000e+00 5.266368389129638672e-04 0.000000000000000000e+00 0.000000000000000000e+00 0.000000000000000000e+00 0.000000000000000000e+00 0.000000000000000000e+00
0.000000000000000000e+00 1.307552214711904526e-02 0.000000000000000000e+00 1.612654887139797211e-02 0.000000000000000000e+00 4.988417029380798340e-03 0.000000000000000000e+00 8.958808146417140961e-03 1.250530965626239777e-02 8.176224306225776672e-03 9.297428652644157410e-03
0.000000000000000000e+00 4.825505428016185760e-03 0.000000000000000000e+00 0.000000000000000000e+00 0.000000000000000000e+00 0.000000000000000000e+00 4.530560690909624100e-04 0.000000000000000000e+00 3.376286942511796951e-03 0.000000000000000000e+00 3.876112401485443115e-03
0.000000000000000000e+00 0.000000000000000000e+00 0.000000000000000000e+00 5.494912154972553253e-03 0.000000000000000000e+00 4.370109178125858307e-03 5.403122864663600922e-03 0.000000000000000000e+00 1.227678847499191761e-03 0.000000000000000000e+00 8.622416295111179352e-03
3.030923660844564438e-03 2.315925434231758118e-03 2.383582107722759247e-02 0.000000000000000000e+00 5.203662067651748657e-02 0.000000000000000000e+00 0.000000000000000000e+00 0.000000000000000000e+00 1.737299002707004547e-02 0.000000000000000000e+00 2.017727494239807129e-02
0.000000000000000000e+00 0.000000000000000000e+00 4.112166607228573412e-06 5.271472502954566153e-08 1.079713638318935409e-05 0.000000000000000000e+00 2.374515588599024341e-06 3.021522161361644976e-06 1.002873233346690540e-07 1.666724983806489035e-06 0.000000000000000000e+00
