0.000000000000000000e+00 1.740066334605216980e-03 1.899073715321719646e-03 0.000000000000000000e+00 0.000000000000000000e+00 0.000000000000000000e+00 1.084980671294033527e-03 0.000000000000000000e+00 8.527683094143867493e-04 0.000000000000000000e+00 0.000000000000000000e+00
5.369883030652999878e-03 0.000000000000000000e+00 3.993871156126260757e-03 2.518326509743928909e-03 0.000000000000000000e+00 0.000000000000000000e+00 0.000000000000000000e+00 0.000000000000000000e+00 0.000000000000000000e+00 0.000000000000000000e+00 0.000000000000000000e+00
0.000000000000000000e+00 2.900819759815931320e-03 2.569092437624931335e-03 2.584363566711544991e-03 0.000000000000000000e+00 7.486326619982719421e-03 4.780392162501811981e-03 0.000000000000000000e+00 0.000000000000000000e+00 0.000000000000000000e+00 0.000000000000000000e+00
6.694354116916656494e-03 0.000000000000000000e+00 0.000000000000000000e+00 2.128708641976118088e-03 2.910820068791508675e-03 1.642075949348509312e-03 0.000000000000000000e+00 6.233147345483303070e-03 1.106208539567887783e-03 0.000000000000000000e+00 0.000000000000000000e+00
6.976070289965718985e-05 1.302071905229240656e-04 4.505693505052477121e-05 1.011122949421405792e-04 0.000000000000000000e+00 1.344085467280820012e-04 7.681622810196131468e-05 5.651196261169388890e-05 0.000000000000000000e+00 1.023077638819813728e-04 3.598701732698827982e-04
0.000000000000000000e+00 1.294419053010642529e-03 6.413645111024379730e-03 0.000000000000000000e+00 0.000000000000000000e+00 1.586724072694778442e-02 0.000000000000000000e+00 0.000000000000000000e+00 0.000000000000000000e+00 3.729975316673517227e-03 2.028399333357810974e-02
2.991113811731338501e-03 4.188479855656623840e-03 0.000000000000000000e+00 0.000000000000000000e+00 0.000000000000000000e+00 3.359246067702770233e-03 6.468839012086391449e-03 0.000000000000000000e+00 4.863518755882978439e-03 5.488996393978595734e-03 1.014391775242984295e-03
0.000000000000000000e+00 0.000000000000000000e+00 0.000000000000000000e+00 0.000000000000000000e+00 0.000000000000000000e+00 0.000000000000000000e+00 0.000000000000000000e+00 0.000000000000000000e+00 0.000000000000000000e+00 0.000000000000000000e+00 1.203695544973015785e-03
0.000000000000000000e+00 2.767367754131555557e-03 1.245090388692915440e-03 0.000000000000000000e+00 0.000000000000000000e+00 2.432853216305375099e-03 6.615748279727995396e-04 0.000000000000000000e+00 0.000000000000000000e+00 0.000000000000000000e+00 1.826294581405818462e-03
0.000000000000000000e+00 5.865605198778212070e-04 7.597666233777999878e-03 0.000000000000000000e+00 1.677549071609973907e-02 0.000000000000000000e+00 0.000000000000000000e+00 0.000000000000000000e+00 5.916236899793148041e-03 0.000000000000000000e+00 4.239997360855340958e-03
0.000000000000000000e+00 0.000000000000000000e+00 4.232147603033808991e-06 2.296890443176380359e-06 5.767566108261235058e-06 0.000000000000000000e+00 3.676211008496466093e-06 4.233515028317924589e-06 1.006071329356927890e-06 4.032271135656628758e-06 0.000000000000000000e+00
