0.000000000000000000e+00 5.058329589843750000e+03 6.718853759765625000e+02 0.000000000000000000e+00 0.000000000000000000e+00 0.000000000000000000e+00 5.121431640625000000e+03 5.203424804687500000e+03 3.677923583984375000e+01 0.000000000000000000e+00 0.000000000000000000e+00
2.547042465209960938e+01 0.000000000000000000e+00 1.794800976562500000e+04 2.149024902343750000e+03 3.180131530761718750e+01 9.668037109375000000e+03 7.642625732421875000e+02 6.380324707031250000e+03 3.180699218750000000e+03 1.572399711608886719e+01 1.287010131835937500e+03
6.407447052001953125e+01 8.391728973388671875e+01 2.594517211914062500e+02 2.731567993164062500e+02 1.198720484972000122e-01 5.648931152343750000e+03 2.175758514404296875e+02 4.028948974609375000e+01 6.313836097717285156e+00 6.704743652343750000e+03 1.903052124023437500e+03
2.527208496093750000e+03 2.620759582519531250e+02 2.909191894531250000e+02 4.698593261718750000e+03 6.748196289062500000e+03 1.893891357421875000e+03 7.953793945312500000e+03 2.108826660156250000e+03 9.097827148437500000e+02 1.324880859375000000e+03 6.996024414062500000e+03
3.957319736480712891e+00 6.926642417907714844e+00 1.442652702331542969e+01 1.296873569488525391e+01 0.000000000000000000e+00 9.886945724487304688e+00 2.072891998291015625e+01 1.127529048919677734e+01 1.329921817779541016e+01 3.961773300170898438e+01 5.611581420898437500e+01
0.000000000000000000e+00 0.000000000000000000e+00 0.000000000000000000e+00 0.000000000000000000e+00 0.000000000000000000e+00 0.000000000000000000e+00 0.000000000000000000e+00 0.000000000000000000e+00 0.000000000000000000e+00 0.000000000000000000e+00 2.847326469421386719e+01
4.698628417968750000e+03 1.601340789794921875e+02 4.595892333984375000e+02 6.951529296875000000e+03 2.035372924804687500e+02 7.576564453125000000e+03 3.187640625000000000e+03 1.007878027343750000e+04 1.123065429687500000e+04 1.938365234375000000e+04 8.700537109375000000e+03
6.186613177305844147e-07 1.507069702148437500e+02 7.169010162353515625e+01 7.789133548736572266e+00 1.923175048828125000e+03 1.840467834472656250e+01 8.270498275756835938e+00 4.941468429565429688e+01 1.137847558593750000e+04 3.080043983459472656e+01 6.682838916778564453e+00
3.880496263504028320e+00 3.455857031250000000e+04 1.242842968750000000e+04 1.725251913070678711e+00 3.778232421875000000e+03 1.694120703125000000e+04 7.995923042297363281e+00 6.980870819091796875e+01 2.509842529296875000e+03 2.773877466097474098e-03 7.937681640625000000e+03
0.000000000000000000e+00 1.209774636663496494e-04 1.377479076385498047e+00 0.000000000000000000e+00 1.945322799682617188e+01 0.000000000000000000e+00 0.000000000000000000e+00 0.000000000000000000e+00 1.546642743051052094e-04 0.000000000000000000e+00 6.183480024337768555e-01
0.000000000000000000e+00 4.140666127204895020e-02 2.224334776401519775e-01 9.133036434650421143e-02 3.644532561302185059e-01 0.000000000000000000e+00 8.824686706066131592e-02 3.118339478969573975e-01 5.896224320167675614e-05 2.661338448524475098e-01 0.000000000000000000e+00
