0.000000000000000000e+00 2.105045568896457553e-04 2.022825181484222412e-03 0.000000000000000000e+00 0.000000000000000000e+00 0.000000000000000000e+00 9.989072568714618683e-04 7.962201535701751709e-02 1.936335712671279907e-01 0.000000000000000000e+00 0.000000000000000000e+00
2.439001649618148804e-01 0.000000000000000000e+00 1.940761134028434753e-02 2.099053263664245605e-01 3.830711916089057922e-02 0.000000000000000000e+00 9.033633023500442505e-02 5.317844916135072708e-03 9.587160497903823853e-02 6.550516188144683838e-02 1.015545800328254700e-01
0.000000000000000000e+00 1.423702538013458252e-01 4.329138621687889099e-02 1.417756229639053345e-01 6.847407668828964233e-02 2.276148796081542969e-01 2.489815056324005127e-01 1.192831085063517094e-03 1.206404790282249451e-01 9.876342490315437317e-03 0.000000000000000000e+00
1.230547875165939331e-01 1.392213045619428158e-03 0.000000000000000000e+00 4.244316741824150085e-02 6.047766655683517456e-03 6.504260748624801636e-02 1.310415845364332199e-02 6.711705774068832397e-02 5.233000218868255615e-02 2.608049474656581879e-02 8.915705839172005653e-04
8.153188537107780576e-05 4.295289691071957350e-04 1.809110690373927355e-04 1.810961402952671051e-04 0.000000000000000000e+00 1.483341184211894870e-04 2.098978147841989994e-04 3.159143307129852474e-05 9.297516953665763140e-05 3.599419433157891035e-04 8.724993094801902771e-04
0.000000000000000000e+00 0.000000000000000000e+00 0.000000000000000000e+00 0.000000000000000000e+00 0.000000000000000000e+00 0.000000000000000000e+00 0.000000000000000000e+00 0.000000000000000000e+00 0.000000000000000000e+00 0.000000000000000000e+00 3.469446951953614189e-18
0.000000000000000000e+00 6.086901575326919556e-02 0.000000000000000000e+00 3.017119131982326508e-03 0.000000000000000000e+00 8.634897880256175995e-03 6.844954937696456909e-02 7.043852470815181732e-03 3.340905904769897461e-02 5.134735628962516785e-02 6.557599455118179321e-02
0.000000000000000000e+00 6.015327759087085724e-03 1.061782762408256531e-01 0.000000000000000000e+00 0.000000000000000000e+00 3.999084699898958206e-03 4.190147388726472855e-03 1.003106124699115753e-03 8.905796706676483154e-02 1.731121540069580078e-01 5.275729298591613770e-02
0.000000000000000000e+00 1.516175568103790283e-01 1.245308667421340942e-01 1.007279232144355774e-01 2.360985847190022469e-03 8.788788318634033203e-02 8.216607384383678436e-03 0.000000000000000000e+00 4.183619283139705658e-03 4.854220151901245117e-02 8.482582867145538330e-02
2.572493627667427063e-02 6.750755710527300835e-04 1.748236268758773804e-02 3.317394061014056206e-03 1.782868206501007080e-01 0.000000000000000000e+00 0.000000000000000000e+00 2.063171938061714172e-03 1.168556045740842819e-03 0.000000000000000000e+00 0.000000000000000000e+00
0.000000000000000000e+00 0.000000000000000000e+00 1.738011178531451151e-06 0.000000000000000000e+00 6.607182058360194787e-06 0.000000000000000000e+00 6.212951007000810932e-07 0.000000000000000000e+00 0.000000000000000000e+00 1.264100859543759725e-07 0.000000000000000000e+00
