0.000000000000000000e+00 3.700751811265945435e-03 0.000000000000000000e+00 0.000000000000000000e+00 0.000000000000000000e+00 0.000000000000000000e+00 4.916544537991285324e-03 2.151265973225235939e-03 0.000000000000000000e+00 0.000000000000000000e+00 0.000000000000000000e+00
3.505825065076351166e-03 0.000000000000000000e+00 2.164895413443446159e-03 2.525732619687914848e-03 0.000000000000000000e+00 0.000000000000000000e+00 2.943010302260518074e-03 5.236896104179322720e-04 0.000000000000000000e+00 0.000000000000000000e+00 0.000000000000000000e+00
0.000000000000000000e+00 2.193528227508068085e-03 6.080552004277706146e-03 5.547886830754578114e-04 2.346830442547798157e-03 7.734595797955989838e-03 8.995399810373783112e-03 0.000000000000000000e+00 0.000000000000000000e+00 1.545729581266641617e-03 0.000000000000000000e+00
1.040904223918914795e-02 0.000000000000000000e+00 5.471486365422606468e-04 0.000000000000000000e+00 0.000000000000000000e+00 0.000000000000000000e+00 0.000000000000000000e+00 0.000000000000000000e+00 6.132556591182947159e-03 8.801428601145744324e-03 0.000000000000000000e+00
1.200659608002752066e-05 0.000000000000000000e+00 2.286788185301702470e-05 8.456210707663558424e-06 0.000000000000000000e+00 1.242482630914309993e-05 1.434288569726049900e-04 3.867395571433007717e-05 9.708745346870273352e-05 8.301434718305245042e-05 3.613200096879154444e-04
0.000000000000000000e+00 2.243262715637683868e-03 6.772452499717473984e-03 4.092756658792495728e-03 0.000000000000000000e+00 1.536872331053018570e-02 0.000000000000000000e+00 0.000000000000000000e+00 0.000000000000000000e+00 4.128416534513235092e-03 2.713393419981002808e-02
5.877291318029165268e-03 5.864994600415229797e-04 0.000000000000000000e+00 1.691415440291166306e-03 0.000000000000000000e+00 3.162549401167780161e-04 0.000000000000000000e+00 5.474654957652091980e-03 0.000000000000000000e+00 1.155337202362716198e-03 6.999499746598303318e-04
0.000000000000000000e+00 2.738174982368946075e-03 0.000000000000000000e+00 0.000000000000000000e+00 0.000000000000000000e+00 0.000000000000000000e+00 0.000000000000000000e+00 0.000000000000000000e+00 2.480891067534685135e-03 0.000000000000000000e+00 5.921547417528927326e-04
0.000000000000000000e+00 0.000000000000000000e+00 0.000000000000000000e+00 1.912868814542889595e-03 0.000000000000000000e+00 0.000000000000000000e+00 2.178206341341137886e-03 0.000000000000000000e+00 2.208030316978693008e-03 0.000000000000000000e+00 0.000000000000000000e+00
1.684775692410767078e-03 0.000000000000000000e+00 1.003631670027971268e-02 0.000000000000000000e+00 2.005641162395477295e-02 0.000000000000000000e+00 0.000000000000000000e+00 0.000000000000000000e+00 5.737251136451959610e-03 1.806568237952888012e-03 6.702418439090251923e-03
0.000000000000000000e+00 1.962346914297086187e-06 5.743217116105370224e-06 2.087683242280036211e-06 6.388619567587738857e-06 0.000000000000000000e+00 4.167970473645254970e-06 3.899307102983584628e-06 0.000000000000000000e+00 6.103450232330942526e-06 0.000000000000000000e+00
