0.000000000000000000e+00 7.125835400074720383e-03 0.000000000000000000e+00 0.000000000000000000e+00 0.000000000000000000e+00 0.000000000000000000e+00 0.000000000000000000e+00 9.815225377678871155e-03 9.385290904901921749e-04 0.000000000000000000e+00 0.000000000000000000e+00
1.087564136832952499e-02 0.000000000000000000e+00 7.124426774680614471e-04 9.566830703988671303e-05 0.000000000000000000e+00 0.000000000000000000e+00 0.000000000000000000e+00 0.000000000000000000e+00 0.000000000000000000e+00 0.000000000000000000e+00 0.000000000000000000e+00
0.000000000000000000e+00 8.645350113511085510e-03 1.060079201124608517e-03 0.000000000000000000e+00 0.000000000000000000e+00 4.216575995087623596e-03 9.866934269666671753e-03 0.000000000000000000e+00 1.017218362540006638e-02 2.380149671807885170e-03 0.000000000000000000e+00
8.822211995720863342e-03 0.000000000000000000e+00 0.000000000000000000e+00 7.166210096329450607e-03 1.022476796060800552e-02 0.000000000000000000e+00 0.000000000000000000e+00 8.262442424893379211e-03 0.000000000000000000e+00 0.000000000000000000e+00 0.000000000000000000e+00
4.583399913826724514e-06 1.816324802348390222e-04 1.320861774729564786e-04 1.173838463728316128e-04 0.000000000000000000e+00 2.161926531698554754e-04 4.108948633074760437e-05 0.000000000000000000e+00 0.000000000000000000e+00 1.356838620267808437e-04 4.526710836216807365e-04
0.000000000000000000e+00 0.000000000000000000e+00 0.000000000000000000e+00 0.000000000000000000e+00 0.000000000000000000e+00 0.000000000000000000e+00 0.000000000000000000e+00 0.000000000000000000e+00 0.000000000000000000e+00 0.000000000000000000e+00 0.000000000000000000e+00
1.478858478367328644e-02 7.727866992354393005e-03 0.000000000000000000e+00 0.000000000000000000e+00 0.000000000000000000e+00 7.854660041630268097e-03 2.437152434140443802e-03 2.097144722938537598e-03 2.314877230674028397e-03 1.669714413583278656e-02 7.362915202975273132e-03
0.000000000000000000e+00 8.121293969452381134e-03 0.000000000000000000e+00 4.197586677037179470e-04 0.000000000000000000e+00 0.000000000000000000e+00 0.000000000000000000e+00 0.000000000000000000e+00 1.113214623183012009e-02 0.000000000000000000e+00 0.000000000000000000e+00
0.000000000000000000e+00 8.412730880081653595e-03 0.000000000000000000e+00 0.000000000000000000e+00 0.000000000000000000e+00 0.000000000000000000e+00 8.693623356521129608e-03 0.000000000000000000e+00 0.000000000000000000e+00 1.027658488601446152e-02 7.725263014435768127e-03
6.021278444677591324e-03 2.317768987268209457e-03 6.259930785745382309e-03 0.000000000000000000e+00 4.302012175321578979e-02 5.614233668893575668e-03 5.527015775442123413e-03 0.000000000000000000e+00 4.300589673221111298e-03 0.000000000000000000e+00 6.573236314579844475e-04
0.000000000000000000e+00 3.668337967610568739e-06 8.823267307889182121e-06 3.024900507853089948e-08 1.122979574574856088e-05 0.000000000000000000e+00 7.056594313326058909e-06 5.542690814763773233e-06 9.100053830479737371e-07 5.463784873427357525e-06 0.000000000000000000e+00
