0.000000000000000000e+00 3.902266907971352339e-04 0.000000000000000000e+00 0.000000000000000000e+00 0.000000000000000000e+00 0.000000000000000000e+00 3.004747675731778145e-03 6.722816731780767441e-03 5.316693801432847977e-03 0.000000000000000000e+00 0.000000000000000000e+00
3.151386044919490814e-03 0.000000000000000000e+00 3.403557231649756432e-03 0.000000000000000000e+00 0.000000000000000000e+00 0.000000000000000000e+00 1.718585495837032795e-03 0.000000000000000000e+00 0.000000000000000000e+00 0.000000000000000000e+00 0.000000000000000000e+00
0.000000000000000000e+00 3.125409595668315887e-03 7.844516658224165440e-04 1.314571127295494080e-03 4.437926691025495529e-03 2.575198421254754066e-03 8.064911235123872757e-04 0.000000000000000000e+00 0.000000000000000000e+00 5.108779296278953552e-03 0.000000000000000000e+00
6.064757239073514938e-03 0.000000000000000000e+00 1.577785238623619080e-03 0.000000000000000000e+00 1.036537811160087585e-03 0.000000000000000000e+00 0.000000000000000000e+00 2.848633565008640289e-03 4.530186764895915985e-03 6.879294523969292641e-04 0.000000000000000000e+00
6.149156888568541035e-06 1.360741007374599576e-04 8.293864084407687187e-05 8.193214307539165020e-05 0.000000000000000000e+00 6.502517499029636383e-05 9.869283530861139297e-05 6.691749877063557506e-05 9.809190669329836965e-05 1.450653944630175829e-04 3.495972778182476759e-04
0.000000000000000000e+00 9.513248223811388016e-04 2.509873826056718826e-03 0.000000000000000000e+00 0.000000000000000000e+00 1.757494919002056122e-02 8.121692226268351078e-04 6.177155300974845886e-03 0.000000000000000000e+00 3.291517263278365135e-03 2.229179069399833679e-02
7.071509491652250290e-03 3.936015709768980742e-04 0.000000000000000000e+00 0.000000000000000000e+00 0.000000000000000000e+00 2.086149528622627258e-03 0.000000000000000000e+00 2.508151577785611153e-03 1.057861489243805408e-03 1.154749421402812004e-03 0.000000000000000000e+00
0.000000000000000000e+00 1.061902614310383797e-03 0.000000000000000000e+00 0.000000000000000000e+00 2.385371597483754158e-03 3.085434145759791136e-04 0.000000000000000000e+00 0.000000000000000000e+00 6.846699398010969162e-04 0.000000000000000000e+00 0.000000000000000000e+00
0.000000000000000000e+00 1.501330756582319736e-03 1.546204555779695511e-03 0.000000000000000000e+00 0.000000000000000000e+00 0.000000000000000000e+00 2.610774943605065346e-03 0.000000000000000000e+00 1.528079505078494549e-03 7.983695832081139088e-04 2.029036637395620346e-03
1.986143877729773521e-03 2.304457448190078139e-04 5.548397079110145569e-03 0.000000000000000000e+00 1.746783033013343811e-02 1.360261579975485802e-03 0.000000000000000000e+00 0.000000000000000000e+00 5.514530930668115616e-03 0.000000000000000000e+00 3.458042629063129425e-03
0.000000000000000000e+00 0.000000000000000000e+00 1.022701098918332718e-06 9.050536320387436717e-09 2.406770818197401240e-06 0.000000000000000000e+00 7.248673341564426664e-07 5.964662932456121780e-07 0.000000000000000000e+00 3.643556283350335434e-07 0.000000000000000000e+00
