8.431317110080271959e-05 1.195336575619876385e-03 1.579808653332293034e-03 4.066267865709960461e-04 0.000000000000000000e+00 2.001980028580874205e-04 1.724178786389529705e-03 1.456910860724747181e-03 1.112013356760144234e-03 1.107384916394948959e-03 1.062452211044728756e-04
2.595912694931030273e+00 0.000000000000000000e+00 1.130567789077758789e+00 2.987874448299407959e-01 2.793541398204979487e-06 9.876669049263000488e-01 9.305680287070572376e-04 1.565471320645883679e-04 1.844598889350891113e+00 8.292204737663269043e-01 0.000000000000000000e+00
6.325823664665222168e-01 9.389531612396240234e-01 1.653738319873809814e-03 2.337114363908767700e-01 9.979953169822692871e-01 1.657210141420364380e-01 2.048918008804321289e-01 0.000000000000000000e+00 0.000000000000000000e+00 0.000000000000000000e+00 6.412545442581176758e-01
1.380724668502807617e+00 0.000000000000000000e+00 4.554443003144115210e-04 7.074496243149042130e-04 1.541682140668854117e-04 4.511271715164184570e-01 4.232112765312194824e-01 1.664854168891906738e+00 7.062685472192242742e-05 1.384227361995726824e-04 0.000000000000000000e+00
7.481392094632610679e-05 1.453805452911183238e-04 2.508395991753786802e-04 3.514965937938541174e-04 0.000000000000000000e+00 3.302939876448363066e-05 2.355477190576493740e-04 3.247672575525939465e-04 2.029157476499676704e-04 4.013739235233515501e-04 7.858104072511196136e-04
0.000000000000000000e+00 2.069346810458227992e-04 9.171847486868500710e-04 3.305689024273306131e-04 0.000000000000000000e+00 6.760601997375488281e-01 3.187963739037513733e-04 0.000000000000000000e+00 0.000000000000000000e+00 8.601293084211647511e-04 6.172978878021240234e-01
2.522527873516082764e-01 1.327539086341857910e+00 2.128585474565625191e-04 1.546560645103454590e+00 0.000000000000000000e+00 3.819041848182678223e-01 5.650656530633568764e-04 6.114869117736816406e-01 7.919146679341793060e-03 5.659546586684882641e-04 9.285994172096252441e-01
0.000000000000000000e+00 4.440042018890380859e+00 3.061931371688842773e+00 0.000000000000000000e+00 4.482630174607038498e-04 0.000000000000000000e+00 6.499167648144066334e-04 1.923999547958374023e+00 2.776417970657348633e+00 0.000000000000000000e+00 0.000000000000000000e+00
0.000000000000000000e+00 9.601541608572006226e-02 0.000000000000000000e+00 0.000000000000000000e+00 0.000000000000000000e+00 2.293526777066290379e-04 0.000000000000000000e+00 0.000000000000000000e+00 0.000000000000000000e+00 0.000000000000000000e+00 2.299038648605346680e+00
3.291860921308398247e-04 0.000000000000000000e+00 1.858173985965549946e-03 0.000000000000000000e+00 1.436367273330688477e+00 1.597038208274170756e-04 0.000000000000000000e+00 0.000000000000000000e+00 7.739343564026057720e-04 0.000000000000000000e+00 6.060524028725922108e-04
0.000000000000000000e+00 1.052793692224440747e-07 3.484567059786058962e-06 8.730414720048429444e-07 8.972610885393805802e-06 0.000000000000000000e+00 1.465746208850760013e-07 1.744916517054662108e-06 0.000000000000000000e+00 2.843918082362506539e-06 0.000000000000000000e+00
