0.000000000000000000e+00 0.000000000000000000e+00 2.896011341363191605e-03 0.000000000000000000e+00 0.000000000000000000e+00 0.000000000000000000e+00 5.241356557235121727e-04 7.163289934396743774e-03 5.279232747852802277e-03 0.000000000000000000e+00 0.000000000000000000e+00
1.346235722303390503e-02 0.000000000000000000e+00 7.218816783279180527e-03 1.556429080665111542e-03 0.000000000000000000e+00 0.000000000000000000e+00 0.000000000000000000e+00 0.000000000000000000e+00 1.499975449405610561e-03 0.000000000000000000e+00 0.000000000000000000e+00
4.753597080707550049e-03 7.513737655244767666e-04 0.000000000000000000e+00 0.000000000000000000e+00 7.517810910940170288e-03 0.000000000000000000e+00 0.000000000000000000e+00 0.000000000000000000e+00 6.931211799383163452e-03 5.937948357313871384e-03 1.542361802421510220e-03
5.208830814808607101e-03 0.000000000000000000e+00 0.000000000000000000e+00 2.568257972598075867e-03 8.378895930945873260e-03 0.000000000000000000e+00 5.356707144528627396e-03 7.152247708290815353e-03 0.000000000000000000e+00 0.000000000000000000e+00 0.000000000000000000e+00
1.279747812077403069e-04 3.961431211791932583e-04 1.993776822928339243e-04 1.078098503057844937e-04 0.000000000000000000e+00 2.194528788095340133e-04 1.465644745621830225e-04 0.000000000000000000e+00 1.228555993293412030e-05 3.611558349803090096e-04 6.870600627735257149e-04
0.000000000000000000e+00 0.000000000000000000e+00 0.000000000000000000e+00 0.000000000000000000e+00 0.000000000000000000e+00 0.000000000000000000e+00 0.000000000000000000e+00 0.000000000000000000e+00 0.000000000000000000e+00 0.000000000000000000e+00 0.000000000000000000e+00
4.737180192023515701e-03 4.104334861040115356e-03 0.000000000000000000e+00 0.000000000000000000e+00 0.000000000000000000e+00 3.192978911101818085e-04 2.675777999684214592e-03 5.910225678235292435e-03 8.245301432907581329e-03 2.817217726260423660e-03 1.635056221857666969e-03
0.000000000000000000e+00 2.695014700293540955e-03 1.881791511550545692e-03 3.281694371253252029e-03 0.000000000000000000e+00 4.738463030662387609e-04 0.000000000000000000e+00 2.647797577083110809e-03 1.039548125118017197e-02 0.000000000000000000e+00 0.000000000000000000e+00
0.000000000000000000e+00 1.155379787087440491e-02 4.999116063117980957e-03 0.000000000000000000e+00 0.000000000000000000e+00 0.000000000000000000e+00 6.298022810369729996e-03 0.000000000000000000e+00 0.000000000000000000e+00 6.858935113996267319e-03 9.979536989703774452e-04
7.139592431485652924e-03 8.965385146439075470e-03 1.290432643145322800e-02 0.000000000000000000e+00 3.176334872841835022e-02 0.000000000000000000e+00 5.552167538553476334e-03 1.445257104933261871e-03 3.747083945199847221e-03 0.000000000000000000e+00 1.005496922880411148e-02
0.000000000000000000e+00 0.000000000000000000e+00 9.892235539155080914e-06 0.000000000000000000e+00 1.529278233647346497e-05 0.000000000000000000e+00 0.000000000000000000e+00 0.000000000000000000e+00 0.000000000000000000e+00 0.000000000000000000e+00 0.000000000000000000e+00
