0.000000000000000000e+00 8.729241043329238892e-02 1.890392661094665527e+00 0.000000000000000000e+00 0.000000000000000000e+00 0.000000000000000000e+00 1.420074224472045898e+00 3.726998269557952881e-01 3.828835906460881233e-04 7.171614561229944229e-04 0.000000000000000000e+00
5.105162411928176880e-02 0.000000000000000000e+00 2.449153423309326172e+00 2.643481731414794922e+00 1.815808057785034180e+00 1.312880516052246094e+00 1.316498279571533203e+00 1.444766640663146973e+00 3.283950686454772949e-02 5.268584209261462092e-05 2.106696128845214844e+00
2.824661731719970703e-01 7.059385776519775391e-01 6.426687240600585938e-01 6.594268977642059326e-02 0.000000000000000000e+00 1.621238827705383301e+00 9.663344919681549072e-02 2.060374468564987183e-01 1.809418797492980957e+00 1.803599357604980469e+00 2.095358133316040039e+00
9.008069038391113281e-01 2.942899614572525024e-02 7.492675213143229485e-04 2.379143983125686646e-01 5.622966885566711426e-01 2.095032930374145508e-01 7.737518846988677979e-02 6.449392437934875488e-01 9.380820393562316895e-02 0.000000000000000000e+00 1.277708215638995171e-03
4.887196235358715057e-03 1.016731560230255127e-02 3.590522799640893936e-03 9.771589189767837524e-03 0.000000000000000000e+00 5.982255097478628159e-03 8.806793950498104095e-03 1.947977812960743904e-03 7.141065318137407303e-03 1.546801533550024033e-02 2.305815368890762329e-02
0.000000000000000000e+00 0.000000000000000000e+00 0.000000000000000000e+00 0.000000000000000000e+00 0.000000000000000000e+00 1.969349832506850362e-04 0.000000000000000000e+00 0.000000000000000000e+00 0.000000000000000000e+00 0.000000000000000000e+00 1.055648795045271982e-06
1.082778424024581909e-01 4.703936576843261719e-01 6.973994970321655273e-01 5.647850036621093750e-01 5.869025737047195435e-02 6.789515614509582520e-01 3.977274596691131592e-01 0.000000000000000000e+00 4.811640083789825439e-01 1.139073610305786133e+00 1.649709045886993408e-01
0.000000000000000000e+00 7.540695369243621826e-02 8.564718067646026611e-02 4.129558801651000977e-01 1.485159516334533691e+00 1.217917911708354950e-02 5.862830877304077148e-01 3.933607339859008789e-01 8.484262228012084961e-01 6.233823485672473907e-03 9.186964035034179688e-01
0.000000000000000000e+00 6.010293145664036274e-04 5.106970071792602539e-01 4.133022949099540710e-02 6.254278421401977539e-01 1.959909796714782715e-01 2.180468082427978516e+00 6.534661352634429932e-02 5.639790892601013184e-01 0.000000000000000000e+00 1.434805393218994141e+00
0.000000000000000000e+00 0.000000000000000000e+00 1.758127473294734955e-05 0.000000000000000000e+00 3.842233419418334961e-01 0.000000000000000000e+00 0.000000000000000000e+00 0.000000000000000000e+00 0.000000000000000000e+00 0.000000000000000000e+00 0.000000000000000000e+00
0.000000000000000000e+00 1.307494530919939280e-04 3.479254082776606083e-04 4.788997466675937176e-05 4.978551296517252922e-04 0.000000000000000000e+00 2.011244359891861677e-04 4.012592835351824760e-04 0.000000000000000000e+00 3.332660417072474957e-04 0.000000000000000000e+00
