0.000000000000000000e+00 0.000000000000000000e+00 1.777830347418785095e-02 0.000000000000000000e+00 0.000000000000000000e+00 0.000000000000000000e+00 2.419410739094018936e-03 4.182046686764806509e-04 2.211082726716995239e-03 1.288366504013538361e-03 0.000000000000000000e+00
4.402392078191041946e-03 0.000000000000000000e+00 0.000000000000000000e+00 9.583006612956523895e-04 0.000000000000000000e+00 0.000000000000000000e+00 8.446456864476203918e-03 0.000000000000000000e+00 0.000000000000000000e+00 0.000000000000000000e+00 1.835792674683034420e-03
0.000000000000000000e+00 1.805423176847398281e-03 1.884864759631454945e-03 2.055844757705926895e-03 0.000000000000000000e+00 2.764111151918768883e-03 0.000000000000000000e+00 0.000000000000000000e+00 2.424997946945950389e-04 9.401693008840084076e-03 2.320030471310019493e-03
1.930874027311801910e-02 3.854616777971386909e-03 0.000000000000000000e+00 0.000000000000000000e+00 0.000000000000000000e+00 5.005286657251417637e-04 0.000000000000000000e+00 1.163051370531320572e-02 1.117882598191499710e-02 2.234189538285136223e-03 0.000000000000000000e+00
2.836288695107214153e-05 1.289076753892004490e-04 2.185816556448116899e-04 2.819923392962664366e-04 0.000000000000000000e+00 2.545123570598661900e-04 1.679983106441795826e-04 5.110620622872374952e-05 1.823188213165849447e-04 3.705597482621669769e-04 6.987408851273357868e-04
0.000000000000000000e+00 0.000000000000000000e+00 0.000000000000000000e+00 0.000000000000000000e+00 0.000000000000000000e+00 0.000000000000000000e+00 0.000000000000000000e+00 0.000000000000000000e+00 0.000000000000000000e+00 0.000000000000000000e+00 0.000000000000000000e+00
2.607169561088085175e-03 1.361166778951883316e-02 0.000000000000000000e+00 2.223529852926731110e-03 0.000000000000000000e+00 3.657250897958874702e-03 3.535894909873604774e-03 2.002817345783114433e-03 1.331496052443981171e-03 6.711071822792291641e-03 6.857317406684160233e-03
0.000000000000000000e+00 2.856931416317820549e-03 0.000000000000000000e+00 0.000000000000000000e+00 4.073766525834798813e-03 0.000000000000000000e+00 0.000000000000000000e+00 0.000000000000000000e+00 6.626572576351463795e-04 0.000000000000000000e+00 1.706607174128293991e-03
0.000000000000000000e+00 3.739359090104699135e-03 1.094591454602777958e-03 2.039811806753277779e-03 0.000000000000000000e+00 0.000000000000000000e+00 1.486292202025651932e-02 4.728806205093860626e-03 0.000000000000000000e+00 0.000000000000000000e+00 0.000000000000000000e+00
6.348889321088790894e-03 2.432622713968157768e-03 8.522547781467437744e-03 0.000000000000000000e+00 4.010451212525367737e-02 0.000000000000000000e+00 3.573772031813859940e-03 0.000000000000000000e+00 1.682301983237266541e-02 3.755372483283281326e-03 2.298416942358016968e-02
0.000000000000000000e+00 0.000000000000000000e+00 4.196057034278055653e-06 1.307165433672707877e-07 9.655615031078923494e-06 0.000000000000000000e+00 8.303429126499395352e-07 3.065507826249813661e-06 0.000000000000000000e+00 4.391497895994689316e-06 0.000000000000000000e+00
