0.000000000000000000e+00 9.719652557373046875e+01 1.022538070678710938e+02 0.000000000000000000e+00 0.000000000000000000e+00 0.000000000000000000e+00 2.578308105468750000e+03 5.150028808593750000e+03 4.364707031250000000e+02 1.187914810180664062e+02 0.000000000000000000e+00
1.962903747558593750e+02 0.000000000000000000e+00 5.046881835937500000e+03 1.608420104980468750e+02 1.141799804687500000e+04 7.532072067260742188e-01 3.011543212890625000e+03 2.779207519531250000e+03 7.659529296875000000e+03 8.558812500000000000e+03 6.245163085937500000e+03
7.235062122344970703e-02 3.340588281250000000e+04 4.162537597656250000e+03 1.703802490234375000e+02 4.066196680068969727e-01 5.905788085937500000e+03 1.392665100097656250e+02 2.283378362655639648e+00 7.679692077636718750e+01 8.317042968750000000e+03 5.240089416503906250e+01
1.022301818847656250e+03 2.179536132812500000e+02 8.710426025390625000e+02 3.064691162109375000e+02 1.170854797363281250e+02 3.466041992187500000e+03 2.181766113281250000e+03 8.763898315429687500e+02 4.817570312500000000e+03 1.645144409179687500e+03 2.288806396484375000e+03
1.085930824279785156e+00 3.335864543914794922e+00 1.228948950767517090e+00 3.620321750640869141e-01 0.000000000000000000e+00 5.502692461013793945e-01 1.057108402252197266e+00 7.794028520584106445e-01 1.074092984199523926e+00 2.172486305236816406e+00 1.380993461608886719e+01
0.000000000000000000e+00 0.000000000000000000e+00 0.000000000000000000e+00 0.000000000000000000e+00 0.000000000000000000e+00 8.753325091674923897e-04 0.000000000000000000e+00 0.000000000000000000e+00 0.000000000000000000e+00 0.000000000000000000e+00 6.553810862897080369e-07
1.175928417968750000e+04 2.061703033447265625e+02 3.179185867309570312e+00 7.649234375000000000e+03 1.509792127762921154e-06 8.562529563903808594e+00 6.823239257812500000e+03 0.000000000000000000e+00 6.363931274414062500e+01 4.900899414062500000e+03 2.251339062500000000e+04
2.101181451052980265e-08 1.300632714843750000e+04 3.219277191162109375e+01 6.613463592529296875e+01 1.822847460937500000e+04 1.692255664062500000e+04 5.292273925781250000e+03 6.585897460937500000e+03 1.078243750000000000e+04 2.598731517791748047e-01 1.492273712158203125e+01
0.000000000000000000e+00 5.346023437500000000e+03 2.347513183593750000e+03 9.025866508483886719e+00 1.407688232421875000e+03 7.876523437500000000e+03 1.790567169189453125e+02 1.913654804229736328e+00 1.539536762237548828e+01 9.826419067382812500e+01 2.205513183593750000e+03
0.000000000000000000e+00 0.000000000000000000e+00 0.000000000000000000e+00 0.000000000000000000e+00 1.816886329650878906e+01 0.000000000000000000e+00 0.000000000000000000e+00 0.000000000000000000e+00 0.000000000000000000e+00 0.000000000000000000e+00 5.931634223088622093e-05
0.000000000000000000e+00 2.221333488705568016e-06 7.970630377531051636e-02 8.233096450567245483e-03 2.510480880737304688e-01 0.000000000000000000e+00 1.005185395479202271e-02 2.163273654878139496e-02 2.520319139875937253e-05 3.756565973162651062e-02 1.666111289523541927e-03
