0.000000000000000000e+00 1.331922714598476887e-03 0.000000000000000000e+00 0.000000000000000000e+00 0.000000000000000000e+00 0.000000000000000000e+00 0.000000000000000000e+00 1.258011627942323685e-02 0.000000000000000000e+00 0.000000000000000000e+00 0.000000000000000000e+00
6.769965868443250656e-03 0.000000000000000000e+00 5.637201946228742599e-03 1.163238543085753918e-03 0.000000000000000000e+00 0.000000000000000000e+00 5.224840249866247177e-03 0.000000000000000000e+00 6.630565039813518524e-03 0.000000000000000000e+00 0.000000000000000000e+00
0.000000000000000000e+00 8.241878822445869446e-03 0.000000000000000000e+00 8.885230636224150658e-04 2.943644998595118523e-03 0.000000000000000000e+00 0.000000000000000000e+00 0.000000000000000000e+00 9.978744201362133026e-03 7.324272301048040390e-03 2.747021615505218506e-03
1.994673162698745728e-03 0.000000000000000000e+00 0.000000000000000000e+00 3.435417544096708298e-03 0.000000000000000000e+00 7.337770424783229828e-03 0.000000000000000000e+00 5.424035713076591492e-03 0.000000000000000000e+00 0.000000000000000000e+00 0.000000000000000000e+00
0.000000000000000000e+00 2.000669774133712053e-04 1.374538696836680174e-04 3.215944743715226650e-04 0.000000000000000000e+00 2.785458636935800314e-04 1.225497398991137743e-04 0.000000000000000000e+00 3.393142469576559961e-05 3.345179429743438959e-04 4.324720939621329308e-04
0.000000000000000000e+00 0.000000000000000000e+00 0.000000000000000000e+00 0.000000000000000000e+00 0.000000000000000000e+00 4.107788205146789551e-03 0.000000000000000000e+00 0.000000000000000000e+00 0.000000000000000000e+00 0.000000000000000000e+00 0.000000000000000000e+00
1.486536301672458649e-02 1.040095463395118713e-02 0.000000000000000000e+00 3.575821174308657646e-03 0.000000000000000000e+00 7.441915571689605713e-03 3.782926592975854874e-03 2.798080211505293846e-03 9.155927225947380066e-03 1.307130418717861176e-02 5.882060155272483826e-03
0.000000000000000000e+00 1.308522280305624008e-02 1.346039469353854656e-03 0.000000000000000000e+00 0.000000000000000000e+00 0.000000000000000000e+00 2.364234765991568565e-03 0.000000000000000000e+00 1.138907205313444138e-02 3.729705058503895998e-04 4.176371439825743437e-04
0.000000000000000000e+00 3.878837451338768005e-03 0.000000000000000000e+00 0.000000000000000000e+00 0.000000000000000000e+00 0.000000000000000000e+00 8.429213427007198334e-03 1.282983110286295414e-03 0.000000000000000000e+00 0.000000000000000000e+00 0.000000000000000000e+00
1.415753178298473358e-02 1.526364125311374664e-03 6.717123091220855713e-03 0.000000000000000000e+00 4.365034028887748718e-02 0.000000000000000000e+00 3.318081842735409737e-03 0.000000000000000000e+00 3.578368807211518288e-03 0.000000000000000000e+00 3.283258993178606033e-03
0.000000000000000000e+00 2.237700755358673632e-06 2.014180608966853470e-05 0.000000000000000000e+00 2.163115823350381106e-05 0.000000000000000000e+00 6.316974122455576435e-06 6.010192919347900897e-06 2.326237563465838321e-06 3.067460966121871024e-06 0.000000000000000000e+00
