0.000000000000000000e+00 0.000000000000000000e+00 3.934253472834825516e-03 0.000000000000000000e+00 0.000000000000000000e+00 0.000000000000000000e+00 0.000000000000000000e+00 2.206583012593910098e-04 0.000000000000000000e+00 0.000000000000000000e+00 0.000000000000000000e+00
1.104451995342969894e-02 0.000000000000000000e+00 2.469106577336788177e-03 2.760576549917459488e-03 0.000000000000000000e+00 0.000000000000000000e+00 2.217961708083748817e-03 0.000000000000000000e+00 0.000000000000000000e+00 0.000000000000000000e+00 0.000000000000000000e+00
4.166673868894577026e-03 0.000000000000000000e+00 0.000000000000000000e+00 0.000000000000000000e+00 1.060159225016832352e-02 3.577369730919599533e-03 0.000000000000000000e+00 0.000000000000000000e+00 3.777519566938281059e-03 1.366848312318325043e-02 1.847760577220469713e-04
1.603499241173267365e-02 0.000000000000000000e+00 0.000000000000000000e+00 0.000000000000000000e+00 7.222773507237434387e-03 0.000000000000000000e+00 7.418355904519557953e-03 6.937911733984947205e-03 7.927035912871360779e-03 9.955858113244175911e-04 1.534404815174639225e-03
0.000000000000000000e+00 2.125691389665007591e-04 3.693930630106478930e-04 8.678300946485251188e-05 0.000000000000000000e+00 3.858013660646975040e-04 1.300272415392100811e-04 1.569549785926938057e-04 5.536690587177872658e-04 7.024498772807419300e-04 1.283095451071858406e-03
0.000000000000000000e+00 0.000000000000000000e+00 0.000000000000000000e+00 0.000000000000000000e+00 0.000000000000000000e+00 0.000000000000000000e+00 0.000000000000000000e+00 0.000000000000000000e+00 0.000000000000000000e+00 0.000000000000000000e+00 0.000000000000000000e+00
1.115509076043963432e-03 1.157363411039113998e-02 0.000000000000000000e+00 4.229545593261718750e-03 0.000000000000000000e+00 0.000000000000000000e+00 0.000000000000000000e+00 4.294904414564371109e-03 4.394331946969032288e-03 6.633668672293424606e-03 1.785387750715017319e-03
0.000000000000000000e+00 3.720186417922377586e-03 0.000000000000000000e+00 9.396465495228767395e-03 0.000000000000000000e+00 0.000000000000000000e+00 0.000000000000000000e+00 0.000000000000000000e+00 5.566904321312904358e-03 0.000000000000000000e+00 3.688326803967356682e-03
0.000000000000000000e+00 2.019939944148063660e-03 0.000000000000000000e+00 1.859700190834701061e-03 0.000000000000000000e+00 0.000000000000000000e+00 9.773687459528446198e-03 4.446283914148807526e-03 0.000000000000000000e+00 4.474965855479240417e-03 4.395137075334787369e-03
9.465150535106658936e-03 5.211527459323406219e-03 9.497278369963169098e-03 0.000000000000000000e+00 4.150011390447616577e-02 0.000000000000000000e+00 0.000000000000000000e+00 3.372528590261936188e-04 3.865472972393035889e-03 8.740109391510486603e-03 1.695326529443264008e-02
0.000000000000000000e+00 0.000000000000000000e+00 1.013823748508002609e-05 7.782939064782112837e-06 2.691274676180910319e-05 0.000000000000000000e+00 9.660435352998320013e-06 1.269198037334717810e-06 0.000000000000000000e+00 1.159737985290121287e-05 0.000000000000000000e+00
