0.000000000000000000e+00 2.666356740519404411e-03 6.165227387100458145e-04 0.000000000000000000e+00 0.000000000000000000e+00 0.000000000000000000e+00 6.309778545983135700e-04 3.191248280927538872e-03 1.923437230288982391e-03 1.768660498782992363e-03 0.000000000000000000e+00
9.779297746717929840e-03 0.000000000000000000e+00 0.000000000000000000e+00 0.000000000000000000e+00 0.000000000000000000e+00 0.000000000000000000e+00 1.510730362497270107e-03 0.000000000000000000e+00 1.632770174182951450e-03 0.000000000000000000e+00 2.557438099756836891e-03
0.000000000000000000e+00 4.267162643373012543e-03 0.000000000000000000e+00 0.000000000000000000e+00 6.256882566958665848e-03 0.000000000000000000e+00 0.000000000000000000e+00 0.000000000000000000e+00 0.000000000000000000e+00 2.970210276544094086e-03 0.000000000000000000e+00
5.471346434205770493e-03 1.654814579524099827e-03 0.000000000000000000e+00 3.453767858445644379e-04 0.000000000000000000e+00 6.305910646915435791e-03 2.751501044258475304e-03 5.005677696317434311e-03 1.692276448011398315e-03 0.000000000000000000e+00 0.000000000000000000e+00
1.757661520969122648e-04 3.226682893000543118e-04 4.162104742135852575e-04 1.494466414442285895e-04 0.000000000000000000e+00 1.007425307761877775e-04 2.138183044735342264e-04 1.145022979471832514e-04 1.405438961228355765e-04 3.430632932577282190e-04 6.730296881869435310e-04
0.000000000000000000e+00 0.000000000000000000e+00 0.000000000000000000e+00 0.000000000000000000e+00 0.000000000000000000e+00 0.000000000000000000e+00 0.000000000000000000e+00 0.000000000000000000e+00 0.000000000000000000e+00 0.000000000000000000e+00 0.000000000000000000e+00
1.654415391385555267e-03 2.628330141305923462e-03 0.000000000000000000e+00 7.175425067543983459e-03 0.000000000000000000e+00 0.000000000000000000e+00 0.000000000000000000e+00 2.372981747612357140e-03 5.447193514555692673e-03 0.000000000000000000e+00 3.073865314945578575e-03
0.000000000000000000e+00 8.585967123508453369e-03 4.859691485762596130e-03 0.000000000000000000e+00 0.000000000000000000e+00 3.770727198570966721e-03 0.000000000000000000e+00 0.000000000000000000e+00 0.000000000000000000e+00 0.000000000000000000e+00 0.000000000000000000e+00
0.000000000000000000e+00 7.251651957631111145e-03 1.244177296757698059e-02 0.000000000000000000e+00 0.000000000000000000e+00 6.368913687765598297e-03 3.402204718440771103e-03 0.000000000000000000e+00 0.000000000000000000e+00 3.470176598057150841e-04 2.500682836398482323e-03
3.871929831802845001e-03 0.000000000000000000e+00 9.567172266542911530e-03 0.000000000000000000e+00 2.781303785741329193e-02 0.000000000000000000e+00 0.000000000000000000e+00 0.000000000000000000e+00 6.310197524726390839e-03 1.776325283572077751e-03 1.169407647103071213e-02
0.000000000000000000e+00 0.000000000000000000e+00 3.234567884646821767e-06 0.000000000000000000e+00 8.309700206154957414e-06 0.000000000000000000e+00 0.000000000000000000e+00 1.250787477147241589e-06 0.000000000000000000e+00 1.229898316523758695e-06 0.000000000000000000e+00
