6.411978602409362793e-02 9.653834700584411621e-01 1.178042411804199219e+00 7.808578014373779297e-02 9.576251613907516003e-05 1.749087274074554443e-01 1.108569502830505371e+00 1.135596513748168945e+00 9.786661267280578613e-01 8.075613975524902344e-01 2.051600068807601929e-02
2.200627899169921875e+02 0.000000000000000000e+00 2.241065063476562500e+02 1.764487792968750000e+03 3.582388916015625000e+03 1.559947265625000000e+03 1.637316406250000000e+03 1.712837768554687500e+03 3.816570556640625000e+03 1.600376708984375000e+03 2.197576171875000000e+03
1.396185278892517090e+00 1.930501220703125000e+03 1.034482941031455994e-01 2.378217468261718750e+02 1.827081756591796875e+02 2.775582580566406250e+02 1.539841003417968750e+02 1.329739578068256378e-02 3.239360451698303223e-02 9.430441894531250000e+02 1.713973541259765625e+02
1.369271545410156250e+02 0.000000000000000000e+00 2.201293706893920898e-01 2.930266113281250000e+03 1.336446228027343750e+02 4.400971679687500000e+02 3.841047363281250000e+03 1.045679168701171875e+02 2.279161621093750000e+03 4.532168197631835938e+01 0.000000000000000000e+00
3.929906129837036133e+00 1.272443580627441406e+01 8.755931854248046875e+00 7.390125274658203125e+00 0.000000000000000000e+00 8.934150695800781250e+00 8.506038665771484375e+00 3.750376224517822266e+00 8.725011825561523438e+00 1.573600196838378906e+01 2.268410110473632812e+01
0.000000000000000000e+00 0.000000000000000000e+00 0.000000000000000000e+00 0.000000000000000000e+00 0.000000000000000000e+00 1.128654927015304565e-02 0.000000000000000000e+00 0.000000000000000000e+00 0.000000000000000000e+00 0.000000000000000000e+00 3.519415389746427536e-03
2.089760742187500000e+02 4.342539978027343750e+01 2.616093552205711603e-04 5.227785156250000000e+03 2.043713175226002932e-05 4.564008331298828125e+01 1.735701049804687500e+03 8.398243713378906250e+01 1.725693603515625000e+03 6.679305419921875000e+02 2.704992919921875000e+03
0.000000000000000000e+00 6.070322265625000000e+03 3.706118408203125000e+03 4.328726577758789062e+01 3.134333610534667969e+01 3.356853515625000000e+03 1.931844711303710938e+01 6.011133300781250000e+03 1.578699340820312500e+02 1.000019168853759766e+01 4.204922485351562500e+01
9.713864135742187500e+02 4.989236755371093750e+02 1.013512573242187500e+02 4.856104431152343750e+02 2.381096692261053249e-06 1.136228515625000000e+04 3.595871337890625000e+03 4.050213378906250000e+03 3.407155517578125000e+03 5.976746749877929688e+01 3.999501464843750000e+03
5.704135298728942871e-01 1.167319715023040771e-01 1.114920997619628906e+01 0.000000000000000000e+00 3.575640380859375000e+03 9.230714291334152222e-03 0.000000000000000000e+00 0.000000000000000000e+00 2.532674558460712433e-02 0.000000000000000000e+00 8.227878570556640625e+01
0.000000000000000000e+00 1.342187752015888691e-03 1.064970493316650391e-01 2.863990887999534607e-02 4.776655733585357666e-01 0.000000000000000000e+00 1.641711965203285217e-02 1.308075189590454102e-01 1.590464876244368497e-06 7.069352269172668457e-02 0.000000000000000000e+00
