0.000000000000000000e+00 8.425534702837467194e-03 0.000000000000000000e+00 0.000000000000000000e+00 0.000000000000000000e+00 0.000000000000000000e+00 1.349660381674766541e-02 0.000000000000000000e+00 6.298635620623826981e-03 0.000000000000000000e+00 0.000000000000000000e+00
1.105484738945960999e-02 0.000000000000000000e+00 1.610425300896167755e-03 1.136384159326553345e-02 6.916022859513759613e-03 0.000000000000000000e+00 6.658342201262712479e-03 5.181455519050359726e-03 0.000000000000000000e+00 0.000000000000000000e+00 0.000000000000000000e+00
0.000000000000000000e+00 1.423358079046010971e-02 4.895086865872144699e-03 8.322802372276782990e-03 0.000000000000000000e+00 3.444804809987545013e-03 1.520208083093166351e-02 0.000000000000000000e+00 2.612438984215259552e-03 7.728133350610733032e-03 5.079139489680528641e-03
4.160028416663408279e-03 0.000000000000000000e+00 0.000000000000000000e+00 0.000000000000000000e+00 5.674540996551513672e-03 0.000000000000000000e+00 7.078567985445261002e-03 5.629783496260643005e-03 5.699525354430079460e-04 3.808760084211826324e-05 0.000000000000000000e+00
5.511603012564592063e-05 1.789227681001648307e-04 1.582024706294760108e-04 1.560317032271996140e-04 0.000000000000000000e+00 8.961775893112644553e-05 2.441122196614742279e-04 1.845297520048916340e-04 2.625255146995186806e-04 1.830929686548188329e-04 6.225421675480902195e-04
0.000000000000000000e+00 0.000000000000000000e+00 0.000000000000000000e+00 0.000000000000000000e+00 0.000000000000000000e+00 0.000000000000000000e+00 0.000000000000000000e+00 0.000000000000000000e+00 0.000000000000000000e+00 0.000000000000000000e+00 0.000000000000000000e+00
5.740647669881582260e-03 0.000000000000000000e+00 0.000000000000000000e+00 7.941279560327529907e-03 0.000000000000000000e+00 0.000000000000000000e+00 5.129058379679918289e-03 4.130390007048845291e-03 9.221217595040798187e-03 5.144813330844044685e-04 1.052880752831697464e-02
0.000000000000000000e+00 6.718468386679887772e-03 0.000000000000000000e+00 0.000000000000000000e+00 1.149768824689090252e-03 0.000000000000000000e+00 0.000000000000000000e+00 0.000000000000000000e+00 5.169312469661235809e-03 0.000000000000000000e+00 2.817986998707056046e-03
0.000000000000000000e+00 0.000000000000000000e+00 0.000000000000000000e+00 0.000000000000000000e+00 0.000000000000000000e+00 2.550358185544610023e-03 0.000000000000000000e+00 2.267072995891794562e-04 0.000000000000000000e+00 0.000000000000000000e+00 2.468704013153910637e-03
5.223770625889301300e-03 0.000000000000000000e+00 1.575805433094501495e-02 0.000000000000000000e+00 4.424682632088661194e-02 2.102921251207590103e-03 0.000000000000000000e+00 0.000000000000000000e+00 3.119045170024037361e-03 0.000000000000000000e+00 1.327848155051469803e-02
0.000000000000000000e+00 0.000000000000000000e+00 6.425606443372089416e-06 3.514428271955694072e-06 1.447213435312733054e-05 0.000000000000000000e+00 4.399799308885121718e-06 4.537890617939410731e-06 0.000000000000000000e+00 7.799540071573574096e-06 0.000000000000000000e+00
