0.000000000000000000e+00 6.430813111364841461e-03 0.000000000000000000e+00 0.000000000000000000e+00 0.000000000000000000e+00 0.000000000000000000e+00 0.000000000000000000e+00 1.344711426645517349e-02 3.477457445114850998e-03 0.000000000000000000e+00 0.000000000000000000e+00
2.072510495781898499e-02 0.000000000000000000e+00 6.985631771385669708e-03 9.344815276563167572e-03 0.000000000000000000e+00 0.000000000000000000e+00 3.802384482696652412e-03 0.000000000000000000e+00 9.095713030546903610e-04 0.000000000000000000e+00 0.000000000000000000e+00
1.162336673587560654e-02 3.626195015385746956e-03 2.938518067821860313e-03 0.000000000000000000e+00 0.000000000000000000e+00 1.052841916680335999e-02 0.000000000000000000e+00 0.000000000000000000e+00 4.560773726552724838e-03 8.515504188835620880e-03 0.000000000000000000e+00
8.088740520179271698e-03 0.000000000000000000e+00 0.000000000000000000e+00 3.240750869736075401e-03 1.559498626738786697e-02 0.000000000000000000e+00 4.092486575245857239e-03 1.177561562508344650e-02 0.000000000000000000e+00 0.000000000000000000e+00 0.000000000000000000e+00
6.756088696420192719e-04 1.015066751278936863e-03 1.166160451248288155e-03 7.070414139889180660e-04 0.000000000000000000e+00 1.089574419893324375e-03 5.866221617907285690e-04 5.299703116179443896e-05 4.947484121657907963e-04 1.335405278950929642e-03 2.575001912191510201e-03
0.000000000000000000e+00 0.000000000000000000e+00 0.000000000000000000e+00 0.000000000000000000e+00 0.000000000000000000e+00 1.687929034233093262e-05 0.000000000000000000e+00 0.000000000000000000e+00 0.000000000000000000e+00 0.000000000000000000e+00 0.000000000000000000e+00
9.105901233851909637e-03 0.000000000000000000e+00 0.000000000000000000e+00 0.000000000000000000e+00 0.000000000000000000e+00 7.813098840415477753e-03 1.202211715281009674e-02 1.212382595986127853e-02 1.135495863854885101e-02 8.766827173531055450e-03 1.016496494412422180e-02
0.000000000000000000e+00 0.000000000000000000e+00 0.000000000000000000e+00 5.440919194370508194e-03 0.000000000000000000e+00 0.000000000000000000e+00 0.000000000000000000e+00 0.000000000000000000e+00 1.314848940819501877e-02 0.000000000000000000e+00 0.000000000000000000e+00
1.175912562757730484e-03 1.448946911841630936e-02 1.091186050325632095e-02 2.829289995133876801e-03 0.000000000000000000e+00 0.000000000000000000e+00 9.238267317414283752e-03 0.000000000000000000e+00 0.000000000000000000e+00 1.196967624127864838e-02 1.021494716405868530e-02
1.116932742297649384e-02 1.672327704727649689e-02 1.271648518741130829e-02 0.000000000000000000e+00 5.457682162523269653e-02 2.061435719951987267e-03 0.000000000000000000e+00 1.534346491098403931e-03 1.084927190095186234e-02 0.000000000000000000e+00 9.292305447161197662e-03
0.000000000000000000e+00 0.000000000000000000e+00 1.738775426929350942e-05 9.081943971978034824e-06 3.424746682867407799e-05 0.000000000000000000e+00 6.738723186572315171e-06 5.158936801308300346e-06 7.413439107040176168e-07 1.412954952684231102e-05 0.000000000000000000e+00
