0.000000000000000000e+00 0.000000000000000000e+00 0.000000000000000000e+00 0.000000000000000000e+00 0.000000000000000000e+00 0.000000000000000000e+00 6.906675640493631363e-03 0.000000000000000000e+00 0.000000000000000000e+00 0.000000000000000000e+00 0.000000000000000000e+00
4.101474769413471222e-03 0.000000000000000000e+00 5.369535647332668304e-03 5.473840516060590744e-03 0.000000000000000000e+00 0.000000000000000000e+00 4.949429072439670563e-03 0.000000000000000000e+00 6.241025403141975403e-04 0.000000000000000000e+00 7.591031026095151901e-04
0.000000000000000000e+00 1.306118723005056381e-02 1.979002263396978378e-03 0.000000000000000000e+00 0.000000000000000000e+00 7.067282684147357941e-03 0.000000000000000000e+00 0.000000000000000000e+00 5.674348212778568268e-03 3.481611609458923340e-03 1.799999154172837734e-03
1.411259872838854790e-03 0.000000000000000000e+00 0.000000000000000000e+00 0.000000000000000000e+00 5.204895511269569397e-03 6.919494364410638809e-03 0.000000000000000000e+00 7.033898029476404190e-03 0.000000000000000000e+00 2.045065630227327347e-03 0.000000000000000000e+00
0.000000000000000000e+00 3.464944529696367681e-05 7.027263200143352151e-05 5.355068060453049839e-05 0.000000000000000000e+00 0.000000000000000000e+00 6.315697828540578485e-05 9.672217856859788299e-05 7.398678280878812075e-05 1.030061102937906981e-04 3.294875205028802156e-04
0.000000000000000000e+00 0.000000000000000000e+00 0.000000000000000000e+00 0.000000000000000000e+00 0.000000000000000000e+00 1.635390799492597580e-04 0.000000000000000000e+00 0.000000000000000000e+00 0.000000000000000000e+00 0.000000000000000000e+00 0.000000000000000000e+00
5.903751123696565628e-03 2.913426607847213745e-03 0.000000000000000000e+00 1.474441232858225703e-04 7.557710632681846619e-04 0.000000000000000000e+00 9.508433286100625992e-04 4.323712084442377090e-03 1.106899790465831757e-02 2.169798593968153000e-03 6.473352666944265366e-03
0.000000000000000000e+00 6.030628457665443420e-03 0.000000000000000000e+00 1.784310792572796345e-03 0.000000000000000000e+00 0.000000000000000000e+00 2.560957102105021477e-03 0.000000000000000000e+00 8.234706707298755646e-03 0.000000000000000000e+00 0.000000000000000000e+00
0.000000000000000000e+00 0.000000000000000000e+00 1.788255991414189339e-03 0.000000000000000000e+00 0.000000000000000000e+00 0.000000000000000000e+00 2.824577735736966133e-03 2.469948492944240570e-03 0.000000000000000000e+00 0.000000000000000000e+00 2.743501681834459305e-03
0.000000000000000000e+00 0.000000000000000000e+00 6.480381824076175690e-03 3.789734182646498084e-05 2.644413895905017853e-02 0.000000000000000000e+00 0.000000000000000000e+00 0.000000000000000000e+00 1.743016531690955162e-03 0.000000000000000000e+00 1.022700965404510498e-02
0.000000000000000000e+00 5.523326507272940944e-08 3.241151944166631438e-06 0.000000000000000000e+00 4.355673809186555445e-06 0.000000000000000000e+00 0.000000000000000000e+00 2.123796775777009316e-06 0.000000000000000000e+00 9.763921298144850880e-07 0.000000000000000000e+00
