0.000000000000000000e+00 3.929402213543653488e-03 1.003236323595046997e-02 0.000000000000000000e+00 0.000000000000000000e+00 0.000000000000000000e+00 0.000000000000000000e+00 0.000000000000000000e+00 0.000000000000000000e+00 0.000000000000000000e+00 0.000000000000000000e+00
4.238483961671590805e-03 0.000000000000000000e+00 1.361111272126436234e-02 2.325459616258740425e-03 0.000000000000000000e+00 0.000000000000000000e+00 1.605168171226978302e-02 1.431223121471703053e-03 0.000000000000000000e+00 0.000000000000000000e+00 0.000000000000000000e+00
0.000000000000000000e+00 1.309991907328367233e-02 4.942324943840503693e-03 1.196752564283087850e-04 0.000000000000000000e+00 9.735073894262313843e-03 1.798907062038779259e-03 0.000000000000000000e+00 2.999071264639496803e-03 7.398975547403097153e-03 5.622133146971464157e-03
6.357812322676181793e-03 0.000000000000000000e+00 0.000000000000000000e+00 0.000000000000000000e+00 3.596983442548662424e-04 0.000000000000000000e+00 0.000000000000000000e+00 6.803974043577909470e-03 0.000000000000000000e+00 6.456445436924695969e-03 0.000000000000000000e+00
1.293447803618619218e-05 2.358394704060629010e-04 5.673597843269817531e-05 1.077194538083858788e-04 0.000000000000000000e+00 2.770374121610075235e-04 1.134558915509842336e-04 1.073110252036713064e-04 3.293609770480543375e-04 2.026788715738803148e-04 7.203830755315721035e-04
0.000000000000000000e+00 0.000000000000000000e+00 0.000000000000000000e+00 0.000000000000000000e+00 0.000000000000000000e+00 0.000000000000000000e+00 0.000000000000000000e+00 0.000000000000000000e+00 0.000000000000000000e+00 0.000000000000000000e+00 0.000000000000000000e+00
1.362488418817520142e-02 8.400989696383476257e-03 0.000000000000000000e+00 4.464608617126941681e-03 0.000000000000000000e+00 6.558945402503013611e-03 1.777933677658438683e-03 0.000000000000000000e+00 1.392444316297769547e-02 1.619508140720427036e-03 9.865293977782130241e-04
0.000000000000000000e+00 1.175143104046583176e-02 2.029044320806860924e-03 0.000000000000000000e+00 0.000000000000000000e+00 0.000000000000000000e+00 0.000000000000000000e+00 0.000000000000000000e+00 3.595998510718345642e-03 0.000000000000000000e+00 0.000000000000000000e+00
0.000000000000000000e+00 0.000000000000000000e+00 0.000000000000000000e+00 0.000000000000000000e+00 0.000000000000000000e+00 0.000000000000000000e+00 1.165427360683679581e-02 9.703893214464187622e-03 0.000000000000000000e+00 2.135531511157751083e-03 0.000000000000000000e+00
0.000000000000000000e+00 0.000000000000000000e+00 7.775017526000738144e-03 0.000000000000000000e+00 4.105930030345916748e-02 0.000000000000000000e+00 0.000000000000000000e+00 0.000000000000000000e+00 1.072399783879518509e-02 6.961763370782136917e-03 1.794842630624771118e-02
0.000000000000000000e+00 0.000000000000000000e+00 7.424523573718033731e-06 1.126700340137176681e-06 1.209980382554931566e-05 0.000000000000000000e+00 2.163670160371111706e-06 7.197977538453415036e-06 4.605493941767235810e-08 8.556593456887640059e-06 0.000000000000000000e+00
