0.000000000000000000e+00 0.000000000000000000e+00 0.000000000000000000e+00 0.000000000000000000e+00 0.000000000000000000e+00 0.000000000000000000e+00 0.000000000000000000e+00 3.993486519902944565e-03 0.000000000000000000e+00 0.000000000000000000e+00 0.000000000000000000e+00
1.957020536065101624e-02 0.000000000000000000e+00 4.395844880491495132e-03 3.832286223769187927e-03 0.000000000000000000e+00 0.000000000000000000e+00 3.843183396384119987e-03 0.000000000000000000e+00 3.310603089630603790e-03 0.000000000000000000e+00 0.000000000000000000e+00
0.000000000000000000e+00 1.057705935090780258e-02 0.000000000000000000e+00 3.994232043623924255e-03 3.257894888520240784e-03 1.195739302784204483e-02 1.034488715231418610e-02 0.000000000000000000e+00 6.825173273682594299e-03 1.056939642876386642e-02 0.000000000000000000e+00
1.209527160972356796e-02 0.000000000000000000e+00 0.000000000000000000e+00 0.000000000000000000e+00 6.858379114419221878e-03 0.000000000000000000e+00 0.000000000000000000e+00 1.506899856030941010e-02 2.189659746363759041e-03 0.000000000000000000e+00 0.000000000000000000e+00
0.000000000000000000e+00 1.493326126364991069e-04 2.478559617884457111e-04 1.199803518829867244e-04 0.000000000000000000e+00 8.359456114703789353e-05 0.000000000000000000e+00 1.534309412818402052e-04 9.619737284083385020e-06 3.220838552806526423e-04 8.119550766423344612e-04
0.000000000000000000e+00 0.000000000000000000e+00 0.000000000000000000e+00 0.000000000000000000e+00 0.000000000000000000e+00 4.619505256414413452e-03 0.000000000000000000e+00 0.000000000000000000e+00 0.000000000000000000e+00 0.000000000000000000e+00 0.000000000000000000e+00
1.483802124857902527e-02 8.745168335735797882e-03 0.000000000000000000e+00 1.643926370888948441e-03 0.000000000000000000e+00 7.914819754660129547e-03 0.000000000000000000e+00 8.483936078846454620e-03 9.763116948306560516e-03 4.350873176008462906e-03 2.278176601976156235e-03
0.000000000000000000e+00 0.000000000000000000e+00 0.000000000000000000e+00 0.000000000000000000e+00 0.000000000000000000e+00 0.000000000000000000e+00 0.000000000000000000e+00 0.000000000000000000e+00 1.749787665903568268e-02 0.000000000000000000e+00 3.006044775247573853e-03
0.000000000000000000e+00 5.236665252596139908e-03 7.799770683050155640e-03 0.000000000000000000e+00 0.000000000000000000e+00 5.132727674208581448e-04 1.177232526242733002e-02 0.000000000000000000e+00 0.000000000000000000e+00 3.032162552699446678e-03 5.559069104492664337e-03
7.134508807212114334e-03 0.000000000000000000e+00 1.345890201628208160e-02 0.000000000000000000e+00 5.653512105345726013e-02 0.000000000000000000e+00 0.000000000000000000e+00 0.000000000000000000e+00 1.263697911053895950e-02 1.671778882155194879e-04 1.365991961210966110e-02
0.000000000000000000e+00 0.000000000000000000e+00 2.560085022196290083e-06 1.301606289416668005e-06 8.046416041906923056e-06 0.000000000000000000e+00 1.878953952427764307e-07 1.612048777133168187e-06 5.276467263115591777e-08 7.769331205054186285e-07 0.000000000000000000e+00
