0.000000000000000000e+00 3.792643547058105469e-04 0.000000000000000000e+00 0.000000000000000000e+00 0.000000000000000000e+00 0.000000000000000000e+00 4.013965371996164322e-03 9.473750251345336437e-04 4.460776108317077160e-04 0.000000000000000000e+00 0.000000000000000000e+00
1.184715144336223602e-02 0.000000000000000000e+00 7.127312477678060532e-03 2.444613724946975708e-03 4.900047555565834045e-03 0.000000000000000000e+00 1.064345333725214005e-02 5.449578166007995605e-03 0.000000000000000000e+00 0.000000000000000000e+00 6.865487433969974518e-03
0.000000000000000000e+00 3.587469691410660744e-03 2.388807013630867004e-03 4.156533628702163696e-03 0.000000000000000000e+00 0.000000000000000000e+00 1.059186365455389023e-02 0.000000000000000000e+00 0.000000000000000000e+00 1.331756939180195332e-03 0.000000000000000000e+00
8.116497658193111420e-03 5.338072776794433594e-03 1.308421487919986248e-03 0.000000000000000000e+00 0.000000000000000000e+00 0.000000000000000000e+00 0.000000000000000000e+00 1.456013042479753494e-02 6.682336330413818359e-03 1.253163325600326061e-03 0.000000000000000000e+00
1.009377810987643898e-04 1.522782258689403534e-04 3.404115559533238411e-04 1.045369062921963632e-04 0.000000000000000000e+00 1.296179980272427201e-04 2.133733651135116816e-04 1.243331353180110455e-04 1.886947575258091092e-04 4.760532465297728777e-04 8.788444101810455322e-04
0.000000000000000000e+00 0.000000000000000000e+00 0.000000000000000000e+00 0.000000000000000000e+00 0.000000000000000000e+00 3.222048282623291016e-03 0.000000000000000000e+00 0.000000000000000000e+00 0.000000000000000000e+00 0.000000000000000000e+00 0.000000000000000000e+00
7.141564041376113892e-03 1.732138218358159065e-03 0.000000000000000000e+00 0.000000000000000000e+00 0.000000000000000000e+00 9.264753898605704308e-04 7.112194318324327469e-03 3.458636580035090446e-03 5.403620190918445587e-03 4.556593485176563263e-03 4.420574288815259933e-03
0.000000000000000000e+00 0.000000000000000000e+00 0.000000000000000000e+00 0.000000000000000000e+00 2.171519445255398750e-03 8.640975574962794781e-04 0.000000000000000000e+00 0.000000000000000000e+00 3.185987239703536034e-03 0.000000000000000000e+00 0.000000000000000000e+00
0.000000000000000000e+00 1.177596300840377808e-02 1.096655987203121185e-02 2.875659847632050514e-03 0.000000000000000000e+00 2.044035500148311257e-04 7.403378374874591827e-03 0.000000000000000000e+00 0.000000000000000000e+00 2.947975415736436844e-03 3.650248283520340919e-03
5.471446551382541656e-03 0.000000000000000000e+00 9.780901484191417694e-03 0.000000000000000000e+00 4.156047850847244263e-02 0.000000000000000000e+00 0.000000000000000000e+00 0.000000000000000000e+00 8.554065600037574768e-03 0.000000000000000000e+00 1.084661111235618591e-02
0.000000000000000000e+00 1.882966955690790201e-07 6.268151992117054760e-06 3.035627969438792206e-06 1.268276355403941125e-05 0.000000000000000000e+00 2.792211716950987466e-06 6.185327947605401278e-06 5.547929760041370173e-08 8.990706191980279982e-06 0.000000000000000000e+00
