0.000000000000000000e+00 2.895419485867023468e-03 6.360802333801984787e-03 0.000000000000000000e+00 0.000000000000000000e+00 0.000000000000000000e+00 0.000000000000000000e+00 2.834945917129516602e-03 1.649789861403405666e-03 0.000000000000000000e+00 0.000000000000000000e+00
3.954501589760184288e-04 0.000000000000000000e+00 2.458012197166681290e-03 2.900498220697045326e-03 3.698302607517689466e-04 0.000000000000000000e+00 5.801536608487367630e-03 0.000000000000000000e+00 0.000000000000000000e+00 0.000000000000000000e+00 7.891901768743991852e-03
0.000000000000000000e+00 8.624776266515254974e-03 0.000000000000000000e+00 3.129953518509864807e-03 0.000000000000000000e+00 1.493390370160341263e-02 8.154439739882946014e-03 0.000000000000000000e+00 2.792270854115486145e-03 7.888620719313621521e-03 0.000000000000000000e+00
1.465508155524730682e-02 3.610561368986964226e-03 0.000000000000000000e+00 0.000000000000000000e+00 5.077870446257293224e-04 0.000000000000000000e+00 2.333843382075428963e-03 8.235881105065345764e-03 7.912164553999900818e-03 3.603242104873061180e-03 0.000000000000000000e+00
6.050290903658606112e-05 2.617155550979077816e-04 3.076928842347115278e-04 1.781555183697491884e-04 0.000000000000000000e+00 3.713965706992894411e-04 1.632438361411914229e-04 8.780238567851483822e-05 2.940637059509754181e-04 5.903011187911033630e-04 9.418489062227308750e-04
0.000000000000000000e+00 0.000000000000000000e+00 0.000000000000000000e+00 0.000000000000000000e+00 0.000000000000000000e+00 0.000000000000000000e+00 0.000000000000000000e+00 0.000000000000000000e+00 0.000000000000000000e+00 0.000000000000000000e+00 0.000000000000000000e+00
2.404490020126104355e-03 5.097650922834873199e-03 0.000000000000000000e+00 0.000000000000000000e+00 0.000000000000000000e+00 1.831559347920119762e-03 0.000000000000000000e+00 6.971747614443302155e-03 8.377664722502231598e-03 5.090268328785896301e-03 0.000000000000000000e+00
0.000000000000000000e+00 0.000000000000000000e+00 3.741650725714862347e-04 0.000000000000000000e+00 2.964483108371496201e-03 1.918934634886682034e-03 0.000000000000000000e+00 2.521923277527093887e-03 2.705026650801301003e-03 0.000000000000000000e+00 9.283914230763912201e-03
0.000000000000000000e+00 0.000000000000000000e+00 1.353533705696463585e-03 0.000000000000000000e+00 0.000000000000000000e+00 0.000000000000000000e+00 1.404485478997230530e-02 4.952643532305955887e-03 0.000000000000000000e+00 0.000000000000000000e+00 0.000000000000000000e+00
1.400575507432222366e-03 9.457356296479701996e-03 1.018408779054880142e-02 0.000000000000000000e+00 3.485706821084022522e-02 1.237577293068170547e-03 0.000000000000000000e+00 0.000000000000000000e+00 1.203117705881595612e-02 2.358686644583940506e-03 1.382695138454437256e-02
0.000000000000000000e+00 3.623974578204069985e-07 4.480895313463406637e-06 4.195288511255057529e-06 8.130659807648044080e-06 0.000000000000000000e+00 1.666113575993222184e-06 3.379008830961538479e-06 0.000000000000000000e+00 2.762378471743431874e-06 0.000000000000000000e+00
