0.000000000000000000e+00 5.528792971745133400e-04 7.450353004969656467e-04 0.000000000000000000e+00 0.000000000000000000e+00 0.000000000000000000e+00 0.000000000000000000e+00 5.081346724182367325e-03 3.222195897251367569e-03 3.074904903769493103e-03 0.000000000000000000e+00
4.456255584955215454e-03 0.000000000000000000e+00 7.036453112959861755e-03 4.211199004203081131e-03 0.000000000000000000e+00 0.000000000000000000e+00 2.465395256876945496e-03 0.000000000000000000e+00 0.000000000000000000e+00 0.000000000000000000e+00 0.000000000000000000e+00
1.294399262405931950e-03 6.829680874943733215e-03 0.000000000000000000e+00 1.860349671915173531e-03 0.000000000000000000e+00 4.389564041048288345e-03 8.650558069348335266e-03 0.000000000000000000e+00 6.308578886091709137e-03 1.199849881231784821e-03 0.000000000000000000e+00
0.000000000000000000e+00 0.000000000000000000e+00 0.000000000000000000e+00 9.530916810035705566e-03 7.745963521301746368e-04 5.207031033933162689e-03 1.462504151277244091e-03 1.100405771285295486e-02 1.751171657815575600e-03 1.645889016799628735e-03 0.000000000000000000e+00
0.000000000000000000e+00 1.371494145132601261e-04 6.605120233871275559e-06 2.111723442794755101e-04 0.000000000000000000e+00 8.521052950527518988e-05 0.000000000000000000e+00 3.350026963744312525e-05 0.000000000000000000e+00 6.276442582020536065e-05 4.274464445188641548e-04
0.000000000000000000e+00 0.000000000000000000e+00 0.000000000000000000e+00 0.000000000000000000e+00 0.000000000000000000e+00 0.000000000000000000e+00 0.000000000000000000e+00 0.000000000000000000e+00 0.000000000000000000e+00 0.000000000000000000e+00 0.000000000000000000e+00
5.775750149041414261e-03 0.000000000000000000e+00 0.000000000000000000e+00 2.650133101269602776e-04 0.000000000000000000e+00 3.666451433673501015e-03 1.145373005419969559e-02 2.989809727296233177e-03 6.534208077937364578e-03 6.745775695890188217e-03 3.490782110020518303e-03
0.000000000000000000e+00 4.624088178388774395e-04 1.709700911305844784e-03 0.000000000000000000e+00 0.000000000000000000e+00 0.000000000000000000e+00 2.522150985896587372e-03 0.000000000000000000e+00 7.738358806818723679e-03 0.000000000000000000e+00 0.000000000000000000e+00
0.000000000000000000e+00 2.972057554870843887e-04 0.000000000000000000e+00 0.000000000000000000e+00 2.530159428715705872e-03 0.000000000000000000e+00 1.041855197399854660e-02 1.034128828905522823e-03 0.000000000000000000e+00 0.000000000000000000e+00 2.324093133211135864e-03
2.044344553723931313e-03 0.000000000000000000e+00 5.114551633596420288e-03 0.000000000000000000e+00 3.239480033516883850e-02 3.612701315432786942e-03 2.210501581430435181e-03 0.000000000000000000e+00 4.927224945276975632e-03 0.000000000000000000e+00 9.902758523821830750e-03
0.000000000000000000e+00 0.000000000000000000e+00 7.379757335002068430e-06 0.000000000000000000e+00 7.495895260944962502e-06 0.000000000000000000e+00 3.050835459816880757e-07 8.941408680129825370e-08 0.000000000000000000e+00 1.080947413356625475e-06 0.000000000000000000e+00
