0.000000000000000000e+00 0.000000000000000000e+00 2.311115851625800133e-03 0.000000000000000000e+00 0.000000000000000000e+00 0.000000000000000000e+00 4.261253401637077332e-03 0.000000000000000000e+00 0.000000000000000000e+00 0.000000000000000000e+00 0.000000000000000000e+00
9.918211027979850769e-03 0.000000000000000000e+00 6.614827550947666168e-03 9.877556934952735901e-03 6.274107377976179123e-03 0.000000000000000000e+00 0.000000000000000000e+00 0.000000000000000000e+00 3.073860192671418190e-03 0.000000000000000000e+00 0.000000000000000000e+00
5.495105870068073273e-03 7.389936130493879318e-03 6.397176999598741531e-03 0.000000000000000000e+00 2.019733889028429985e-03 6.794365122914314270e-03 1.125021185725927353e-02 0.000000000000000000e+00 1.028969511389732361e-02 1.509134192019701004e-02 2.340054372325539589e-03
8.203526958823204041e-03 6.031429395079612732e-03 0.000000000000000000e+00 0.000000000000000000e+00 0.000000000000000000e+00 2.879316220059990883e-03 5.026046652346849442e-03 6.175076588988304138e-03 0.000000000000000000e+00 3.484653076156973839e-03 0.000000000000000000e+00
0.000000000000000000e+00 9.286923159379512072e-05 2.376299526076763868e-04 1.309683866566047072e-04 0.000000000000000000e+00 1.562047254992648959e-04 7.598454976687207818e-05 2.774072163447272032e-05 1.459418563172221184e-04 3.769434988498687744e-04 5.857216892763972282e-04
0.000000000000000000e+00 0.000000000000000000e+00 0.000000000000000000e+00 0.000000000000000000e+00 0.000000000000000000e+00 8.176442235708236694e-03 0.000000000000000000e+00 0.000000000000000000e+00 0.000000000000000000e+00 0.000000000000000000e+00 0.000000000000000000e+00
1.001946534961462021e-02 1.605660887435078621e-03 0.000000000000000000e+00 2.204081742092967033e-03 0.000000000000000000e+00 4.178538918495178223e-03 0.000000000000000000e+00 1.218407042324542999e-02 6.976092699915170670e-03 6.987154483795166016e-03 0.000000000000000000e+00
0.000000000000000000e+00 0.000000000000000000e+00 0.000000000000000000e+00 0.000000000000000000e+00 2.603963483124971390e-03 0.000000000000000000e+00 0.000000000000000000e+00 5.033268127590417862e-03 1.891339570283889771e-02 0.000000000000000000e+00 0.000000000000000000e+00
0.000000000000000000e+00 5.865240818820893764e-04 0.000000000000000000e+00 0.000000000000000000e+00 0.000000000000000000e+00 0.000000000000000000e+00 1.976628089323639870e-03 0.000000000000000000e+00 3.859960939735174179e-03 0.000000000000000000e+00 0.000000000000000000e+00
6.037874147295951843e-03 6.539772730320692062e-04 1.720778271555900574e-02 0.000000000000000000e+00 4.643129184842109680e-02 6.079373415559530258e-03 0.000000000000000000e+00 0.000000000000000000e+00 1.292608864605426788e-02 0.000000000000000000e+00 1.040603034198284149e-02
0.000000000000000000e+00 0.000000000000000000e+00 4.713849648396717384e-06 1.674851887401018757e-06 9.358160241390578449e-06 0.000000000000000000e+00 8.978466894404846244e-07 4.228179193432879401e-07 1.572275891703611705e-06 2.275161023135297000e-06 0.000000000000000000e+00
