0.000000000000000000e+00 0.000000000000000000e+00 0.000000000000000000e+00 0.000000000000000000e+00 0.000000000000000000e+00 0.000000000000000000e+00 4.655917640775442123e-03 6.165382917970418930e-03 0.000000000000000000e+00 0.000000000000000000e+00 0.000000000000000000e+00
7.653663866221904755e-03 0.000000000000000000e+00 1.605594530701637268e-03 2.441938268020749092e-03 4.079188220202922821e-03 0.000000000000000000e+00 0.000000000000000000e+00 9.007822722196578979e-03 2.020809915848076344e-05 9.233925491571426392e-03 0.000000000000000000e+00
0.000000000000000000e+00 4.466280341148376465e-03 0.000000000000000000e+00 1.180249266326427460e-02 0.000000000000000000e+00 1.840557157993316650e-02 1.607838831841945648e-02 0.000000000000000000e+00 0.000000000000000000e+00 8.495116606354713440e-03 0.000000000000000000e+00
1.102831400930881500e-02 0.000000000000000000e+00 7.369694067165255547e-04 0.000000000000000000e+00 0.000000000000000000e+00 1.008974201977252960e-02 8.868992328643798828e-03 9.537697187624871731e-04 1.845290511846542358e-02 1.744999317452311516e-03 0.000000000000000000e+00
0.000000000000000000e+00 8.666049689054489136e-05 3.355948138050734997e-05 2.104836166836321354e-04 0.000000000000000000e+00 4.403627099236473441e-05 2.620197483338415623e-04 0.000000000000000000e+00 0.000000000000000000e+00 2.088584005832672119e-04 4.069779533892869949e-04
0.000000000000000000e+00 0.000000000000000000e+00 0.000000000000000000e+00 0.000000000000000000e+00 0.000000000000000000e+00 0.000000000000000000e+00 0.000000000000000000e+00 0.000000000000000000e+00 0.000000000000000000e+00 0.000000000000000000e+00 7.263682782649993896e-03
0.000000000000000000e+00 2.396464813500642776e-03 0.000000000000000000e+00 4.468829371035099030e-03 0.000000000000000000e+00 7.861715275794267654e-04 0.000000000000000000e+00 2.745020901784300804e-03 4.632387775927782059e-03 1.015233155339956284e-02 1.807854510843753815e-02
0.000000000000000000e+00 1.068976242095232010e-02 1.616963068954646587e-03 0.000000000000000000e+00 0.000000000000000000e+00 0.000000000000000000e+00 0.000000000000000000e+00 0.000000000000000000e+00 1.340261567384004593e-02 0.000000000000000000e+00 2.766614488791674376e-04
0.000000000000000000e+00 1.062657870352268219e-02 0.000000000000000000e+00 5.226689856499433517e-03 0.000000000000000000e+00 8.611847646534442902e-03 0.000000000000000000e+00 0.000000000000000000e+00 1.535603869706392288e-02 0.000000000000000000e+00 3.153249854221940041e-03
3.727116854861378670e-03 0.000000000000000000e+00 1.298098452389240265e-02 2.116369782015681267e-03 4.767148196697235107e-02 4.105467814952135086e-03 0.000000000000000000e+00 0.000000000000000000e+00 7.450925186276435852e-03 0.000000000000000000e+00 1.975794322788715363e-02
0.000000000000000000e+00 0.000000000000000000e+00 2.523327566450461745e-06 7.929044159027398564e-07 6.547059911099495366e-06 0.000000000000000000e+00 2.845667040674015880e-06 0.000000000000000000e+00 0.000000000000000000e+00 2.217479732280480675e-06 0.000000000000000000e+00
