0.000000000000000000e+00 0.000000000000000000e+00 2.944056177511811256e-04 0.000000000000000000e+00 0.000000000000000000e+00 0.000000000000000000e+00 0.000000000000000000e+00 1.166228204965591431e-01 7.689722627401351929e-02 0.000000000000000000e+00 0.000000000000000000e+00
2.026833295822143555e-01 5.859164521098136902e-03 2.915296517312526703e-02 1.777715533971786499e-01 6.102009210735559464e-03 0.000000000000000000e+00 5.527088046073913574e-02 2.750713843852281570e-03 7.298558950424194336e-03 2.596412003040313721e-01 1.958513259887695312e-02
0.000000000000000000e+00 7.182202767580747604e-03 5.167148774489760399e-04 1.511129140853881836e-01 7.792474329471588135e-02 3.067077100276947021e-01 1.834603697061538696e-01 1.855609118938446045e-01 4.100526571273803711e-01 1.942425221204757690e-02 1.133346185088157654e-01
1.175291463732719421e-02 0.000000000000000000e+00 0.000000000000000000e+00 2.851612865924835205e-02 1.505124289542436600e-02 9.932636283338069916e-03 7.630164176225662231e-02 2.303359508514404297e-01 1.822660118341445923e-02 2.978114178404211998e-03 9.726391173899173737e-03
1.368474931950913742e-05 3.222300438210368156e-04 3.410175622775568627e-06 6.611105618503643200e-06 0.000000000000000000e+00 0.000000000000000000e+00 5.641671577905071899e-06 7.858243407099507749e-06 0.000000000000000000e+00 1.667378965066745877e-04 6.340837571769952774e-04
0.000000000000000000e+00 0.000000000000000000e+00 0.000000000000000000e+00 0.000000000000000000e+00 0.000000000000000000e+00 1.717815175652503967e-04 0.000000000000000000e+00 0.000000000000000000e+00 0.000000000000000000e+00 0.000000000000000000e+00 5.204170427930421283e-18
2.887510061264038086e-01 1.953707337379455566e-01 0.000000000000000000e+00 8.264304138720035553e-03 0.000000000000000000e+00 0.000000000000000000e+00 2.678440418094396591e-03 0.000000000000000000e+00 4.190403036773204803e-03 1.961939409375190735e-02 6.547686457633972168e-02
0.000000000000000000e+00 2.316650934517383575e-03 1.680513620376586914e-01 0.000000000000000000e+00 1.210084091871976852e-02 0.000000000000000000e+00 5.234086420387029648e-03 1.172238215804100037e-02 2.936718463897705078e-01 0.000000000000000000e+00 5.721126217395067215e-03
0.000000000000000000e+00 2.146147489547729492e-01 3.014180660247802734e-01 4.683428257703781128e-02 9.671524167060852051e-03 1.901117116212844849e-01 1.795263960957527161e-02 0.000000000000000000e+00 1.848566159605979919e-02 3.494135662913322449e-02 6.193560082465410233e-03
2.998967096209526062e-02 5.400956608355045319e-03 1.843155175447463989e-02 0.000000000000000000e+00 1.996666193008422852e-01 7.097610272467136383e-03 0.000000000000000000e+00 0.000000000000000000e+00 1.278834650292992592e-03 0.000000000000000000e+00 0.000000000000000000e+00
0.000000000000000000e+00 1.689034512253329012e-08 7.187572009570430964e-06 0.000000000000000000e+00 1.391862861055415124e-05 0.000000000000000000e+00 7.608547889503824990e-07 8.628746286376554053e-07 3.190158395227626897e-07 2.240997673652600497e-06 0.000000000000000000e+00
