0.000000000000000000e+00 2.349651185795664787e-03 1.110169221647083759e-03 0.000000000000000000e+00 0.000000000000000000e+00 0.000000000000000000e+00 1.397500978782773018e-03 5.951126804575324059e-04 0.000000000000000000e+00 0.000000000000000000e+00 0.000000000000000000e+00
0.000000000000000000e+00 0.000000000000000000e+00 0.000000000000000000e+00 0.000000000000000000e+00 0.000000000000000000e+00 1.504161162301898003e-03 0.000000000000000000e+00 6.330241449177265167e-04 0.000000000000000000e+00 0.000000000000000000e+00 0.000000000000000000e+00
0.000000000000000000e+00 2.635488286614418030e-03 0.000000000000000000e+00 1.170793315395712852e-03 8.665919885970652103e-04 5.815993994474411011e-03 8.245571516454219818e-04 0.000000000000000000e+00 0.000000000000000000e+00 0.000000000000000000e+00 3.205560613423585892e-03
2.135147107765078545e-03 0.000000000000000000e+00 1.834612805396318436e-03 0.000000000000000000e+00 9.568740497343242168e-04 0.000000000000000000e+00 0.000000000000000000e+00 2.746274694800376892e-03 2.859752392396330833e-03 5.608744104392826557e-04 0.000000000000000000e+00
0.000000000000000000e+00 6.610939453821629286e-05 5.144849637872539461e-05 2.249191165901720524e-04 0.000000000000000000e+00 4.596072540152817965e-05 1.950526202563196421e-04 8.144820458255708218e-05 1.866734819486737251e-04 2.289410476805642247e-04 3.266437270212918520e-04
0.000000000000000000e+00 8.852230384945869446e-04 2.529876539483666420e-03 1.618069130927324295e-03 0.000000000000000000e+00 9.062781929969787598e-03 0.000000000000000000e+00 1.713651348836719990e-03 1.469400129280984402e-03 1.647540251724421978e-03 1.451028138399124146e-02
1.379785826429724693e-03 0.000000000000000000e+00 0.000000000000000000e+00 0.000000000000000000e+00 0.000000000000000000e+00 1.344554941169917583e-03 0.000000000000000000e+00 2.803715644404292107e-03 3.074251813814043999e-03 1.144905691035091877e-03 3.856655443087220192e-03
0.000000000000000000e+00 3.644412383437156677e-03 0.000000000000000000e+00 0.000000000000000000e+00 6.171616259962320328e-04 0.000000000000000000e+00 0.000000000000000000e+00 0.000000000000000000e+00 1.080819289200007915e-03 0.000000000000000000e+00 3.308694867882877588e-04
9.769354946911334991e-04 1.410358003340661526e-03 0.000000000000000000e+00 0.000000000000000000e+00 0.000000000000000000e+00 0.000000000000000000e+00 2.195949928136542439e-04 8.926010923460125923e-04 1.983236143132671714e-04 0.000000000000000000e+00 8.428152068518102169e-04
0.000000000000000000e+00 0.000000000000000000e+00 5.061731673777103424e-03 0.000000000000000000e+00 1.213794387876987457e-02 4.252906423062086105e-03 0.000000000000000000e+00 0.000000000000000000e+00 0.000000000000000000e+00 0.000000000000000000e+00 2.629809314385056496e-03
0.000000000000000000e+00 0.000000000000000000e+00 4.023876499559264630e-06 4.491457275435095653e-06 8.201407581509556621e-06 0.000000000000000000e+00 3.161813083352171816e-06 3.466897396720014513e-06 0.000000000000000000e+00 4.617546437657438219e-06 5.041990789322881028e-07
