0.000000000000000000e+00 2.597894752398133278e-03 1.527462969534099102e-03 0.000000000000000000e+00 0.000000000000000000e+00 0.000000000000000000e+00 0.000000000000000000e+00 3.942431067116558552e-04 0.000000000000000000e+00 0.000000000000000000e+00 0.000000000000000000e+00
3.722507739439606667e-03 0.000000000000000000e+00 2.180548384785652161e-03 0.000000000000000000e+00 0.000000000000000000e+00 5.064443103037774563e-04 0.000000000000000000e+00 1.805767416954040527e-03 0.000000000000000000e+00 0.000000000000000000e+00 0.000000000000000000e+00
0.000000000000000000e+00 6.780140567570924759e-03 5.760522326454520226e-04 0.000000000000000000e+00 9.072985267266631126e-04 5.923863966017961502e-03 6.906938739120960236e-03 0.000000000000000000e+00 0.000000000000000000e+00 4.580148961395025253e-03 0.000000000000000000e+00
5.884844809770584106e-03 0.000000000000000000e+00 0.000000000000000000e+00 0.000000000000000000e+00 1.565668149851262569e-03 7.569775916635990143e-04 0.000000000000000000e+00 1.850007800385355949e-03 9.812967618927359581e-04 0.000000000000000000e+00 0.000000000000000000e+00
0.000000000000000000e+00 1.324090990237891674e-04 1.175543366116471589e-04 1.374172279611229897e-04 0.000000000000000000e+00 6.282284448388963938e-05 1.168736998806707561e-04 7.683101284783333540e-05 1.007088358164764941e-04 1.362711336696520448e-04 3.652215236797928810e-04
0.000000000000000000e+00 0.000000000000000000e+00 6.994994822889566422e-03 9.815513622015714645e-04 0.000000000000000000e+00 1.185637991875410080e-02 1.406738068908452988e-03 0.000000000000000000e+00 0.000000000000000000e+00 4.301363602280616760e-03 2.241818420588970184e-02
5.172556266188621521e-03 0.000000000000000000e+00 0.000000000000000000e+00 2.754640532657504082e-03 0.000000000000000000e+00 1.082740491256117821e-03 7.985355914570391178e-04 1.833594054915010929e-03 5.601054057478904724e-03 4.539661575108766556e-03 0.000000000000000000e+00
0.000000000000000000e+00 6.879052147269248962e-03 1.190658775158226490e-03 0.000000000000000000e+00 0.000000000000000000e+00 0.000000000000000000e+00 0.000000000000000000e+00 0.000000000000000000e+00 0.000000000000000000e+00 0.000000000000000000e+00 0.000000000000000000e+00
1.125790178775787354e-03 4.041463136672973633e-03 0.000000000000000000e+00 0.000000000000000000e+00 0.000000000000000000e+00 2.452838001772761345e-03 0.000000000000000000e+00 0.000000000000000000e+00 0.000000000000000000e+00 0.000000000000000000e+00 0.000000000000000000e+00
0.000000000000000000e+00 0.000000000000000000e+00 9.731749072670936584e-03 0.000000000000000000e+00 1.789703965187072754e-02 2.315960125997662544e-03 0.000000000000000000e+00 0.000000000000000000e+00 5.187638103961944580e-03 3.145549271721392870e-04 4.119765013456344604e-03
0.000000000000000000e+00 0.000000000000000000e+00 2.449042540320078842e-06 1.735177988848590758e-06 5.135470473760506138e-06 0.000000000000000000e+00 3.145873051835224032e-06 5.560733825404895470e-06 0.000000000000000000e+00 1.816258418330107816e-06 3.230050253932859050e-07
