0.000000000000000000e+00 1.045914916992187500e+02 2.760164833068847656e+01 0.000000000000000000e+00 0.000000000000000000e+00 0.000000000000000000e+00 1.594122028350830078e+01 5.183096313476562500e+02 7.863395690917968750e+00 1.942793655395507812e+01 0.000000000000000000e+00
1.173019180297851562e+02 0.000000000000000000e+00 7.332543945312500000e+01 1.802126312255859375e+01 9.959831237792968750e+00 1.616345062255859375e+02 5.104205703735351562e+01 1.007971477508544922e+01 3.929245471954345703e+00 9.228356361389160156e+00 2.555995788574218750e+02
1.969802474975585938e+01 9.887583160400390625e+01 7.604745388031005859e+00 7.141342926025390625e+01 2.542480081319808960e-02 8.651966857910156250e+01 1.339546585083007812e+01 1.017900742590427399e-02 8.873256683349609375e+00 2.056678771972656250e+02 4.533962726593017578e+00
3.824728775024414062e+01 1.591159973144531250e+02 3.670628741383552551e-02 9.735253906250000000e+01 2.281877517700195312e+01 1.992723083496093750e+02 1.510815582275390625e+02 1.924421997070312500e+02 1.948543395996093750e+02 2.043550682067871094e+01 5.730223846435546875e+01
1.891436576843261719e+00 2.480522155761718750e+00 2.045825958251953125e+00 3.387984275817871094e+00 0.000000000000000000e+00 1.869829177856445312e+00 3.117201805114746094e+00 2.557791233062744141e+00 1.908939123153686523e+00 3.970997095108032227e+00 7.253544330596923828e+00
0.000000000000000000e+00 0.000000000000000000e+00 0.000000000000000000e+00 0.000000000000000000e+00 0.000000000000000000e+00 0.000000000000000000e+00 0.000000000000000000e+00 0.000000000000000000e+00 0.000000000000000000e+00 0.000000000000000000e+00 4.466583728790283203e+00
1.776124572753906250e+02 5.187187671661376953e+00 2.005184412002563477e+00 1.342121734619140625e+02 2.127451002597808838e-01 4.992868423461914062e+00 1.671152038574218750e+02 3.826401519775390625e+01 1.934721679687500000e+02 1.169560699462890625e+02 9.417658233642578125e+01
1.379223831463605165e-04 9.779697265625000000e+02 5.264468383789062500e+02 4.102267920970916748e-01 1.224892902374267578e+01 2.188654899597167969e+01 4.606325179338455200e-02 3.582908935546875000e+02 2.447627639770507812e+01 2.414679565429687500e+02 4.467001342773437500e+01
1.308296527713537216e-02 2.531208038330078125e+01 1.851624011993408203e+00 2.002577819824218750e+02 1.533485033178294543e-06 3.717849426269531250e+02 1.725012664794921875e+02 2.519737108741537668e-06 1.587531852722167969e+01 3.581093251705169678e-02 8.883384704589843750e+01
0.000000000000000000e+00 0.000000000000000000e+00 4.196268844604492188e+01 0.000000000000000000e+00 4.590577392578125000e+02 0.000000000000000000e+00 4.492960125207901001e-02 0.000000000000000000e+00 2.533448028564453125e+01 0.000000000000000000e+00 4.622000503540039062e+01
0.000000000000000000e+00 1.503566600149497390e-04 4.842958226799964905e-02 6.193301174789667130e-03 6.694460660219192505e-02 0.000000000000000000e+00 3.193169133737683296e-03 2.410353347659111023e-02 1.794697018340229988e-04 1.919113099575042725e-02 1.027527787300641648e-06
