0.000000000000000000e+00 0.000000000000000000e+00 0.000000000000000000e+00 0.000000000000000000e+00 0.000000000000000000e+00 0.000000000000000000e+00 0.000000000000000000e+00 3.738233121111989021e-03 0.000000000000000000e+00 0.000000000000000000e+00 0.000000000000000000e+00
2.467661863192915916e-03 0.000000000000000000e+00 6.657898891717195511e-03 0.000000000000000000e+00 4.346807487308979034e-03 0.000000000000000000e+00 1.170928735518828034e-04 0.000000000000000000e+00 0.000000000000000000e+00 0.000000000000000000e+00 1.298067276366055012e-03
0.000000000000000000e+00 0.000000000000000000e+00 0.000000000000000000e+00 0.000000000000000000e+00 0.000000000000000000e+00 5.210396368056535721e-03 1.407338539138436317e-03 0.000000000000000000e+00 0.000000000000000000e+00 0.000000000000000000e+00 0.000000000000000000e+00
8.889132179319858551e-03 0.000000000000000000e+00 0.000000000000000000e+00 1.439327723346650600e-03 1.170845981687307358e-02 0.000000000000000000e+00 4.832205828279256821e-03 4.711010958999395370e-03 2.609163057059049606e-03 0.000000000000000000e+00 0.000000000000000000e+00
7.387444929918274283e-05 7.781946624163538218e-05 5.146117837284691632e-05 3.965208088629879057e-05 0.000000000000000000e+00 6.712236063322052360e-05 7.158656080719083548e-05 0.000000000000000000e+00 6.133037095423787832e-05 1.030736166285350919e-04 2.007862785831093788e-04
0.000000000000000000e+00 0.000000000000000000e+00 0.000000000000000000e+00 1.024359371513128281e-03 0.000000000000000000e+00 1.669926941394805908e-02 1.054525142535567284e-03 0.000000000000000000e+00 0.000000000000000000e+00 5.759854800999164581e-03 2.004859037697315216e-02
0.000000000000000000e+00 3.414456266909837723e-03 0.000000000000000000e+00 1.289461506530642509e-03 0.000000000000000000e+00 2.095704112434759736e-04 8.880998939275741577e-03 3.433507401496171951e-03 1.906266552396118641e-03 9.674735367298126221e-03 2.252323552966117859e-03
0.000000000000000000e+00 3.612703876569867134e-03 0.000000000000000000e+00 2.346513560041785240e-03 0.000000000000000000e+00 0.000000000000000000e+00 0.000000000000000000e+00 0.000000000000000000e+00 0.000000000000000000e+00 0.000000000000000000e+00 0.000000000000000000e+00
3.101517446339130402e-03 5.213657859712839127e-03 0.000000000000000000e+00 9.722420945763587952e-03 0.000000000000000000e+00 2.168218605220317841e-03 6.295155268162488937e-03 0.000000000000000000e+00 2.381523372605443001e-03 0.000000000000000000e+00 3.699403256177902222e-03
4.642411600798368454e-03 1.497302553616464138e-03 4.517799708992242813e-03 0.000000000000000000e+00 2.029432356357574463e-02 0.000000000000000000e+00 6.165473605506122112e-04 0.000000000000000000e+00 0.000000000000000000e+00 0.000000000000000000e+00 4.704779945313930511e-03
0.000000000000000000e+00 8.073319435197845451e-08 1.434591581528366078e-06 6.046414569027547259e-07 1.509729827375849709e-06 0.000000000000000000e+00 3.620233428591745906e-07 9.504760782874654979e-07 0.000000000000000000e+00 1.331053908870671876e-06 0.000000000000000000e+00
