0.000000000000000000e+00 0.000000000000000000e+00 4.170200321823358536e-03 0.000000000000000000e+00 0.000000000000000000e+00 0.000000000000000000e+00 0.000000000000000000e+00 0.000000000000000000e+00 0.000000000000000000e+00 0.000000000000000000e+00 0.000000000000000000e+00
1.228510029613971710e-02 0.000000000000000000e+00 6.958011072129011154e-03 6.197852548211812973e-03 0.000000000000000000e+00 0.000000000000000000e+00 0.000000000000000000e+00 0.000000000000000000e+00 0.000000000000000000e+00 0.000000000000000000e+00 1.953239319846034050e-03
0.000000000000000000e+00 5.589041393250226974e-03 8.329247357323765755e-04 0.000000000000000000e+00 0.000000000000000000e+00 1.036072243005037308e-02 5.665168166160583496e-03 0.000000000000000000e+00 1.203457172960042953e-02 1.117815356701612473e-02 0.000000000000000000e+00
1.143731456249952316e-02 0.000000000000000000e+00 0.000000000000000000e+00 0.000000000000000000e+00 9.195161052048206329e-03 0.000000000000000000e+00 0.000000000000000000e+00 5.053164204582571983e-04 1.002497039735317230e-03 1.085902843624353409e-02 0.000000000000000000e+00
0.000000000000000000e+00 2.618331927806138992e-05 0.000000000000000000e+00 0.000000000000000000e+00 0.000000000000000000e+00 4.367484143585897982e-05 0.000000000000000000e+00 0.000000000000000000e+00 0.000000000000000000e+00 1.126837669289670885e-04 3.543435013853013515e-04
0.000000000000000000e+00 0.000000000000000000e+00 0.000000000000000000e+00 0.000000000000000000e+00 0.000000000000000000e+00 0.000000000000000000e+00 0.000000000000000000e+00 0.000000000000000000e+00 0.000000000000000000e+00 0.000000000000000000e+00 0.000000000000000000e+00
4.009791184216737747e-03 5.890564993023872375e-03 0.000000000000000000e+00 4.009383264929056168e-03 0.000000000000000000e+00 0.000000000000000000e+00 1.049821171909570694e-02 9.338119067251682281e-03 3.858879674226045609e-03 0.000000000000000000e+00 9.663234814070165157e-04
0.000000000000000000e+00 9.799388237297534943e-03 0.000000000000000000e+00 0.000000000000000000e+00 0.000000000000000000e+00 8.452656329609453678e-04 0.000000000000000000e+00 2.044346416369080544e-03 2.564272843301296234e-03 0.000000000000000000e+00 8.187931962311267853e-04
0.000000000000000000e+00 2.142847049981355667e-03 0.000000000000000000e+00 0.000000000000000000e+00 0.000000000000000000e+00 1.394522259943187237e-03 8.736229501664638519e-03 0.000000000000000000e+00 1.960420981049537659e-03 3.614329616539180279e-04 0.000000000000000000e+00
0.000000000000000000e+00 0.000000000000000000e+00 1.162388641387224197e-02 0.000000000000000000e+00 3.494899347424507141e-02 0.000000000000000000e+00 0.000000000000000000e+00 0.000000000000000000e+00 4.534094128757715225e-03 6.441518198698759079e-04 2.106392942368984222e-02
0.000000000000000000e+00 0.000000000000000000e+00 3.841725174424936995e-06 0.000000000000000000e+00 4.703318154497537762e-06 0.000000000000000000e+00 4.840691758545290213e-07 1.712624907668214291e-06 3.812168358763301512e-07 4.757257272558490513e-07 0.000000000000000000e+00
