0.000000000000000000e+00 4.287591145839542150e-04 5.226592067629098892e-03 0.000000000000000000e+00 0.000000000000000000e+00 0.000000000000000000e+00 0.000000000000000000e+00 4.412055481225252151e-03 1.437186612747609615e-03 0.000000000000000000e+00 0.000000000000000000e+00
6.756814662367105484e-03 0.000000000000000000e+00 7.227798923850059509e-03 1.836735173128545284e-04 0.000000000000000000e+00 0.000000000000000000e+00 1.080175954848527908e-02 0.000000000000000000e+00 0.000000000000000000e+00 0.000000000000000000e+00 0.000000000000000000e+00
2.080596052110195160e-03 8.616690523922443390e-03 0.000000000000000000e+00 0.000000000000000000e+00 0.000000000000000000e+00 0.000000000000000000e+00 0.000000000000000000e+00 1.231311471201479435e-03 3.153627738356590271e-03 1.664577051997184753e-03 3.672779770568013191e-03
9.719914756715297699e-03 0.000000000000000000e+00 6.459116120822727680e-04 1.111201010644435883e-03 1.257406733930110931e-02 6.391485221683979034e-03 4.929676651954650879e-03 1.524808071553707123e-02 0.000000000000000000e+00 0.000000000000000000e+00 0.000000000000000000e+00
6.405387102859094739e-05 2.638008154463022947e-04 2.975151001010090113e-04 3.183377557434141636e-04 0.000000000000000000e+00 2.904906286858022213e-04 2.385077532380819321e-04 1.861396012827754021e-04 2.896657097153365612e-04 5.011974717490375042e-04 5.928977625444531441e-04
0.000000000000000000e+00 0.000000000000000000e+00 0.000000000000000000e+00 0.000000000000000000e+00 0.000000000000000000e+00 0.000000000000000000e+00 0.000000000000000000e+00 0.000000000000000000e+00 0.000000000000000000e+00 0.000000000000000000e+00 0.000000000000000000e+00
1.539013348519802094e-02 5.556985735893249512e-03 5.961518036201596260e-04 0.000000000000000000e+00 0.000000000000000000e+00 7.403317373245954514e-03 2.146895043551921844e-03 6.472179200500249863e-03 8.802548050880432129e-03 1.086828950792551041e-02 4.672444891184568405e-03
0.000000000000000000e+00 1.178174745291471481e-02 0.000000000000000000e+00 2.929821843281388283e-03 4.433031426742672920e-04 5.827084183692932129e-03 9.237411431968212128e-03 0.000000000000000000e+00 1.473466027528047562e-02 0.000000000000000000e+00 1.156094670295715332e-02
1.041312981396913528e-02 0.000000000000000000e+00 0.000000000000000000e+00 0.000000000000000000e+00 0.000000000000000000e+00 0.000000000000000000e+00 1.380465272814035416e-02 4.890248645097017288e-03 0.000000000000000000e+00 0.000000000000000000e+00 0.000000000000000000e+00
1.357577368617057800e-02 9.926583617925643921e-03 2.466581529006361961e-03 0.000000000000000000e+00 3.546461462974548340e-02 0.000000000000000000e+00 0.000000000000000000e+00 3.405848285183310509e-03 0.000000000000000000e+00 0.000000000000000000e+00 8.215277455747127533e-03
0.000000000000000000e+00 0.000000000000000000e+00 4.326398538978537545e-06 0.000000000000000000e+00 5.990770659991540015e-06 0.000000000000000000e+00 0.000000000000000000e+00 3.358583171575446613e-06 0.000000000000000000e+00 4.936131290378398262e-07 0.000000000000000000e+00
