0.000000000000000000e+00 6.833912921138107777e-04 0.000000000000000000e+00 0.000000000000000000e+00 0.000000000000000000e+00 0.000000000000000000e+00 0.000000000000000000e+00 1.081760227680206299e-02 0.000000000000000000e+00 0.000000000000000000e+00 0.000000000000000000e+00
0.000000000000000000e+00 0.000000000000000000e+00 4.636675585061311722e-03 0.000000000000000000e+00 0.000000000000000000e+00 2.287743613123893738e-03 0.000000000000000000e+00 0.000000000000000000e+00 3.232846036553382874e-03 0.000000000000000000e+00 0.000000000000000000e+00
0.000000000000000000e+00 4.812135826796293259e-03 0.000000000000000000e+00 0.000000000000000000e+00 0.000000000000000000e+00 1.424758695065975189e-02 3.075893735513091087e-03 0.000000000000000000e+00 1.272064400836825371e-03 1.664466108195483685e-03 1.383844413794577122e-03
3.572647692635655403e-03 0.000000000000000000e+00 0.000000000000000000e+00 0.000000000000000000e+00 0.000000000000000000e+00 0.000000000000000000e+00 0.000000000000000000e+00 4.726366605609655380e-03 0.000000000000000000e+00 3.635196480900049210e-03 0.000000000000000000e+00
0.000000000000000000e+00 1.394324208376929164e-04 2.570508877397514880e-05 1.022345386445522308e-04 0.000000000000000000e+00 7.212250056909397244e-05 6.674411997664719820e-05 5.226262510404922068e-05 9.783251880435273051e-05 1.739293220452964306e-04 2.881874097511172295e-04
0.000000000000000000e+00 0.000000000000000000e+00 0.000000000000000000e+00 0.000000000000000000e+00 0.000000000000000000e+00 0.000000000000000000e+00 0.000000000000000000e+00 0.000000000000000000e+00 0.000000000000000000e+00 0.000000000000000000e+00 2.650578971952199936e-04
1.615571905858814716e-03 3.147707786411046982e-03 0.000000000000000000e+00 2.137565519660711288e-03 1.456753234378993511e-03 5.649331957101821899e-03 4.910444840788841248e-04 0.000000000000000000e+00 1.704743714071810246e-03 1.044416148215532303e-02 1.081445952877402306e-04
0.000000000000000000e+00 0.000000000000000000e+00 0.000000000000000000e+00 2.509540645405650139e-04 0.000000000000000000e+00 0.000000000000000000e+00 0.000000000000000000e+00 5.383989773690700531e-04 1.263583730906248093e-02 6.435662508010864258e-04 6.143873324617743492e-04
0.000000000000000000e+00 0.000000000000000000e+00 0.000000000000000000e+00 0.000000000000000000e+00 0.000000000000000000e+00 0.000000000000000000e+00 0.000000000000000000e+00 4.146798513829708099e-03 0.000000000000000000e+00 0.000000000000000000e+00 0.000000000000000000e+00
1.024856045842170715e-02 7.271530921570956707e-04 5.043233744800090790e-03 0.000000000000000000e+00 2.458957955241203308e-02 6.891757948324084282e-04 0.000000000000000000e+00 0.000000000000000000e+00 4.543875402305275202e-04 0.000000000000000000e+00 9.338142350316047668e-03
0.000000000000000000e+00 0.000000000000000000e+00 2.909907607318018563e-06 1.024181528919143602e-06 4.965951575286453590e-06 0.000000000000000000e+00 8.602486332165426575e-07 6.183057621456100605e-08 0.000000000000000000e+00 9.019054800774028990e-07 5.017709554522298276e-07
