0.000000000000000000e+00 0.000000000000000000e+00 1.066092122346162796e-02 0.000000000000000000e+00 0.000000000000000000e+00 0.000000000000000000e+00 1.746799680404365063e-03 6.735118571668863297e-03 0.000000000000000000e+00 0.000000000000000000e+00 0.000000000000000000e+00
1.981208287179470062e-02 0.000000000000000000e+00 1.311954949051141739e-02 0.000000000000000000e+00 0.000000000000000000e+00 0.000000000000000000e+00 2.037259982898831367e-03 5.166674964129924774e-03 8.689296431839466095e-03 3.382481401786208153e-03 0.000000000000000000e+00
0.000000000000000000e+00 8.252784609794616699e-03 0.000000000000000000e+00 7.194374222308397293e-03 2.167361089959740639e-03 6.004518363624811172e-03 1.556847382744308561e-05 3.168604802340269089e-03 7.985134143382310867e-04 5.372093524783849716e-03 6.108731031417846680e-03
1.413276791572570801e-02 1.348061603493988514e-03 0.000000000000000000e+00 0.000000000000000000e+00 3.840133780613541603e-03 0.000000000000000000e+00 2.454092958942055702e-03 9.207651950418949127e-03 0.000000000000000000e+00 0.000000000000000000e+00 0.000000000000000000e+00
7.972188905114308000e-05 2.114265225827693939e-04 2.329470298718661070e-04 2.928906178567558527e-04 0.000000000000000000e+00 3.122646012343466282e-04 2.312233118573203683e-04 5.519306068890728056e-05 1.907291589304804802e-04 5.162617890164256096e-04 5.660798051394522190e-04
0.000000000000000000e+00 0.000000000000000000e+00 0.000000000000000000e+00 0.000000000000000000e+00 0.000000000000000000e+00 0.000000000000000000e+00 0.000000000000000000e+00 0.000000000000000000e+00 0.000000000000000000e+00 0.000000000000000000e+00 0.000000000000000000e+00
1.552332565188407898e-02 7.423180621117353439e-03 0.000000000000000000e+00 3.524174215272068977e-03 0.000000000000000000e+00 8.237697184085845947e-03 0.000000000000000000e+00 1.700691180303692818e-03 3.517319215461611748e-03 6.419689860194921494e-03 7.390839513391256332e-03
0.000000000000000000e+00 7.283539045602083206e-03 0.000000000000000000e+00 0.000000000000000000e+00 0.000000000000000000e+00 1.259216805920004845e-03 4.813882987946271896e-03 9.915070841088891029e-04 1.289532170630991459e-03 0.000000000000000000e+00 0.000000000000000000e+00
0.000000000000000000e+00 2.635508310049772263e-03 5.380942951887845993e-03 0.000000000000000000e+00 0.000000000000000000e+00 1.973785459995269775e-03 5.639886017888784409e-03 2.050277777016162872e-03 0.000000000000000000e+00 1.830453518778085709e-03 3.866576123982667923e-03
1.255294959992170334e-02 1.523800194263458252e-02 6.456408184021711349e-03 0.000000000000000000e+00 4.662910848855972290e-02 0.000000000000000000e+00 0.000000000000000000e+00 0.000000000000000000e+00 6.207465659826993942e-03 0.000000000000000000e+00 1.148546487092971802e-02
0.000000000000000000e+00 0.000000000000000000e+00 2.501356902939733118e-06 2.586713890195824206e-06 6.566702722921036184e-06 0.000000000000000000e+00 2.175969257223187014e-06 3.529626837917021476e-06 4.803351316695625428e-07 1.945701114891562611e-06 0.000000000000000000e+00
