0.000000000000000000e+00 7.820109836757183075e-03 0.000000000000000000e+00 0.000000000000000000e+00 0.000000000000000000e+00 0.000000000000000000e+00 3.322594566270709038e-03 4.601818509399890900e-03 0.000000000000000000e+00 0.000000000000000000e+00 0.000000000000000000e+00
1.583445630967617035e-02 0.000000000000000000e+00 2.367360750213265419e-03 0.000000000000000000e+00 4.584726411849260330e-03 0.000000000000000000e+00 0.000000000000000000e+00 5.592925474047660828e-03 8.051482960581779480e-03 2.887003589421510696e-03 0.000000000000000000e+00
8.769145351834595203e-04 7.852598093450069427e-03 6.018902640789747238e-04 1.955069368705153465e-03 1.091067446395754814e-03 1.423272304236888885e-02 1.119814533740282059e-02 0.000000000000000000e+00 9.907085914164781570e-04 5.239347461611032486e-03 1.107966178096830845e-03
1.351731736212968826e-02 0.000000000000000000e+00 0.000000000000000000e+00 0.000000000000000000e+00 7.499233819544315338e-03 1.575027708895504475e-03 0.000000000000000000e+00 2.782906405627727509e-03 6.982021732255816460e-04 0.000000000000000000e+00 0.000000000000000000e+00
4.627410962712019682e-04 8.641793392598628998e-04 7.677637622691690922e-04 1.168484101071953773e-03 0.000000000000000000e+00 1.321921474300324917e-03 9.712114115245640278e-04 4.399012250360101461e-04 7.577181095257401466e-04 1.330380910076200962e-03 2.157897455617785454e-03
0.000000000000000000e+00 0.000000000000000000e+00 0.000000000000000000e+00 0.000000000000000000e+00 0.000000000000000000e+00 0.000000000000000000e+00 0.000000000000000000e+00 0.000000000000000000e+00 0.000000000000000000e+00 0.000000000000000000e+00 0.000000000000000000e+00
5.786485038697719574e-03 3.524675499647855759e-03 0.000000000000000000e+00 0.000000000000000000e+00 0.000000000000000000e+00 2.084819227457046509e-02 0.000000000000000000e+00 8.855728432536125183e-03 1.112475432455539703e-02 1.722005009651184082e-02 1.081486511975526810e-02
0.000000000000000000e+00 2.535328734666109085e-03 0.000000000000000000e+00 0.000000000000000000e+00 7.748655974864959717e-03 0.000000000000000000e+00 0.000000000000000000e+00 0.000000000000000000e+00 1.724839955568313599e-02 7.312811794690787792e-04 0.000000000000000000e+00
7.233088253997266293e-04 7.779632695019245148e-03 0.000000000000000000e+00 0.000000000000000000e+00 0.000000000000000000e+00 2.981324214488267899e-03 0.000000000000000000e+00 0.000000000000000000e+00 0.000000000000000000e+00 3.402370028197765350e-03 0.000000000000000000e+00
1.205891091376543045e-02 4.933478776365518570e-03 6.900950800627470016e-03 0.000000000000000000e+00 5.237652733922004700e-02 4.222968593239784241e-03 0.000000000000000000e+00 0.000000000000000000e+00 5.854781251400709152e-03 0.000000000000000000e+00 1.376342028379440308e-02
0.000000000000000000e+00 0.000000000000000000e+00 1.227306802320526913e-05 3.857656338368542492e-06 2.736705755523871630e-05 0.000000000000000000e+00 1.131901080952957273e-05 7.758435458526946604e-06 0.000000000000000000e+00 7.618576091772411019e-06 0.000000000000000000e+00
