0.000000000000000000e+00 0.000000000000000000e+00 1.814394723623991013e-03 0.000000000000000000e+00 0.000000000000000000e+00 0.000000000000000000e+00 8.808571845293045044e-03 6.981331855058670044e-03 6.262305192649364471e-03 1.636170782148838043e-03 0.000000000000000000e+00
3.028342325706034899e-04 0.000000000000000000e+00 6.494120694696903229e-03 3.600178752094507217e-03 8.558029308915138245e-03 0.000000000000000000e+00 7.648619357496500015e-03 0.000000000000000000e+00 6.518761801999062300e-05 0.000000000000000000e+00 7.005644030869007111e-03
0.000000000000000000e+00 2.592825097963213921e-03 0.000000000000000000e+00 0.000000000000000000e+00 0.000000000000000000e+00 1.070073619484901428e-02 1.323086908087134361e-04 0.000000000000000000e+00 4.845347721129655838e-04 4.593484103679656982e-03 0.000000000000000000e+00
7.485897745937108994e-03 0.000000000000000000e+00 0.000000000000000000e+00 0.000000000000000000e+00 4.759290721267461777e-03 1.086616609245538712e-02 0.000000000000000000e+00 4.083619453012943268e-03 7.503318600356578827e-03 0.000000000000000000e+00 0.000000000000000000e+00
0.000000000000000000e+00 5.915694418945349753e-05 1.670060300966724753e-04 8.881690155249089003e-05 0.000000000000000000e+00 0.000000000000000000e+00 7.460376946255564690e-05 0.000000000000000000e+00 1.223668277816614136e-05 3.704519622260704637e-05 5.012231413275003433e-04
0.000000000000000000e+00 0.000000000000000000e+00 0.000000000000000000e+00 0.000000000000000000e+00 0.000000000000000000e+00 3.582045435905456543e-03 0.000000000000000000e+00 0.000000000000000000e+00 0.000000000000000000e+00 0.000000000000000000e+00 0.000000000000000000e+00
0.000000000000000000e+00 5.130207166075706482e-03 0.000000000000000000e+00 0.000000000000000000e+00 0.000000000000000000e+00 1.521804602816700935e-03 8.811524137854576111e-03 0.000000000000000000e+00 1.250764168798923492e-02 1.175990328192710876e-02 9.470077231526374817e-03
0.000000000000000000e+00 0.000000000000000000e+00 0.000000000000000000e+00 0.000000000000000000e+00 2.289698226377367973e-03 0.000000000000000000e+00 0.000000000000000000e+00 0.000000000000000000e+00 6.950170733034610748e-03 0.000000000000000000e+00 0.000000000000000000e+00
0.000000000000000000e+00 1.028913818299770355e-02 2.689366228878498077e-03 0.000000000000000000e+00 1.931193983182311058e-03 0.000000000000000000e+00 0.000000000000000000e+00 1.958520151674747467e-03 1.000573951750993729e-02 0.000000000000000000e+00 9.314161143265664577e-04
2.516434062272310257e-03 4.303740337491035461e-03 1.129372138530015945e-02 0.000000000000000000e+00 3.340937569737434387e-02 0.000000000000000000e+00 0.000000000000000000e+00 0.000000000000000000e+00 1.204462163150310516e-02 0.000000000000000000e+00 1.224599499255418777e-02
0.000000000000000000e+00 0.000000000000000000e+00 6.366695743054151535e-06 0.000000000000000000e+00 8.237584552261978388e-06 0.000000000000000000e+00 5.250022923064534552e-07 2.277717157994629815e-06 7.420550218739663251e-07 3.332983396830968559e-06 0.000000000000000000e+00
