9.563152313232421875e+00 5.671572494506835938e+01 7.006247711181640625e+01 2.385619354248046875e+01 2.601426385808736086e-04 1.948085725307464600e-01 5.809612655639648438e+01 8.412329101562500000e+01 5.555274200439453125e+01 6.006481933593750000e+01 6.744537830352783203e+00
2.518277343750000000e+04 0.000000000000000000e+00 1.365289746093750000e+04 4.595445556640625000e+02 1.856925524771213531e-02 4.867584960937500000e+03 1.535505249023437500e+03 3.067668914794921875e+01 7.991888999938964844e+00 5.601634521484375000e+02 9.996008300781250000e+02
5.106101953125000000e+04 2.157727812500000000e+05 4.672933593750000000e+04 3.909538879394531250e+02 7.296494483947753906e+00 1.352681562500000000e+05 1.050999375000000000e+05 4.057018750000000000e+04 7.859292187500000000e+04 3.635185156250000000e+04 1.117710828781127930e+00
3.557661328125000000e+04 7.038847045898437500e+02 5.879520416259765625e+00 4.531595703125000000e+03 8.696934814453125000e+02 1.390865234375000000e+04 1.138476196289062500e+03 2.210142773437500000e+04 1.184443969726562500e+03 2.363243484497070312e+01 1.838604583740234375e+02
2.704521656036376953e+00 4.755327606201171875e+01 1.667349052429199219e+01 3.451474761962890625e+01 0.000000000000000000e+00 1.492547607421875000e+01 1.953884363174438477e+00 1.488959693908691406e+01 1.097257494926452637e+00 4.015851593017578125e+01 1.217109069824218750e+02
0.000000000000000000e+00 0.000000000000000000e+00 0.000000000000000000e+00 0.000000000000000000e+00 0.000000000000000000e+00 0.000000000000000000e+00 0.000000000000000000e+00 0.000000000000000000e+00 0.000000000000000000e+00 0.000000000000000000e+00 2.879450225830078125e+01
5.075346191406250000e+03 2.405463085937500000e+04 1.115063232421875000e+03 9.536065429687500000e+03 2.444845214843750000e+03 3.603809326171875000e+03 1.228486816406250000e+04 2.155445098876953125e+00 3.596552734375000000e+03 7.559447753906250000e+03 2.250076904296875000e+03
4.200136661529541016e-02 3.564232812500000000e+04 5.671477050781250000e+02 0.000000000000000000e+00 8.466474609375000000e+02 2.160694427490234375e+02 4.324627685546875000e+02 5.033005981445312500e+02 1.009512084960937500e+03 1.905250000000000000e+04 9.188541015625000000e+03
0.000000000000000000e+00 1.173681738281250000e+04 6.252506103515625000e+02 4.217590820312500000e+03 4.957863807678222656e+00 7.258042602539062500e+02 1.152588671875000000e+04 1.409070434570312500e+03 6.694793701171875000e+02 8.430382004007697105e-04 1.019887792968750000e+04
0.000000000000000000e+00 0.000000000000000000e+00 0.000000000000000000e+00 0.000000000000000000e+00 1.565661315917968750e+02 0.000000000000000000e+00 0.000000000000000000e+00 0.000000000000000000e+00 0.000000000000000000e+00 0.000000000000000000e+00 6.318551641015801579e-06
0.000000000000000000e+00 1.246484965085983276e-01 3.358274102210998535e-01 6.911786040291190147e-04 6.771963834762573242e-01 0.000000000000000000e+00 9.693674510344862938e-04 4.141488373279571533e-01 0.000000000000000000e+00 2.382265031337738037e-01 0.000000000000000000e+00
