0.000000000000000000e+00 0.000000000000000000e+00 0.000000000000000000e+00 0.000000000000000000e+00 0.000000000000000000e+00 0.000000000000000000e+00 1.506877830252051353e-03 4.789476282894611359e-03 0.000000000000000000e+00 0.000000000000000000e+00 0.000000000000000000e+00
2.224293770268559456e-03 0.000000000000000000e+00 1.070472644641995430e-03 0.000000000000000000e+00 0.000000000000000000e+00 0.000000000000000000e+00 0.000000000000000000e+00 0.000000000000000000e+00 0.000000000000000000e+00 2.608161012176424265e-04 0.000000000000000000e+00
0.000000000000000000e+00 0.000000000000000000e+00 0.000000000000000000e+00 0.000000000000000000e+00 5.229161470197141171e-04 4.947910783812403679e-04 2.906195819377899170e-03 0.000000000000000000e+00 0.000000000000000000e+00 2.270681085065007210e-03 0.000000000000000000e+00
2.000891370698809624e-03 0.000000000000000000e+00 0.000000000000000000e+00 0.000000000000000000e+00 0.000000000000000000e+00 5.478460807353258133e-04 0.000000000000000000e+00 1.456689555197954178e-03 3.776697209104895592e-03 0.000000000000000000e+00 0.000000000000000000e+00
1.056971086654812098e-05 1.138458246714435518e-04 3.790378832491114736e-05 4.732226807391270995e-05 0.000000000000000000e+00 1.793283990991767496e-05 1.044811724568717182e-04 4.639277540263719857e-05 1.273488596780225635e-04 7.536695193266496062e-05 3.074636915698647499e-04
0.000000000000000000e+00 0.000000000000000000e+00 3.084352007135748863e-03 0.000000000000000000e+00 0.000000000000000000e+00 1.332985609769821167e-02 1.907373894937336445e-03 0.000000000000000000e+00 0.000000000000000000e+00 3.809082554653286934e-03 1.777283288538455963e-02
1.017139176838099957e-03 0.000000000000000000e+00 0.000000000000000000e+00 6.096902303397655487e-03 0.000000000000000000e+00 2.980576362460851669e-03 0.000000000000000000e+00 0.000000000000000000e+00 6.405770778656005859e-03 4.702538251876831055e-03 0.000000000000000000e+00
0.000000000000000000e+00 1.084332936443388462e-03 1.645347801968455315e-03 0.000000000000000000e+00 1.130648422986268997e-03 0.000000000000000000e+00 0.000000000000000000e+00 0.000000000000000000e+00 0.000000000000000000e+00 0.000000000000000000e+00 0.000000000000000000e+00
0.000000000000000000e+00 6.768543389625847340e-04 0.000000000000000000e+00 0.000000000000000000e+00 1.731542870402336121e-03 7.325862679863348603e-05 8.975756936706602573e-04 1.248672022484242916e-03 0.000000000000000000e+00 2.002439927309751511e-03 0.000000000000000000e+00
3.244720574002712965e-05 4.447594692464917898e-04 2.812310587614774704e-03 0.000000000000000000e+00 1.245771162211894989e-02 0.000000000000000000e+00 0.000000000000000000e+00 0.000000000000000000e+00 4.106255713850259781e-03 0.000000000000000000e+00 6.622816435992717743e-03
0.000000000000000000e+00 2.876357996228762204e-07 6.789387498429277912e-06 3.559613332981825806e-06 6.925155958015238866e-06 0.000000000000000000e+00 7.177092811616603285e-06 4.876532784692244604e-06 3.785568878811318427e-06 4.036292921227868646e-06 4.615770194504875690e-06
