0.000000000000000000e+00 0.000000000000000000e+00 2.141026343451812863e-04 0.000000000000000000e+00 0.000000000000000000e+00 0.000000000000000000e+00 3.345639677718281746e-03 1.258604024769738317e-04 0.000000000000000000e+00 0.000000000000000000e+00 0.000000000000000000e+00
2.434094436466693878e-03 0.000000000000000000e+00 1.097485510399565101e-04 0.000000000000000000e+00 0.000000000000000000e+00 0.000000000000000000e+00 0.000000000000000000e+00 0.000000000000000000e+00 7.505073444917798042e-04 2.869089657906442881e-04 0.000000000000000000e+00
0.000000000000000000e+00 7.775207632221281528e-04 3.219848849767004140e-06 2.960769226774573326e-03 1.533303991891443729e-03 4.997240612283349037e-04 8.670290117152035236e-04 0.000000000000000000e+00 0.000000000000000000e+00 2.644274218255304731e-06 0.000000000000000000e+00
2.154773101210594177e-03 0.000000000000000000e+00 2.084588631987571716e-03 0.000000000000000000e+00 2.626308239996433258e-03 1.782733306754380465e-04 2.348225330933928490e-03 3.702325979247689247e-03 1.618251670151948929e-03 0.000000000000000000e+00 0.000000000000000000e+00
6.575205043191090226e-05 8.580450958106666803e-05 9.797971870284527540e-05 1.579625823069363832e-04 0.000000000000000000e+00 1.175980069092474878e-04 1.235883828485384583e-04 5.221268656896427274e-05 1.116121857194229960e-04 1.612319611012935638e-04 2.673090493772178888e-04
0.000000000000000000e+00 0.000000000000000000e+00 0.000000000000000000e+00 6.612983997911214828e-04 0.000000000000000000e+00 8.748847991228103638e-03 0.000000000000000000e+00 0.000000000000000000e+00 0.000000000000000000e+00 1.918915659189224243e-03 1.367625501006841660e-02
2.362145343795418739e-03 8.686949149705469608e-05 0.000000000000000000e+00 1.300745178014039993e-03 0.000000000000000000e+00 2.081111539155244827e-03 0.000000000000000000e+00 2.783574862405657768e-03 0.000000000000000000e+00 1.479987055063247681e-03 3.840210847556591034e-03
0.000000000000000000e+00 3.150969743728637695e-03 5.958133260719478130e-04 0.000000000000000000e+00 0.000000000000000000e+00 3.961869515478610992e-04 6.602658540941774845e-04 0.000000000000000000e+00 1.317873713560402393e-03 0.000000000000000000e+00 0.000000000000000000e+00
2.603607950732111931e-03 0.000000000000000000e+00 0.000000000000000000e+00 3.279396651123533957e-06 0.000000000000000000e+00 2.051236107945442200e-03 8.385084802284836769e-04 0.000000000000000000e+00 6.033928948454558849e-04 0.000000000000000000e+00 2.115157665684819221e-03
2.887441776692867279e-03 7.852485869079828262e-04 4.330708179622888565e-03 5.558029515668749809e-04 9.365940466523170471e-03 0.000000000000000000e+00 1.567625440657138824e-05 0.000000000000000000e+00 1.099054352380335331e-03 0.000000000000000000e+00 4.230431281030178070e-03
0.000000000000000000e+00 2.265308864934922894e-07 1.252665697393240407e-06 1.012210645967570599e-06 2.652805051184259355e-06 0.000000000000000000e+00 6.711781566082208883e-07 1.839609581111290026e-06 0.000000000000000000e+00 1.918297840575178270e-07 0.000000000000000000e+00
