2.117321044206619263e-01 1.299634695053100586e+00 1.440875649452209473e+00 4.015938043594360352e-01 0.000000000000000000e+00 1.415457427501678467e-01 1.515673637390136719e+00 1.714245080947875977e+00 1.439135909080505371e+00 1.158849477767944336e+00 1.704264432191848755e-02
6.543791198730468750e+01 0.000000000000000000e+00 8.252204589843750000e+02 3.650387525558471680e-01 0.000000000000000000e+00 2.324285125732421875e+01 2.800251770019531250e+01 3.109282684326171875e+01 1.047235565185546875e+02 1.110976028442382812e+01 3.238968658447265625e+01
1.496835649013519287e-01 1.188731765747070312e+01 9.901318699121475220e-04 4.727872848510742188e+00 1.450587529689073563e-03 5.660836181640625000e+02 2.458978729248046875e+02 5.411978811025619507e-03 8.760803937911987305e-02 1.057890869140625000e+03 0.000000000000000000e+00
1.909066772460937500e+03 1.319427871704101562e+01 1.967913703992962837e-04 4.272655334472656250e+02 1.711508178710937500e+01 6.194296875000000000e+02 3.502701110839843750e+02 3.650199890136718750e+01 1.299568557739257812e+01 1.627884991466999054e-02 6.735653686523437500e+02
1.773835122585296631e-01 1.636080980300903320e+00 5.395902395248413086e-01 1.082199454307556152e+00 0.000000000000000000e+00 1.402850389480590820e+00 9.329861998558044434e-01 1.522328853607177734e-01 5.968487858772277832e-01 1.831212043762207031e+00 4.260054111480712891e+00
0.000000000000000000e+00 0.000000000000000000e+00 0.000000000000000000e+00 0.000000000000000000e+00 0.000000000000000000e+00 0.000000000000000000e+00 0.000000000000000000e+00 0.000000000000000000e+00 0.000000000000000000e+00 0.000000000000000000e+00 4.488227844238281250e+00
1.919744682312011719e+01 7.573304176330566406e+00 0.000000000000000000e+00 4.778019714355468750e+01 0.000000000000000000e+00 1.135216331481933594e+01 2.854769325256347656e+01 7.643348693847656250e+01 2.169205627441406250e+02 6.788501586914062500e+02 6.816555175781250000e+02
0.000000000000000000e+00 3.180041885375976562e+01 7.693198680877685547e+00 5.700613655790220946e-06 1.667153808593750000e+03 5.889689445495605469e+00 5.543490871787071228e-02 1.032092761993408203e+01 2.675857177734375000e+03 6.678148359060287476e-02 2.687670898437500000e+01
1.189391732215881348e+00 5.838151367187500000e+03 1.009117355346679688e+02 1.056634765625000000e+03 0.000000000000000000e+00 5.543093261718750000e+02 7.647432861328125000e+02 1.210521728515625000e+03 4.295317993164062500e+02 1.012485351562500000e+02 1.516307067871093750e+01
2.370115995407104492e+00 8.276571035385131836e-01 2.684065341949462891e+00 2.442839741706848145e-01 8.278290748596191406e+00 7.111765444278717041e-02 7.290300447493791580e-03 9.473320096731185913e-02 2.921326160430908203e+00 0.000000000000000000e+00 4.504991054534912109e+00
0.000000000000000000e+00 1.916397013701498508e-04 2.203679829835891724e-02 8.600682020187377930e-03 2.748418599367141724e-02 0.000000000000000000e+00 1.097891665995121002e-02 1.352076604962348938e-02 0.000000000000000000e+00 1.216648239642381668e-02 0.000000000000000000e+00
