0.000000000000000000e+00 5.623763354378752410e-05 5.011797851562500000e+03 0.000000000000000000e+00 0.000000000000000000e+00 0.000000000000000000e+00 7.380378906250000000e+03 1.127796875000000000e+04 1.046744613647460938e+02 6.543228149414062500e+01 0.000000000000000000e+00
2.638359765625000000e+04 0.000000000000000000e+00 1.471086328125000000e+04 8.876880859375000000e+03 3.134064003825187683e-02 4.712157249450683594e+00 2.257374414062500000e+04 2.196864318847656250e+01 8.679022979736328125e+01 3.364167785644531250e+01 5.677969531250000000e+04
8.543092608451843262e-01 2.094132385253906250e+02 1.099034190177917480e+00 9.630824089050292969e+00 8.199964843750000000e+03 1.753954925537109375e+02 1.917166601562500000e+04 1.272234249114990234e+01 1.666254119873046875e+02 1.272370898437500000e+04 3.547611999511718750e+01
2.536605859375000000e+04 1.073614843750000000e+04 4.811417480468750000e+03 8.505955505371093750e+01 1.305273132324218750e+02 1.197621917724609375e+02 2.320858203125000000e+04 5.463611816406250000e+03 2.806269726562500000e+04 2.423267578125000000e+04 1.357233593750000000e+04
2.700076997280120850e-02 8.033633232116699219e+00 2.352742671966552734e+00 3.037563860416412354e-01 1.413583959219977260e-06 1.849461793899536133e-01 5.102025985717773438e+00 1.923384189605712891e+00 2.415962219238281250e+00 8.120969772338867188e+00 1.587431144714355469e+01
0.000000000000000000e+00 0.000000000000000000e+00 0.000000000000000000e+00 0.000000000000000000e+00 0.000000000000000000e+00 0.000000000000000000e+00 0.000000000000000000e+00 0.000000000000000000e+00 0.000000000000000000e+00 0.000000000000000000e+00 0.000000000000000000e+00
1.433941210937500000e+04 1.331693750000000000e+04 6.970568210817873478e-05 4.805139062500000000e+04 1.058302307128906250e+01 1.046554756164550781e+01 2.957454681396484375e+00 0.000000000000000000e+00 3.812973632812500000e+03 1.885245117187500000e+04 1.552772979736328125e+02
0.000000000000000000e+00 4.575446484375000000e+04 2.052425000000000000e+04 3.205574218750000000e+04 1.491185742187500000e+04 4.348458984375000000e+04 1.240321289062500000e+03 1.777671484375000000e+04 1.844080505371093750e+02 2.766979408264160156e+01 2.604928710937500000e+04
0.000000000000000000e+00 1.266928024291992188e+02 1.448878479003906250e+02 4.639202636718750000e+03 8.782736968994140625e+01 7.189532226562500000e+03 2.066904785156250000e+03 5.027509689331054688e+01 8.382760620117187500e+01 2.206928443908691406e+01 1.076464746093750000e+04
0.000000000000000000e+00 0.000000000000000000e+00 0.000000000000000000e+00 0.000000000000000000e+00 1.739816284179687500e+01 0.000000000000000000e+00 0.000000000000000000e+00 0.000000000000000000e+00 0.000000000000000000e+00 0.000000000000000000e+00 4.144762039184570312e+00
0.000000000000000000e+00 1.516405958682298660e-02 6.576293706893920898e-02 1.361287431791424751e-04 1.987019181251525879e-01 0.000000000000000000e+00 1.815158501267433167e-02 5.256917327642440796e-02 7.041000062599778175e-04 9.953074157238006592e-02 2.011784943078964716e-07
