0.000000000000000000e+00 0.000000000000000000e+00 0.000000000000000000e+00 0.000000000000000000e+00 0.000000000000000000e+00 0.000000000000000000e+00 2.292721299454569817e-03 6.864163558930158615e-03 1.021403819322586060e-02 0.000000000000000000e+00 0.000000000000000000e+00
1.907629333436489105e-02 0.000000000000000000e+00 0.000000000000000000e+00 1.952347956830635667e-04 0.000000000000000000e+00 0.000000000000000000e+00 0.000000000000000000e+00 3.638270311057567596e-03 6.181512493640184402e-03 0.000000000000000000e+00 0.000000000000000000e+00
3.606174723245203495e-04 2.220134716480970383e-03 8.110792376101016998e-03 0.000000000000000000e+00 1.021421793848276138e-02 9.740250185132026672e-03 0.000000000000000000e+00 0.000000000000000000e+00 0.000000000000000000e+00 6.834478699602186680e-04 0.000000000000000000e+00
1.245127432048320770e-02 0.000000000000000000e+00 0.000000000000000000e+00 2.779963659122586250e-03 9.019403951242566109e-04 0.000000000000000000e+00 0.000000000000000000e+00 0.000000000000000000e+00 0.000000000000000000e+00 2.144432859495282173e-03 0.000000000000000000e+00
1.122470275731757283e-04 2.983703743666410446e-04 1.519407378509640694e-04 8.967750181909650564e-05 0.000000000000000000e+00 2.168575738323852420e-04 9.853696974460035563e-05 7.695983367739245296e-05 2.620567975100129843e-04 2.866160648409277201e-04 5.166497430764138699e-04
0.000000000000000000e+00 0.000000000000000000e+00 0.000000000000000000e+00 0.000000000000000000e+00 0.000000000000000000e+00 0.000000000000000000e+00 0.000000000000000000e+00 0.000000000000000000e+00 0.000000000000000000e+00 0.000000000000000000e+00 1.433051074855029583e-03
1.115668006241321564e-02 0.000000000000000000e+00 0.000000000000000000e+00 0.000000000000000000e+00 0.000000000000000000e+00 2.791421487927436829e-03 0.000000000000000000e+00 5.647541023790836334e-03 3.408299293369054794e-03 0.000000000000000000e+00 6.283741910010576248e-03
0.000000000000000000e+00 1.349063869565725327e-02 0.000000000000000000e+00 2.288558986037969589e-03 1.678772154264152050e-03 7.029753644019365311e-03 0.000000000000000000e+00 0.000000000000000000e+00 0.000000000000000000e+00 0.000000000000000000e+00 0.000000000000000000e+00
4.871179815381765366e-03 6.600607186555862427e-03 9.896073490381240845e-03 0.000000000000000000e+00 0.000000000000000000e+00 2.636439865455031395e-03 7.774563273414969444e-04 0.000000000000000000e+00 0.000000000000000000e+00 5.831410177052021027e-03 5.564838182181119919e-03
1.072396058589220047e-02 6.694714073091745377e-03 7.699031382799148560e-03 0.000000000000000000e+00 3.819530829787254333e-02 0.000000000000000000e+00 0.000000000000000000e+00 0.000000000000000000e+00 4.375705320853739977e-04 5.762174259871244431e-03 9.931118227541446686e-03
0.000000000000000000e+00 0.000000000000000000e+00 1.946248175954679027e-06 1.381727656735165510e-07 3.639959459178498946e-06 0.000000000000000000e+00 0.000000000000000000e+00 1.003873194349580444e-06 0.000000000000000000e+00 1.204676323141029570e-06 0.000000000000000000e+00
