0.000000000000000000e+00 0.000000000000000000e+00 4.900729283690452576e-03 0.000000000000000000e+00 0.000000000000000000e+00 0.000000000000000000e+00 0.000000000000000000e+00 6.082883104681968689e-03 0.000000000000000000e+00 0.000000000000000000e+00 0.000000000000000000e+00
1.914530061185359955e-02 0.000000000000000000e+00 3.195506287738680840e-03 6.634904537349939346e-03 0.000000000000000000e+00 0.000000000000000000e+00 1.193542499095201492e-03 4.607418304658494890e-05 6.458845920860767365e-03 0.000000000000000000e+00 6.298375781625509262e-03
0.000000000000000000e+00 1.276216004043817520e-02 1.295454916544258595e-03 6.117721553891897202e-03 3.260093508288264275e-03 1.017937064170837402e-02 0.000000000000000000e+00 0.000000000000000000e+00 0.000000000000000000e+00 8.800752460956573486e-03 1.686851261183619499e-03
1.022398006170988083e-02 0.000000000000000000e+00 0.000000000000000000e+00 0.000000000000000000e+00 5.754900630563497543e-03 2.017971128225326538e-03 1.042868476361036301e-02 1.876170188188552856e-02 4.879713989794254303e-03 0.000000000000000000e+00 0.000000000000000000e+00
3.067765501327812672e-04 4.376863362267613411e-04 4.873213474638760090e-04 3.241084341425448656e-04 0.000000000000000000e+00 3.648161946330219507e-04 1.881418138509616256e-04 1.609939936315640807e-04 1.476011384511366487e-04 8.439880330115556717e-04 1.104596653021872044e-03
0.000000000000000000e+00 0.000000000000000000e+00 0.000000000000000000e+00 0.000000000000000000e+00 0.000000000000000000e+00 7.758820429444313049e-04 0.000000000000000000e+00 0.000000000000000000e+00 0.000000000000000000e+00 0.000000000000000000e+00 0.000000000000000000e+00
1.133674476295709610e-02 3.955117426812648773e-03 0.000000000000000000e+00 0.000000000000000000e+00 0.000000000000000000e+00 2.387201413512229919e-03 0.000000000000000000e+00 3.006903221830725670e-03 8.541549555957317352e-03 9.606501087546348572e-03 6.860711728222668171e-04
0.000000000000000000e+00 7.501260377466678619e-03 0.000000000000000000e+00 0.000000000000000000e+00 4.717308562248945236e-03 0.000000000000000000e+00 7.982888258993625641e-03 1.326102297753095627e-03 0.000000000000000000e+00 0.000000000000000000e+00 7.165815215557813644e-03
0.000000000000000000e+00 0.000000000000000000e+00 8.049697615206241608e-03 7.482559303753077984e-04 0.000000000000000000e+00 4.507259465754032135e-03 8.794913999736309052e-03 0.000000000000000000e+00 4.853596328757703304e-04 0.000000000000000000e+00 2.839290536940097809e-03
8.327775634825229645e-03 1.560717727988958359e-02 6.810281891375780106e-03 0.000000000000000000e+00 5.409212782979011536e-02 6.869628559798002243e-03 1.812428585253655910e-03 0.000000000000000000e+00 4.132261499762535095e-03 2.378722885623574257e-03 1.199922524392604828e-02
0.000000000000000000e+00 0.000000000000000000e+00 7.726413059572223574e-06 3.556010142347076908e-06 1.311547657678602263e-05 0.000000000000000000e+00 5.960641374258557335e-06 5.684727966581704095e-06 0.000000000000000000e+00 5.035101821704301983e-06 0.000000000000000000e+00
