0.000000000000000000e+00 2.265122253447771072e-03 2.962380880489945412e-03 0.000000000000000000e+00 0.000000000000000000e+00 0.000000000000000000e+00 8.534947410225868225e-03 6.332422606647014618e-03 5.899368319660425186e-03 0.000000000000000000e+00 0.000000000000000000e+00
0.000000000000000000e+00 0.000000000000000000e+00 4.085241816937923431e-03 3.287856001406908035e-03 0.000000000000000000e+00 2.835185965523123741e-03 6.171185057610273361e-03 0.000000000000000000e+00 0.000000000000000000e+00 0.000000000000000000e+00 6.798535119742155075e-03
0.000000000000000000e+00 3.470920724794268608e-03 0.000000000000000000e+00 0.000000000000000000e+00 0.000000000000000000e+00 6.341494619846343994e-03 6.961897481232881546e-03 0.000000000000000000e+00 0.000000000000000000e+00 1.402734778821468353e-03 9.407986071892082691e-04
3.648422425612807274e-03 1.062614028342068195e-03 0.000000000000000000e+00 0.000000000000000000e+00 0.000000000000000000e+00 1.823104568757116795e-03 4.091716837137937546e-03 1.789944618940353394e-02 4.044877365231513977e-03 5.859824828803539276e-03 0.000000000000000000e+00
1.036153917084448040e-04 2.840892120730131865e-04 2.171093947254121304e-04 2.021006512222811580e-04 0.000000000000000000e+00 1.158049853984266520e-04 1.780363236321136355e-04 9.618871990824118257e-05 2.238665911136195064e-04 2.655329881235957146e-04 5.747628747485578060e-04
0.000000000000000000e+00 0.000000000000000000e+00 0.000000000000000000e+00 0.000000000000000000e+00 0.000000000000000000e+00 0.000000000000000000e+00 0.000000000000000000e+00 0.000000000000000000e+00 0.000000000000000000e+00 0.000000000000000000e+00 4.336808689942017736e-19
0.000000000000000000e+00 7.341652642935514450e-03 0.000000000000000000e+00 1.275373250246047974e-02 0.000000000000000000e+00 4.472355823963880539e-03 2.744477009400725365e-03 0.000000000000000000e+00 0.000000000000000000e+00 4.838311579078435898e-03 1.533427159301936626e-03
0.000000000000000000e+00 1.981485635042190552e-03 0.000000000000000000e+00 0.000000000000000000e+00 0.000000000000000000e+00 0.000000000000000000e+00 0.000000000000000000e+00 0.000000000000000000e+00 3.364303556736558676e-04 0.000000000000000000e+00 4.054036457091569901e-03
0.000000000000000000e+00 0.000000000000000000e+00 1.701744855381548405e-03 5.920410621911287308e-03 0.000000000000000000e+00 0.000000000000000000e+00 2.071384107694029808e-03 0.000000000000000000e+00 9.679427021183073521e-04 0.000000000000000000e+00 4.351349081844091415e-03
1.675280928611755371e-02 2.969980705529451370e-03 5.843372084200382233e-03 0.000000000000000000e+00 3.691904991865158081e-02 0.000000000000000000e+00 1.217853161506354809e-03 0.000000000000000000e+00 6.059411913156509399e-03 0.000000000000000000e+00 1.045564934611320496e-02
0.000000000000000000e+00 0.000000000000000000e+00 1.905238150357035920e-06 1.178271304524969310e-06 4.629536761058261618e-06 0.000000000000000000e+00 9.383865062773111276e-07 2.823274371621664613e-06 0.000000000000000000e+00 3.191968971805181354e-06 0.000000000000000000e+00
