0.000000000000000000e+00 0.000000000000000000e+00 2.343528438359498978e-03 0.000000000000000000e+00 0.000000000000000000e+00 0.000000000000000000e+00 0.000000000000000000e+00 4.676113021560013294e-04 0.000000000000000000e+00 0.000000000000000000e+00 0.000000000000000000e+00
1.351006515324115753e-02 0.000000000000000000e+00 0.000000000000000000e+00 3.189210779964923859e-03 0.000000000000000000e+00 8.531107450835406780e-04 6.865588948130607605e-03 0.000000000000000000e+00 0.000000000000000000e+00 0.000000000000000000e+00 2.125706756487488747e-03
0.000000000000000000e+00 0.000000000000000000e+00 1.569581567309796810e-03 0.000000000000000000e+00 0.000000000000000000e+00 0.000000000000000000e+00 2.309987321496009827e-03 0.000000000000000000e+00 0.000000000000000000e+00 7.413147948682308197e-03 0.000000000000000000e+00
5.819414276629686356e-03 8.331506513059139252e-03 0.000000000000000000e+00 0.000000000000000000e+00 6.273175124078989029e-03 0.000000000000000000e+00 5.772726610302925110e-03 1.285820920020341873e-02 1.860348711488768458e-04 0.000000000000000000e+00 0.000000000000000000e+00
3.119969333056360483e-04 4.227386671118438244e-04 5.142696318216621876e-04 2.355022297706454992e-04 0.000000000000000000e+00 4.194892244413495064e-04 2.073365030810236931e-04 1.701919827610254288e-04 3.284590493422001600e-04 5.914388457313179970e-04 9.860956342890858650e-04
0.000000000000000000e+00 0.000000000000000000e+00 0.000000000000000000e+00 0.000000000000000000e+00 0.000000000000000000e+00 7.848536595702171326e-03 0.000000000000000000e+00 0.000000000000000000e+00 0.000000000000000000e+00 0.000000000000000000e+00 0.000000000000000000e+00
1.597575144842267036e-03 7.329369429498910904e-03 0.000000000000000000e+00 2.961551072075963020e-03 0.000000000000000000e+00 2.061749808490276337e-03 6.152326823212206364e-04 6.714077200740575790e-03 3.779665566980838776e-03 2.104647923260927200e-03 3.962277434766292572e-03
0.000000000000000000e+00 3.051710315048694611e-03 0.000000000000000000e+00 1.674684812314808369e-03 0.000000000000000000e+00 0.000000000000000000e+00 1.032538595609366894e-03 0.000000000000000000e+00 5.532319657504558563e-03 1.583729754202067852e-03 0.000000000000000000e+00
0.000000000000000000e+00 0.000000000000000000e+00 7.213240955024957657e-03 4.926226567476987839e-03 0.000000000000000000e+00 2.462094998918473721e-04 1.300278399139642715e-02 0.000000000000000000e+00 0.000000000000000000e+00 9.936995804309844971e-03 5.967083387076854706e-03
8.319392800331115723e-03 0.000000000000000000e+00 3.893278073519468307e-03 0.000000000000000000e+00 3.824863582849502563e-02 0.000000000000000000e+00 2.624377375468611717e-03 0.000000000000000000e+00 1.882690237835049629e-03 0.000000000000000000e+00 6.804340053349733353e-03
0.000000000000000000e+00 0.000000000000000000e+00 8.172272828232962638e-06 3.128214530079276301e-06 1.303640601690858603e-05 0.000000000000000000e+00 5.743527822232863400e-07 3.833396476693451405e-06 0.000000000000000000e+00 2.031857775364187546e-06 0.000000000000000000e+00
