0.000000000000000000e+00 0.000000000000000000e+00 5.499403458088636398e-03 0.000000000000000000e+00 0.000000000000000000e+00 0.000000000000000000e+00 7.267905864864587784e-03 0.000000000000000000e+00 3.366049379110336304e-03 0.000000000000000000e+00 0.000000000000000000e+00
1.131718885153532028e-02 0.000000000000000000e+00 4.003841604571789503e-04 0.000000000000000000e+00 0.000000000000000000e+00 0.000000000000000000e+00 2.077876590192317963e-03 8.515053777955472469e-04 0.000000000000000000e+00 0.000000000000000000e+00 0.000000000000000000e+00
0.000000000000000000e+00 6.380077917128801346e-03 2.016190672293305397e-03 3.314465750008821487e-03 0.000000000000000000e+00 7.947631180286407471e-03 9.110779501497745514e-03 0.000000000000000000e+00 1.081584114581346512e-02 0.000000000000000000e+00 0.000000000000000000e+00
1.085786055773496628e-02 0.000000000000000000e+00 9.152805432677268982e-03 1.945774652995169163e-03 6.720666307955980301e-03 0.000000000000000000e+00 0.000000000000000000e+00 1.174714788794517517e-02 5.361504852771759033e-03 8.942781947553157806e-03 0.000000000000000000e+00
1.213109862874262035e-04 2.806861884891986847e-04 2.599842846393585205e-04 3.554568393155932426e-04 0.000000000000000000e+00 2.496283850632607937e-04 1.271307119168341160e-04 1.501811930211260915e-04 2.234615531051531434e-04 2.928754547610878944e-04 7.824650383554399014e-04
0.000000000000000000e+00 0.000000000000000000e+00 0.000000000000000000e+00 0.000000000000000000e+00 0.000000000000000000e+00 0.000000000000000000e+00 0.000000000000000000e+00 0.000000000000000000e+00 0.000000000000000000e+00 0.000000000000000000e+00 0.000000000000000000e+00
1.140465866774320602e-02 8.801006712019443512e-03 0.000000000000000000e+00 1.545085833640769124e-04 0.000000000000000000e+00 5.466740578413009644e-03 2.369785681366920471e-03 2.928895642980933189e-03 1.390691613778471947e-04 0.000000000000000000e+00 2.421251032501459122e-03
0.000000000000000000e+00 5.233510863035917282e-03 0.000000000000000000e+00 0.000000000000000000e+00 1.256840769201517105e-03 3.545524552464485168e-03 3.436852712184190750e-04 2.309410629095509648e-04 7.657015230506658554e-03 0.000000000000000000e+00 1.090798876248300076e-03
0.000000000000000000e+00 2.106448635458946228e-03 3.055646375287324190e-04 0.000000000000000000e+00 0.000000000000000000e+00 0.000000000000000000e+00 8.083849214017391205e-03 0.000000000000000000e+00 0.000000000000000000e+00 1.051220693625509739e-03 7.611268199980258942e-03
2.420446369796991348e-03 0.000000000000000000e+00 9.229592978954315186e-03 0.000000000000000000e+00 4.157353192567825317e-02 1.401884364895522594e-03 1.697776955552399158e-03 0.000000000000000000e+00 7.255773060023784637e-03 0.000000000000000000e+00 8.566997945308685303e-03
0.000000000000000000e+00 0.000000000000000000e+00 4.017195351480040699e-06 4.762450771522708237e-07 7.932094376883469522e-06 0.000000000000000000e+00 9.244730563295888714e-07 2.442490085741155781e-06 0.000000000000000000e+00 2.598125547592644580e-06 0.000000000000000000e+00
