0.000000000000000000e+00 0.000000000000000000e+00 4.993953625671565533e-04 0.000000000000000000e+00 0.000000000000000000e+00 0.000000000000000000e+00 1.403561211191117764e-03 0.000000000000000000e+00 0.000000000000000000e+00 0.000000000000000000e+00 0.000000000000000000e+00
1.602823287248611450e-02 0.000000000000000000e+00 3.480049315840005875e-03 3.587990067899227142e-03 0.000000000000000000e+00 0.000000000000000000e+00 1.154736615717411041e-03 0.000000000000000000e+00 3.625905839726328850e-03 0.000000000000000000e+00 0.000000000000000000e+00
4.413318238221108913e-04 1.078514847904443741e-02 0.000000000000000000e+00 2.086337481159716845e-04 0.000000000000000000e+00 7.432404439896345139e-03 6.653979886323213577e-03 0.000000000000000000e+00 1.230147201567888260e-02 5.659016314893960953e-04 0.000000000000000000e+00
1.538044586777687073e-02 0.000000000000000000e+00 0.000000000000000000e+00 0.000000000000000000e+00 9.768864139914512634e-03 7.233736105263233185e-04 0.000000000000000000e+00 7.553625386208295822e-03 6.830834317952394485e-04 0.000000000000000000e+00 0.000000000000000000e+00
0.000000000000000000e+00 2.346655091969296336e-04 2.225000644102692604e-04 3.412343794479966164e-04 2.710505431213761085e-20 3.321459807921200991e-04 1.180087056127376854e-04 1.953321625478565693e-04 1.659014524193480611e-04 4.985896521247923374e-04 8.444290142506361008e-04
0.000000000000000000e+00 0.000000000000000000e+00 0.000000000000000000e+00 0.000000000000000000e+00 0.000000000000000000e+00 9.708514437079429626e-03 0.000000000000000000e+00 0.000000000000000000e+00 0.000000000000000000e+00 0.000000000000000000e+00 0.000000000000000000e+00
7.891349494457244873e-03 9.578367695212364197e-03 0.000000000000000000e+00 0.000000000000000000e+00 0.000000000000000000e+00 3.928591497242450714e-03 9.753697551786899567e-03 9.222654625773429871e-03 1.358425989747047424e-02 7.194593548774719238e-03 9.995588334277272224e-04
0.000000000000000000e+00 3.193883690983057022e-03 0.000000000000000000e+00 2.462164033204317093e-03 0.000000000000000000e+00 2.912242896854877472e-03 1.611235202290117741e-03 8.651072857901453972e-04 7.257323246449232101e-03 0.000000000000000000e+00 0.000000000000000000e+00
0.000000000000000000e+00 6.780671421438455582e-03 0.000000000000000000e+00 0.000000000000000000e+00 4.485539626330137253e-03 0.000000000000000000e+00 5.968579556792974472e-03 0.000000000000000000e+00 0.000000000000000000e+00 3.327249083667993546e-03 6.990073597989976406e-04
8.790048304945230484e-04 7.090972736477851868e-03 1.503260619938373566e-02 0.000000000000000000e+00 3.859610483050346375e-02 0.000000000000000000e+00 0.000000000000000000e+00 0.000000000000000000e+00 1.137145049870014191e-02 0.000000000000000000e+00 7.349533028900623322e-03
0.000000000000000000e+00 1.207613081533054356e-06 1.674373015703167766e-05 2.583134346423321404e-06 2.241367656097281724e-05 0.000000000000000000e+00 3.441916760493768379e-06 2.920053930210997351e-06 7.903651749074924737e-06 1.634280465623305645e-06 0.000000000000000000e+00
