0.000000000000000000e+00 2.970641899108886719e+01 5.897569335937500000e+03 0.000000000000000000e+00 0.000000000000000000e+00 0.000000000000000000e+00 7.295390625000000000e+04 5.528026123046875000e+02 2.514695167541503906e+00 1.777893304824829102e+00 0.000000000000000000e+00
1.252611523437500000e+04 0.000000000000000000e+00 7.288889648437500000e+03 1.814468750000000000e+04 1.294565963745117188e+01 1.026319726562500000e+04 7.326706054687500000e+03 4.744262207031250000e+03 9.830436902120709419e-04 1.136525726318359375e+02 1.330981445312500000e+04
3.408566284179687500e+01 1.142985058593750000e+04 3.983442687988281250e+01 2.617716796875000000e+04 9.592407989501953125e+01 2.591762207031250000e+03 1.330361328125000000e+02 6.460665893554687500e+01 4.081770996093750000e+03 1.633357696533203125e+02 2.093659400939941406e+01
3.058124511718750000e+03 8.360532760620117188e+00 1.479770117187500000e+04 1.119461328125000000e+04 9.719329833984375000e+01 7.695372070312500000e+03 1.738534240722656250e+02 2.422896423339843750e+02 9.080201721191406250e+01 4.473057556152343750e+01 6.386084747314453125e+01
1.015660285949707031e+00 2.776880025863647461e+00 1.815593719482421875e+00 2.378908872604370117e+00 1.608094990501740540e-08 1.131827354431152344e+00 2.034984588623046875e+00 1.705420494079589844e+00 2.492958068847656250e+00 4.856620788574218750e+00 1.227185058593750000e+01
0.000000000000000000e+00 0.000000000000000000e+00 0.000000000000000000e+00 0.000000000000000000e+00 0.000000000000000000e+00 9.017204865813255310e-05 0.000000000000000000e+00 0.000000000000000000e+00 0.000000000000000000e+00 0.000000000000000000e+00 6.130564429440710228e-07
3.715868750000000000e+04 6.940703125000000000e+03 6.064769268035888672e+00 6.439039611816406250e+01 1.605000195312500000e+04 1.386564697265625000e+03 1.282046437263488770e+00 1.767893791198730469e+01 1.713072265625000000e+04 3.227640991210937500e+02 1.848150390625000000e+04
0.000000000000000000e+00 3.499988281250000000e+04 5.448167037963867188e+01 1.779719889163970947e-01 2.562641796875000000e+04 2.082471176981925964e-02 6.219353675842285156e+00 2.582234954833984375e+01 4.636303515625000000e+04 8.608539581298828125e+00 0.000000000000000000e+00
6.715588867187500000e+03 1.003590316772460938e+02 1.471755175781250000e+04 9.088122558593750000e+01 1.510969734191894531e+01 1.181901168823242188e+02 1.122299707031250000e+04 7.955734863281250000e+03 1.480565551757812500e+03 1.977558016777038574e+00 5.517708496093750000e+03
0.000000000000000000e+00 0.000000000000000000e+00 0.000000000000000000e+00 0.000000000000000000e+00 0.000000000000000000e+00 0.000000000000000000e+00 0.000000000000000000e+00 0.000000000000000000e+00 0.000000000000000000e+00 0.000000000000000000e+00 0.000000000000000000e+00
0.000000000000000000e+00 6.645181681960821152e-03 3.434626013040542603e-02 3.176615282427519560e-04 1.705333292484283447e-01 0.000000000000000000e+00 4.031471326015889645e-04 5.456423759460449219e-02 0.000000000000000000e+00 4.732679575681686401e-02 1.606375735718756914e-04
