1.394971041008830070e-03 7.367463316768407822e-03 9.987991303205490112e-03 1.993018435314297676e-03 7.468676699318166357e-07 3.261627862229943275e-04 1.010740827769041061e-02 1.022195816040039062e-02 8.768903091549873352e-03 7.051588967442512512e-03 3.575207074391073547e-06
6.394245624542236328e-01 0.000000000000000000e+00 6.275191040039062500e+02 3.120477497577667236e-01 8.231725543737411499e-02 2.012098953127861023e-02 4.568009823560714722e-02 4.628751426935195923e-02 9.736475348472595215e-02 5.008014664053916931e-02 7.942932844161987305e-02
4.263973999023437500e+01 1.474582519531250000e+02 2.710422575473785400e-01 7.774750888347625732e-02 3.815259784460067749e-02 2.222999572753906250e+02 1.216326446533203125e+02 3.005121834576129913e-03 0.000000000000000000e+00 1.104785203933715820e+00 7.055317610138445161e-07
6.177185668945312500e+02 2.746270596981048584e-02 4.317076527513563633e-04 1.313816569745540619e-02 6.127300366642884910e-06 2.041958570480346680e-01 1.560280844569206238e-02 5.331709608435630798e-02 3.142690062522888184e-01 1.556610316038131714e-02 4.291207460482837632e-07
1.723905093967914581e-02 5.834691226482391357e-02 3.775336593389511108e-02 2.984097227454185486e-02 0.000000000000000000e+00 3.367853164672851562e-02 3.822940587997436523e-02 4.471254535019397736e-03 1.872019097208976746e-02 4.450968652963638306e-02 1.547504067420959473e-01
0.000000000000000000e+00 1.002395765681285411e-05 9.667292237281799316e-03 0.000000000000000000e+00 0.000000000000000000e+00 7.412557601928710938e-01 7.286497857421636581e-04 0.000000000000000000e+00 0.000000000000000000e+00 8.389476686716079712e-02 1.163311958312988281e+00
3.809846639633178711e-01 2.132992248535156250e+02 1.835542389017064124e-05 2.474556274414062500e+02 0.000000000000000000e+00 5.054183578491210938e+01 2.072605133056640625e+02 3.111051619052886963e-01 1.146300315856933594e+00 1.119353256225585938e+02 1.300302594900131226e-01
0.000000000000000000e+00 4.968016662597656250e+02 5.641447901725769043e-01 1.007835453492589295e-05 2.057737447103136219e-06 4.920332133769989014e-02 3.184256591796875000e+02 0.000000000000000000e+00 1.032596919685602188e-03 1.409707218408584595e-02 3.433211147785186768e-02
2.228133380413055420e-02 2.876763916015625000e+02 5.242778453975915909e-03 5.474592285156250000e+02 1.641026610741391778e-04 1.024834823608398438e+01 4.198384094238281250e+02 1.993734741210937500e+02 1.895568542480468750e+02 1.398860473632812500e+02 4.114790558815002441e-01
1.063141822814941406e-01 1.563784778118133545e-01 1.000630617141723633e+00 6.033977842889726162e-04 2.093070507049560547e+00 1.015787438518600538e-05 1.247727125883102417e-02 1.939311921596527100e-01 1.028877377510070801e+00 0.000000000000000000e+00 9.891314506530761719e-01
0.000000000000000000e+00 5.290181888994993642e-06 8.575835381634533405e-04 6.366414891090244055e-05 1.455858815461397171e-03 0.000000000000000000e+00 2.239074819954112172e-04 9.247566340491175652e-04 1.587244041729718447e-04 9.102767216973006725e-04 0.000000000000000000e+00
