0.000000000000000000e+00 0.000000000000000000e+00 2.164445584639906883e-03 0.000000000000000000e+00 0.000000000000000000e+00 0.000000000000000000e+00 8.835101500153541565e-03 5.501286126673221588e-03 3.601027652621269226e-03 0.000000000000000000e+00 0.000000000000000000e+00
1.063550822436809540e-02 0.000000000000000000e+00 1.626577973365783691e-02 6.987583823502063751e-03 0.000000000000000000e+00 0.000000000000000000e+00 8.373930118978023529e-03 0.000000000000000000e+00 0.000000000000000000e+00 0.000000000000000000e+00 0.000000000000000000e+00
0.000000000000000000e+00 3.744119312614202499e-03 0.000000000000000000e+00 0.000000000000000000e+00 0.000000000000000000e+00 1.588819781318306923e-03 6.009685806930065155e-03 0.000000000000000000e+00 0.000000000000000000e+00 5.003004800528287888e-03 0.000000000000000000e+00
5.619215313345193863e-03 0.000000000000000000e+00 0.000000000000000000e+00 4.684763494879007339e-03 9.514192119240760803e-03 0.000000000000000000e+00 0.000000000000000000e+00 1.243404485285282135e-02 5.326840910129249096e-04 3.322805743664503098e-03 0.000000000000000000e+00
1.745104818837717175e-04 4.873147699981927872e-04 3.316286893095821142e-04 2.247750671813264489e-04 0.000000000000000000e+00 3.268058062531054020e-04 3.299049567431211472e-04 2.270292461616918445e-04 2.613463439047336578e-04 3.593057335820049047e-04 9.828960755839943886e-04
0.000000000000000000e+00 0.000000000000000000e+00 0.000000000000000000e+00 0.000000000000000000e+00 0.000000000000000000e+00 7.955688488436862826e-05 0.000000000000000000e+00 0.000000000000000000e+00 0.000000000000000000e+00 0.000000000000000000e+00 0.000000000000000000e+00
7.193504367023706436e-03 0.000000000000000000e+00 2.473753120284527540e-04 0.000000000000000000e+00 0.000000000000000000e+00 9.454688057303428650e-03 6.212865933775901794e-03 0.000000000000000000e+00 1.167776063084602356e-02 5.269164219498634338e-03 0.000000000000000000e+00
0.000000000000000000e+00 0.000000000000000000e+00 0.000000000000000000e+00 3.236287971958518028e-03 6.004124879837036133e-03 0.000000000000000000e+00 0.000000000000000000e+00 8.703059284016489983e-04 3.724381793290376663e-03 0.000000000000000000e+00 0.000000000000000000e+00
0.000000000000000000e+00 0.000000000000000000e+00 2.211506245657801628e-03 0.000000000000000000e+00 0.000000000000000000e+00 0.000000000000000000e+00 6.011888384819030762e-03 0.000000000000000000e+00 0.000000000000000000e+00 4.273851867765188217e-03 1.111654657870531082e-02
2.717532683163881302e-03 1.434340723790228367e-03 9.979796595871448517e-03 0.000000000000000000e+00 3.532940521836280823e-02 0.000000000000000000e+00 0.000000000000000000e+00 4.293342120945453644e-03 1.914374157786369324e-02 0.000000000000000000e+00 1.774188876152038574e-02
0.000000000000000000e+00 0.000000000000000000e+00 6.003248472552513704e-06 2.428001380394562148e-06 7.280375029949937016e-06 0.000000000000000000e+00 2.351273451495217159e-06 5.736294951930176467e-06 0.000000000000000000e+00 5.796031928184675053e-06 0.000000000000000000e+00
