0.000000000000000000e+00 1.686887466348707676e-03 5.889154504984617233e-03 0.000000000000000000e+00 0.000000000000000000e+00 0.000000000000000000e+00 3.904073033481836319e-03 9.177532047033309937e-03 2.006157767027616501e-03 0.000000000000000000e+00 0.000000000000000000e+00
8.470861241221427917e-03 0.000000000000000000e+00 1.036388427019119263e-02 4.193099215626716614e-03 0.000000000000000000e+00 2.955689793452620506e-03 1.446307142032310367e-04 1.427529728971421719e-03 4.072601906955242157e-03 0.000000000000000000e+00 0.000000000000000000e+00
0.000000000000000000e+00 7.594744209200143814e-03 2.732735127210617065e-03 3.008664862136356533e-06 1.861720578745007515e-03 1.048451755195856094e-02 1.213704352267086506e-03 0.000000000000000000e+00 0.000000000000000000e+00 5.305261351168155670e-03 1.201995066367089748e-03
1.319397427141666412e-02 0.000000000000000000e+00 0.000000000000000000e+00 0.000000000000000000e+00 0.000000000000000000e+00 4.412852693349123001e-03 5.126865115016698837e-03 8.366158232092857361e-03 0.000000000000000000e+00 0.000000000000000000e+00 0.000000000000000000e+00
2.783211311907507479e-05 1.243808219442144036e-04 0.000000000000000000e+00 5.694008723367005587e-05 0.000000000000000000e+00 0.000000000000000000e+00 9.836396930040791631e-05 0.000000000000000000e+00 6.866268813610076904e-05 9.701712406240403652e-05 2.590831427369266748e-04
0.000000000000000000e+00 0.000000000000000000e+00 0.000000000000000000e+00 0.000000000000000000e+00 0.000000000000000000e+00 0.000000000000000000e+00 0.000000000000000000e+00 0.000000000000000000e+00 0.000000000000000000e+00 0.000000000000000000e+00 1.412188867107033730e-03
0.000000000000000000e+00 5.551871377974748611e-03 0.000000000000000000e+00 5.099237896502017975e-03 5.981295835226774216e-03 3.212821669876575470e-03 4.166610073298215866e-03 4.619386047124862671e-03 3.700564266182482243e-04 9.171050973236560822e-03 2.222102135419845581e-03
0.000000000000000000e+00 4.317245446145534515e-03 0.000000000000000000e+00 0.000000000000000000e+00 0.000000000000000000e+00 0.000000000000000000e+00 8.470741886412724853e-05 6.842989823780953884e-04 5.076949018985033035e-04 0.000000000000000000e+00 1.857973285950720310e-03
0.000000000000000000e+00 2.297241473570466042e-03 2.347711706534028053e-03 2.540050772950053215e-03 0.000000000000000000e+00 0.000000000000000000e+00 0.000000000000000000e+00 3.067118086619302630e-05 5.740366410464048386e-03 0.000000000000000000e+00 0.000000000000000000e+00
4.142267629504203796e-03 5.357110407203435898e-03 9.224969893693923950e-03 0.000000000000000000e+00 3.386418148875236511e-02 0.000000000000000000e+00 0.000000000000000000e+00 0.000000000000000000e+00 4.130204208195209503e-03 5.704169627279043198e-03 6.664617452770471573e-03
0.000000000000000000e+00 0.000000000000000000e+00 3.519682650221511722e-06 1.775523060132400133e-06 5.147197953192517161e-06 0.000000000000000000e+00 1.015496422951400746e-06 1.452363420639812830e-07 0.000000000000000000e+00 2.620098030092776753e-06 0.000000000000000000e+00
