0.000000000000000000e+00 7.918125949800014496e-03 0.000000000000000000e+00 0.000000000000000000e+00 0.000000000000000000e+00 0.000000000000000000e+00 0.000000000000000000e+00 0.000000000000000000e+00 0.000000000000000000e+00 0.000000000000000000e+00 0.000000000000000000e+00
2.456746064126491547e-03 0.000000000000000000e+00 3.148426185362040997e-04 0.000000000000000000e+00 1.599033275851979852e-04 0.000000000000000000e+00 0.000000000000000000e+00 0.000000000000000000e+00 0.000000000000000000e+00 0.000000000000000000e+00 7.881015189923346043e-04
0.000000000000000000e+00 9.133319370448589325e-03 4.367348272353410721e-03 0.000000000000000000e+00 0.000000000000000000e+00 9.453075006604194641e-03 0.000000000000000000e+00 0.000000000000000000e+00 0.000000000000000000e+00 0.000000000000000000e+00 0.000000000000000000e+00
1.315957284532487392e-03 0.000000000000000000e+00 0.000000000000000000e+00 0.000000000000000000e+00 9.801838546991348267e-03 1.396857434883713722e-03 0.000000000000000000e+00 4.065418150275945663e-03 0.000000000000000000e+00 0.000000000000000000e+00 0.000000000000000000e+00
7.624240970471873879e-05 2.422433317406103015e-04 1.469826820539310575e-04 1.645184383960440755e-04 0.000000000000000000e+00 1.711976947262883186e-04 1.612691849004477262e-04 8.672091098560485989e-06 1.491253060521557927e-04 8.831323066260665655e-05 4.595759091898798943e-04
0.000000000000000000e+00 0.000000000000000000e+00 0.000000000000000000e+00 0.000000000000000000e+00 0.000000000000000000e+00 0.000000000000000000e+00 0.000000000000000000e+00 0.000000000000000000e+00 0.000000000000000000e+00 0.000000000000000000e+00 0.000000000000000000e+00
1.080358168110251427e-03 4.573259502649307251e-03 0.000000000000000000e+00 0.000000000000000000e+00 0.000000000000000000e+00 0.000000000000000000e+00 7.567397784441709518e-03 0.000000000000000000e+00 6.449536886066198349e-03 7.614225614815950394e-03 5.008340813219547272e-03
0.000000000000000000e+00 6.137181539088487625e-03 5.276567302644252777e-03 0.000000000000000000e+00 0.000000000000000000e+00 0.000000000000000000e+00 0.000000000000000000e+00 0.000000000000000000e+00 3.071503713726997375e-03 0.000000000000000000e+00 0.000000000000000000e+00
0.000000000000000000e+00 8.609431795775890350e-03 0.000000000000000000e+00 0.000000000000000000e+00 0.000000000000000000e+00 9.243090637028217316e-03 0.000000000000000000e+00 0.000000000000000000e+00 0.000000000000000000e+00 1.770878880051895976e-04 5.189427174627780914e-03
2.865596208721399307e-03 8.553148247301578522e-03 7.668288890272378922e-03 0.000000000000000000e+00 3.685718402266502380e-02 2.328177215531468391e-03 0.000000000000000000e+00 0.000000000000000000e+00 0.000000000000000000e+00 0.000000000000000000e+00 3.442792454734444618e-03
0.000000000000000000e+00 0.000000000000000000e+00 2.055882077911519445e-06 0.000000000000000000e+00 3.624807050073286518e-06 0.000000000000000000e+00 6.907825991220306605e-07 1.413733912158932071e-06 0.000000000000000000e+00 1.783481593520264141e-06 0.000000000000000000e+00
