0.000000000000000000e+00 0.000000000000000000e+00 0.000000000000000000e+00 0.000000000000000000e+00 0.000000000000000000e+00 0.000000000000000000e+00 0.000000000000000000e+00 0.000000000000000000e+00 0.000000000000000000e+00 0.000000000000000000e+00 0.000000000000000000e+00
1.482880860567092896e-02 0.000000000000000000e+00 3.383869538083672523e-03 9.855757467448711395e-03 4.687196109443902969e-03 0.000000000000000000e+00 0.000000000000000000e+00 0.000000000000000000e+00 0.000000000000000000e+00 0.000000000000000000e+00 2.181543968617916107e-03
0.000000000000000000e+00 0.000000000000000000e+00 4.336582031100988388e-03 3.261046484112739563e-03 1.515304786153137684e-03 0.000000000000000000e+00 3.857155796140432358e-03 0.000000000000000000e+00 1.588051090948283672e-03 3.961422014981508255e-03 0.000000000000000000e+00
8.320209570229053497e-03 0.000000000000000000e+00 0.000000000000000000e+00 6.971599068492650986e-04 5.483016371726989746e-03 0.000000000000000000e+00 0.000000000000000000e+00 1.259877812117338181e-02 5.482190754264593124e-04 0.000000000000000000e+00 0.000000000000000000e+00
0.000000000000000000e+00 3.409000419196672738e-05 1.275422546314075589e-04 5.212943051446927711e-06 0.000000000000000000e+00 1.132207762566395104e-04 0.000000000000000000e+00 0.000000000000000000e+00 3.189344351994805038e-05 9.917582792695611715e-05 4.344189947005361319e-04
0.000000000000000000e+00 0.000000000000000000e+00 0.000000000000000000e+00 0.000000000000000000e+00 0.000000000000000000e+00 3.116803243756294250e-03 0.000000000000000000e+00 0.000000000000000000e+00 0.000000000000000000e+00 0.000000000000000000e+00 0.000000000000000000e+00
9.806163609027862549e-03 5.406591575592756271e-03 0.000000000000000000e+00 0.000000000000000000e+00 0.000000000000000000e+00 1.778691075742244720e-03 6.447005434893071651e-04 2.366645727306604385e-03 5.012254230678081512e-03 1.370770204812288284e-02 6.782718468457460403e-03
0.000000000000000000e+00 0.000000000000000000e+00 3.409511875361204147e-03 2.144302241504192352e-03 0.000000000000000000e+00 0.000000000000000000e+00 0.000000000000000000e+00 0.000000000000000000e+00 9.480837732553482056e-03 6.259614601731300354e-04 0.000000000000000000e+00
0.000000000000000000e+00 1.012554671615362167e-02 2.520539797842502594e-03 2.208065270679071546e-04 0.000000000000000000e+00 0.000000000000000000e+00 1.908832928165793419e-03 2.346344059333205223e-03 0.000000000000000000e+00 2.369386143982410431e-03 7.537317462265491486e-03
1.011460274457931519e-02 5.291378591209650040e-03 1.351713389158248901e-02 0.000000000000000000e+00 3.930288180708885193e-02 8.985454333014786243e-04 1.941259135492146015e-03 1.418840256519615650e-03 1.474251504987478256e-03 0.000000000000000000e+00 7.216888479888439178e-03
0.000000000000000000e+00 1.181898255708802026e-06 4.528973477135878056e-06 3.500312573123665061e-07 8.272420927823986858e-06 0.000000000000000000e+00 3.160276946800877340e-06 2.440544676574063487e-06 3.971345563513750676e-07 4.329311195760965347e-06 0.000000000000000000e+00
