0.000000000000000000e+00 0.000000000000000000e+00 4.343311302363872528e-03 0.000000000000000000e+00 0.000000000000000000e+00 0.000000000000000000e+00 7.051636930555105209e-04 2.768580103293061256e-03 0.000000000000000000e+00 0.000000000000000000e+00 0.000000000000000000e+00
1.170989777892827988e-02 0.000000000000000000e+00 2.908973721787333488e-03 8.548764511942863464e-03 0.000000000000000000e+00 0.000000000000000000e+00 0.000000000000000000e+00 0.000000000000000000e+00 0.000000000000000000e+00 0.000000000000000000e+00 5.569562781602144241e-03
1.925075775943696499e-03 9.719838271848857403e-04 0.000000000000000000e+00 5.212589749135077000e-04 2.317265840247273445e-03 7.716042455285787582e-03 1.818341435864567757e-03 0.000000000000000000e+00 4.877389874309301376e-03 7.991741411387920380e-03 0.000000000000000000e+00
1.261741481721401215e-02 0.000000000000000000e+00 0.000000000000000000e+00 0.000000000000000000e+00 1.582758966833353043e-03 0.000000000000000000e+00 0.000000000000000000e+00 1.106535177677869797e-02 9.827418252825737000e-04 2.289995463797822595e-04 0.000000000000000000e+00
1.235282106790691614e-04 1.630473852856084704e-04 2.582707093097269535e-04 5.781002982985228300e-05 1.355252715606880543e-20 1.240946730831637979e-04 5.073015199741348624e-05 0.000000000000000000e+00 7.669517799513414502e-05 3.925558412447571754e-04 7.897940231487154961e-04
0.000000000000000000e+00 0.000000000000000000e+00 0.000000000000000000e+00 0.000000000000000000e+00 0.000000000000000000e+00 1.124201342463493347e-03 0.000000000000000000e+00 0.000000000000000000e+00 0.000000000000000000e+00 0.000000000000000000e+00 0.000000000000000000e+00
3.659211564809083939e-03 1.652838895097374916e-03 0.000000000000000000e+00 0.000000000000000000e+00 0.000000000000000000e+00 0.000000000000000000e+00 1.720144995488226414e-03 2.742175944149494171e-03 1.474124728702008724e-03 0.000000000000000000e+00 0.000000000000000000e+00
0.000000000000000000e+00 5.431896075606346130e-03 0.000000000000000000e+00 0.000000000000000000e+00 0.000000000000000000e+00 0.000000000000000000e+00 0.000000000000000000e+00 4.903642926365137100e-03 0.000000000000000000e+00 0.000000000000000000e+00 1.665328047238290310e-03
0.000000000000000000e+00 7.287607062608003616e-03 3.256028983741998672e-03 5.545258987694978714e-03 0.000000000000000000e+00 0.000000000000000000e+00 7.872654125094413757e-03 0.000000000000000000e+00 0.000000000000000000e+00 2.978557953611016273e-03 6.685450207442045212e-03
2.414932707324624062e-03 1.118878484703600407e-03 1.790973171591758728e-02 0.000000000000000000e+00 3.104580380022525787e-02 4.759331350214779377e-04 0.000000000000000000e+00 3.105443902313709259e-04 6.833116989582777023e-03 0.000000000000000000e+00 1.269300654530525208e-02
0.000000000000000000e+00 0.000000000000000000e+00 8.221458301704842597e-06 2.241533820779295638e-06 2.030767063843086362e-05 0.000000000000000000e+00 0.000000000000000000e+00 6.494381977972807363e-06 0.000000000000000000e+00 6.813956133555620909e-06 0.000000000000000000e+00
