0.000000000000000000e+00 0.000000000000000000e+00 1.210106071084737778e-03 0.000000000000000000e+00 0.000000000000000000e+00 0.000000000000000000e+00 0.000000000000000000e+00 4.821882117539644241e-03 0.000000000000000000e+00 0.000000000000000000e+00 0.000000000000000000e+00
1.283584628254175186e-02 0.000000000000000000e+00 3.289106301963329315e-03 0.000000000000000000e+00 2.052224939689040184e-03 0.000000000000000000e+00 6.074556615203619003e-03 5.794749013148248196e-04 3.881953889504075050e-03 0.000000000000000000e+00 5.304419319145381451e-04
0.000000000000000000e+00 8.202007738873362541e-04 0.000000000000000000e+00 0.000000000000000000e+00 1.996915234485641122e-04 7.207092363387346268e-03 0.000000000000000000e+00 0.000000000000000000e+00 3.495480399578809738e-03 1.171004399657249451e-02 2.932981820777058601e-03
1.040311716496944427e-02 0.000000000000000000e+00 0.000000000000000000e+00 0.000000000000000000e+00 1.396389491856098175e-02 0.000000000000000000e+00 0.000000000000000000e+00 4.785676486790180206e-03 0.000000000000000000e+00 0.000000000000000000e+00 0.000000000000000000e+00
4.690165224019438028e-05 1.405075454385951161e-04 1.558894873596727848e-04 1.433750730939209461e-04 0.000000000000000000e+00 2.769585116766393185e-04 1.334809930995106697e-04 0.000000000000000000e+00 1.174170029116794467e-04 3.097547159995883703e-04 6.037632701918482780e-04
0.000000000000000000e+00 0.000000000000000000e+00 0.000000000000000000e+00 0.000000000000000000e+00 0.000000000000000000e+00 1.079909969121217728e-03 0.000000000000000000e+00 0.000000000000000000e+00 0.000000000000000000e+00 0.000000000000000000e+00 0.000000000000000000e+00
4.664590582251548767e-03 1.209431909956037998e-03 0.000000000000000000e+00 0.000000000000000000e+00 0.000000000000000000e+00 1.805308042094111443e-03 7.450582925230264664e-03 8.448006585240364075e-03 5.390946287661790848e-03 5.576760508120059967e-03 6.554054096341133118e-03
0.000000000000000000e+00 0.000000000000000000e+00 3.175233490765094757e-03 6.968850502744317055e-04 3.852856811136007309e-03 0.000000000000000000e+00 0.000000000000000000e+00 0.000000000000000000e+00 9.299735538661479950e-03 0.000000000000000000e+00 1.788560803106520325e-05
5.262383259832859039e-03 1.157774869352579117e-02 2.705730032175779343e-03 0.000000000000000000e+00 0.000000000000000000e+00 5.832702852785587311e-03 8.148365654051303864e-03 0.000000000000000000e+00 5.125789321027696133e-04 4.403107333928346634e-03 0.000000000000000000e+00
5.769796203821897507e-03 4.399030469357967377e-03 8.255085907876491547e-03 0.000000000000000000e+00 3.857432305812835693e-02 4.135879222303628922e-03 0.000000000000000000e+00 9.448115597479045391e-04 5.005131009966135025e-03 0.000000000000000000e+00 1.378052122890949249e-02
0.000000000000000000e+00 0.000000000000000000e+00 1.703484258541720919e-06 0.000000000000000000e+00 5.621105628961231560e-06 0.000000000000000000e+00 0.000000000000000000e+00 5.306447405928338412e-07 0.000000000000000000e+00 2.860232939383422490e-07 0.000000000000000000e+00
