1.837430381774902344e+01 7.727413940429687500e+01 8.029501342773437500e+01 4.650792121887207031e+00 4.896519482135772705e-01 2.292919635772705078e+00 8.725720214843750000e+01 9.551776123046875000e+01 7.177822875976562500e+01 5.672781753540039062e+01 1.766367912292480469e+00
2.059051953125000000e+04 0.000000000000000000e+00 2.920238085937500000e+04 1.404223632812500000e+03 2.326341015625000000e+04 8.922064208984375000e+01 3.472482031250000000e+04 1.457157287597656250e+02 2.460910937500000000e+04 1.805597496032714844e+01 2.352381640625000000e+04
1.014446582031250000e+04 5.520994921875000000e+04 1.813904571533203125e+02 6.482590942382812500e+02 1.763561718750000000e+04 1.922844360351562500e+03 1.960734008789062500e+03 1.914282812500000000e+04 2.857400894165039062e+01 1.005079882812500000e+04 1.779636840820312500e+02
2.031545312500000000e+04 1.916266021728515625e+02 9.539367187500000000e+03 1.138277465820312500e+03 1.134324121093750000e+04 5.987169189453125000e+02 3.276981445312500000e+03 9.313229370117187500e+02 1.648409570312500000e+04 5.076420898437500000e+03 3.265909617766737938e-04
4.637782287597656250e+01 8.625354003906250000e+01 2.806009483337402344e+01 7.786344909667968750e+01 0.000000000000000000e+00 2.864083862304687500e+01 4.166018676757812500e+01 3.904697418212890625e+01 5.725984573364257812e+00 8.021217346191406250e+01 1.654266357421875000e+02
0.000000000000000000e+00 0.000000000000000000e+00 0.000000000000000000e+00 0.000000000000000000e+00 0.000000000000000000e+00 0.000000000000000000e+00 0.000000000000000000e+00 0.000000000000000000e+00 0.000000000000000000e+00 0.000000000000000000e+00 7.741757202148437500e+01
3.116226562500000000e+03 2.510754699707031250e+02 6.363546752929687500e+02 2.133632421875000000e+04 9.636365234375000000e+03 1.186333129882812500e+03 3.075791015625000000e+03 9.700261718750000000e+03 5.652299804687500000e+03 1.043127929687500000e+03 1.296155273437500000e+04
2.414493849300924921e-08 3.279173828125000000e+04 2.004799072265625000e+03 9.698981046676635742e-01 8.973800048828125000e+02 3.712645874023437500e+02 1.601179492187500000e+04 8.667545166015625000e+02 6.476466064453125000e+02 2.898667144775390625e+01 2.412026977539062500e+02
0.000000000000000000e+00 1.324009375000000000e+04 2.370368652343750000e+03 4.433438476562500000e+03 8.587253906250000000e+03 4.839879882812500000e+03 3.450685937500000000e+04 1.984447753906250000e+03 4.600409179687500000e+03 1.678604781627655029e-01 5.012861328125000000e+03
0.000000000000000000e+00 0.000000000000000000e+00 0.000000000000000000e+00 0.000000000000000000e+00 1.837897491455078125e+02 0.000000000000000000e+00 0.000000000000000000e+00 0.000000000000000000e+00 0.000000000000000000e+00 0.000000000000000000e+00 0.000000000000000000e+00
0.000000000000000000e+00 7.232189923524856567e-02 8.063987493515014648e-01 7.506465635742642917e-07 8.926037549972534180e-01 0.000000000000000000e+00 1.632139831781387329e-02 8.067573308944702148e-01 1.822637329951248830e-08 4.426589906215667725e-01 0.000000000000000000e+00
