0.000000000000000000e+00 4.151897039264440536e-03 0.000000000000000000e+00 0.000000000000000000e+00 0.000000000000000000e+00 0.000000000000000000e+00 8.151386864483356476e-03 1.132303196936845779e-02 7.100130431354045868e-03 0.000000000000000000e+00 0.000000000000000000e+00
7.904701866209506989e-03 0.000000000000000000e+00 0.000000000000000000e+00 8.817104622721672058e-03 0.000000000000000000e+00 0.000000000000000000e+00 2.809131285175681114e-03 3.641552058979868889e-03 3.970091231167316437e-03 0.000000000000000000e+00 0.000000000000000000e+00
0.000000000000000000e+00 5.720787215977907181e-03 6.075444165617227554e-03 0.000000000000000000e+00 5.062483251094818115e-03 1.398020423948764801e-02 2.809734782204031944e-03 0.000000000000000000e+00 5.914004053920507431e-03 0.000000000000000000e+00 4.083560314029455185e-03
6.607179064303636551e-03 0.000000000000000000e+00 0.000000000000000000e+00 0.000000000000000000e+00 0.000000000000000000e+00 0.000000000000000000e+00 0.000000000000000000e+00 7.614597678184509277e-03 0.000000000000000000e+00 6.246183533221483231e-03 0.000000000000000000e+00
0.000000000000000000e+00 2.260159526485949755e-04 0.000000000000000000e+00 1.504305982962250710e-04 0.000000000000000000e+00 1.695016107987612486e-04 0.000000000000000000e+00 9.116976434597745538e-05 7.084975368343293667e-05 2.204338816227391362e-04 5.421959212981164455e-04
0.000000000000000000e+00 0.000000000000000000e+00 0.000000000000000000e+00 0.000000000000000000e+00 0.000000000000000000e+00 2.776212990283966064e-03 0.000000000000000000e+00 0.000000000000000000e+00 0.000000000000000000e+00 0.000000000000000000e+00 0.000000000000000000e+00
1.120193675160408020e-02 6.855885963886976242e-03 0.000000000000000000e+00 0.000000000000000000e+00 0.000000000000000000e+00 1.049374975264072418e-02 0.000000000000000000e+00 1.199319143779575825e-03 8.781037293374538422e-03 9.712756611406803131e-03 0.000000000000000000e+00
0.000000000000000000e+00 3.006900660693645477e-03 0.000000000000000000e+00 0.000000000000000000e+00 3.015647409483790398e-03 0.000000000000000000e+00 0.000000000000000000e+00 0.000000000000000000e+00 1.056531444191932678e-02 4.338711034506559372e-03 3.544406499713659286e-03
0.000000000000000000e+00 0.000000000000000000e+00 1.907385449158027768e-04 0.000000000000000000e+00 0.000000000000000000e+00 0.000000000000000000e+00 0.000000000000000000e+00 2.774829743430018425e-03 0.000000000000000000e+00 0.000000000000000000e+00 4.087450914084911346e-03
1.236501149833202362e-02 6.072605960071086884e-03 8.694309741258621216e-03 0.000000000000000000e+00 3.838405013084411621e-02 7.565326057374477386e-03 0.000000000000000000e+00 0.000000000000000000e+00 0.000000000000000000e+00 0.000000000000000000e+00 1.076553761959075928e-02
0.000000000000000000e+00 0.000000000000000000e+00 7.727307092864066362e-06 0.000000000000000000e+00 1.115645773097639903e-05 0.000000000000000000e+00 3.887511411448940635e-06 1.554139657855557743e-06 0.000000000000000000e+00 1.965371666301507503e-06 0.000000000000000000e+00
