0.000000000000000000e+00 0.000000000000000000e+00 2.242427319288253784e-03 0.000000000000000000e+00 0.000000000000000000e+00 0.000000000000000000e+00 5.702076014131307602e-03 4.242493305355310440e-03 0.000000000000000000e+00 0.000000000000000000e+00 0.000000000000000000e+00
4.004749469459056854e-03 0.000000000000000000e+00 5.720675457268953323e-03 1.665215939283370972e-03 0.000000000000000000e+00 0.000000000000000000e+00 0.000000000000000000e+00 0.000000000000000000e+00 0.000000000000000000e+00 0.000000000000000000e+00 0.000000000000000000e+00
0.000000000000000000e+00 4.112271592020988464e-03 1.074762549251317978e-03 0.000000000000000000e+00 0.000000000000000000e+00 5.678354296833276749e-03 0.000000000000000000e+00 0.000000000000000000e+00 2.806087723001837730e-03 5.405261646956205368e-03 1.234034425579011440e-04
1.042620837688446045e-02 0.000000000000000000e+00 0.000000000000000000e+00 2.420537930447608232e-04 0.000000000000000000e+00 2.319037914276123047e-03 2.607724862173199654e-03 3.745821537449955940e-03 5.081769544631242752e-03 3.718454390764236450e-03 0.000000000000000000e+00
3.572617788449861109e-05 1.683987793512642384e-04 1.705595350358635187e-04 1.542319805594161153e-04 0.000000000000000000e+00 2.028582966886460781e-04 1.228008040925487876e-04 1.025384481181390584e-04 1.685704773990437388e-04 1.923241798067465425e-04 3.918333677574992180e-04
0.000000000000000000e+00 0.000000000000000000e+00 0.000000000000000000e+00 0.000000000000000000e+00 0.000000000000000000e+00 0.000000000000000000e+00 0.000000000000000000e+00 0.000000000000000000e+00 0.000000000000000000e+00 0.000000000000000000e+00 0.000000000000000000e+00
2.920447848737239838e-03 5.859373603016138077e-03 0.000000000000000000e+00 0.000000000000000000e+00 0.000000000000000000e+00 2.256953855976462364e-03 0.000000000000000000e+00 2.789404010400176048e-03 4.911452997475862503e-03 8.212836459279060364e-03 3.264814382418990135e-03
0.000000000000000000e+00 2.084354171529412270e-03 0.000000000000000000e+00 2.997287316247820854e-03 0.000000000000000000e+00 0.000000000000000000e+00 0.000000000000000000e+00 0.000000000000000000e+00 3.638587892055511475e-03 0.000000000000000000e+00 0.000000000000000000e+00
0.000000000000000000e+00 6.145741790533065796e-03 0.000000000000000000e+00 0.000000000000000000e+00 0.000000000000000000e+00 0.000000000000000000e+00 0.000000000000000000e+00 0.000000000000000000e+00 1.771013921825215220e-04 0.000000000000000000e+00 4.528721794486045837e-03
4.136562347412109375e-03 3.748083719983696938e-03 1.290867384523153305e-02 0.000000000000000000e+00 2.655582875013351440e-02 1.350262085907161236e-03 0.000000000000000000e+00 0.000000000000000000e+00 7.327839732170104980e-03 0.000000000000000000e+00 6.462427321821451187e-03
0.000000000000000000e+00 0.000000000000000000e+00 2.949798272311454639e-06 2.280786475239438005e-06 7.460383585566887632e-06 0.000000000000000000e+00 2.522288696127361618e-06 1.608414208931208123e-06 1.574275216853493475e-07 3.084081072302069515e-06 0.000000000000000000e+00
