0.000000000000000000e+00 0.000000000000000000e+00 0.000000000000000000e+00 0.000000000000000000e+00 0.000000000000000000e+00 0.000000000000000000e+00 1.542189158499240875e-03 0.000000000000000000e+00 6.294355727732181549e-03 0.000000000000000000e+00 0.000000000000000000e+00
4.786555655300617218e-03 0.000000000000000000e+00 8.511145599186420441e-03 1.347327511757612228e-02 2.352501964196562767e-03 0.000000000000000000e+00 1.236414536833763123e-02 0.000000000000000000e+00 0.000000000000000000e+00 3.224843880161643028e-03 0.000000000000000000e+00
0.000000000000000000e+00 9.846936911344528198e-03 0.000000000000000000e+00 0.000000000000000000e+00 0.000000000000000000e+00 1.278430316597223282e-02 2.072870545089244843e-02 0.000000000000000000e+00 1.759047433733940125e-02 1.194890215992927551e-02 7.867968641221523285e-03
7.431939709931612015e-03 0.000000000000000000e+00 0.000000000000000000e+00 3.589117899537086487e-03 8.071370422840118408e-03 0.000000000000000000e+00 0.000000000000000000e+00 1.475375797599554062e-02 0.000000000000000000e+00 1.036517228931188583e-02 0.000000000000000000e+00
0.000000000000000000e+00 2.707793319132179022e-04 9.040524018928408623e-04 2.724952355492860079e-04 0.000000000000000000e+00 1.004389836452901363e-03 4.489786806516349316e-04 0.000000000000000000e+00 2.383914979873225093e-04 8.763023070059716702e-04 2.222108189016580582e-03
0.000000000000000000e+00 0.000000000000000000e+00 0.000000000000000000e+00 0.000000000000000000e+00 0.000000000000000000e+00 6.247125566005706787e-04 0.000000000000000000e+00 0.000000000000000000e+00 0.000000000000000000e+00 0.000000000000000000e+00 0.000000000000000000e+00
1.432215888053178787e-02 3.964562900364398956e-03 7.024778053164482117e-03 5.593902897089719772e-03 0.000000000000000000e+00 1.507369335740804672e-02 1.733994577080011368e-03 3.949603124056011438e-04 7.907365448772907257e-03 6.511812563985586166e-03 7.295873481780290604e-03
0.000000000000000000e+00 0.000000000000000000e+00 0.000000000000000000e+00 0.000000000000000000e+00 1.107928995043039322e-02 0.000000000000000000e+00 0.000000000000000000e+00 6.517634727060794830e-03 2.277500741183757782e-02 0.000000000000000000e+00 0.000000000000000000e+00
0.000000000000000000e+00 2.332573989406228065e-03 1.485249958932399750e-04 0.000000000000000000e+00 9.994923137128353119e-03 0.000000000000000000e+00 5.027378909289836884e-03 0.000000000000000000e+00 0.000000000000000000e+00 1.296281628310680389e-02 0.000000000000000000e+00
1.629456877708435059e-02 9.092031046748161316e-03 1.048152986913919449e-02 0.000000000000000000e+00 4.901565238833427429e-02 0.000000000000000000e+00 0.000000000000000000e+00 3.635687986388802528e-03 1.973862200975418091e-02 0.000000000000000000e+00 1.447387412190437317e-02
0.000000000000000000e+00 0.000000000000000000e+00 2.601320920803118497e-05 7.383860975096467882e-06 3.325299621792510152e-05 0.000000000000000000e+00 8.946253728936426342e-06 1.468311620556050912e-05 7.650505722267553210e-06 1.941212394740432501e-05 0.000000000000000000e+00
