0.000000000000000000e+00 0.000000000000000000e+00 0.000000000000000000e+00 0.000000000000000000e+00 0.000000000000000000e+00 0.000000000000000000e+00 0.000000000000000000e+00 7.550702430307865143e-03 0.000000000000000000e+00 0.000000000000000000e+00 0.000000000000000000e+00
9.155205450952053070e-03 0.000000000000000000e+00 3.065452678129076958e-03 0.000000000000000000e+00 5.332849919795989990e-03 0.000000000000000000e+00 1.880004128906875849e-04 0.000000000000000000e+00 0.000000000000000000e+00 0.000000000000000000e+00 0.000000000000000000e+00
0.000000000000000000e+00 1.424374245107173920e-02 0.000000000000000000e+00 0.000000000000000000e+00 0.000000000000000000e+00 1.598598086275160313e-03 1.044280081987380981e-02 0.000000000000000000e+00 1.039278693497180939e-02 7.045890204608440399e-03 0.000000000000000000e+00
8.922860026359558105e-03 4.905945970676839352e-04 8.606157498434185982e-04 7.374331471510231495e-05 3.868998261168599129e-03 0.000000000000000000e+00 0.000000000000000000e+00 0.000000000000000000e+00 1.041904208250343800e-03 3.390792058780789375e-03 0.000000000000000000e+00
0.000000000000000000e+00 1.164507193607278168e-04 2.208969817729666829e-04 8.802908996585756540e-05 0.000000000000000000e+00 1.318190479651093483e-04 9.316235809819772840e-05 4.319819345255382359e-05 7.410754187731072307e-05 2.323577209608629346e-04 6.833182414993643761e-04
0.000000000000000000e+00 0.000000000000000000e+00 0.000000000000000000e+00 0.000000000000000000e+00 0.000000000000000000e+00 1.035189442336559296e-02 0.000000000000000000e+00 0.000000000000000000e+00 0.000000000000000000e+00 0.000000000000000000e+00 0.000000000000000000e+00
8.107217960059642792e-03 0.000000000000000000e+00 0.000000000000000000e+00 3.063278039917349815e-03 0.000000000000000000e+00 5.220051971264183521e-04 6.046591792255640030e-03 1.092594210058450699e-02 1.910569379106163979e-03 9.607793763279914856e-03 5.006096791476011276e-03
0.000000000000000000e+00 3.019460476934909821e-03 4.680355486925691366e-04 3.850910812616348267e-03 3.139957319945096970e-03 3.477186197414994240e-03 0.000000000000000000e+00 0.000000000000000000e+00 4.832811653614044189e-03 0.000000000000000000e+00 0.000000000000000000e+00
0.000000000000000000e+00 2.521348418667912483e-03 0.000000000000000000e+00 1.393924932926893234e-03 2.743787597864866257e-03 0.000000000000000000e+00 7.520530838519334793e-03 0.000000000000000000e+00 8.074834477156400681e-04 6.273762322962284088e-03 5.432015750557184219e-03
2.396006602793931961e-03 0.000000000000000000e+00 6.639118306338787079e-03 2.078152028843760490e-04 4.665803536772727966e-02 0.000000000000000000e+00 0.000000000000000000e+00 0.000000000000000000e+00 8.446372114121913910e-03 0.000000000000000000e+00 1.473172288388013840e-02
0.000000000000000000e+00 3.405036466119781835e-07 6.847742952231783420e-06 1.472807525715325028e-06 1.057700228557223454e-05 0.000000000000000000e+00 6.337000968414940871e-07 3.651048928077216260e-06 9.826190989770111628e-07 2.836545490936259739e-06 0.000000000000000000e+00
