0.000000000000000000e+00 3.680277848616242409e-03 4.337907303124666214e-03 0.000000000000000000e+00 0.000000000000000000e+00 0.000000000000000000e+00 4.220989532768726349e-03 4.043782129883766174e-03 9.127319790422916412e-03 0.000000000000000000e+00 0.000000000000000000e+00
5.935754626989364624e-03 0.000000000000000000e+00 4.504030104726552963e-03 0.000000000000000000e+00 0.000000000000000000e+00 0.000000000000000000e+00 1.784083805978298187e-02 1.500621787272393703e-03 0.000000000000000000e+00 0.000000000000000000e+00 3.187124850228428841e-03
0.000000000000000000e+00 0.000000000000000000e+00 0.000000000000000000e+00 6.095840944908559322e-04 0.000000000000000000e+00 4.365925677120685577e-03 3.483881242573261261e-03 0.000000000000000000e+00 0.000000000000000000e+00 1.630626036785542965e-03 3.737591905519366264e-03
1.418402791023254395e-02 1.119517604820430279e-03 0.000000000000000000e+00 0.000000000000000000e+00 7.492277771234512329e-03 0.000000000000000000e+00 3.000066615641117096e-03 2.061591483652591705e-02 9.904419071972370148e-03 5.738547770306468010e-04 0.000000000000000000e+00
1.173635537270456553e-04 2.817355562001466751e-04 3.218160127289593220e-04 3.041360760107636452e-04 0.000000000000000000e+00 3.289296291768550873e-04 2.534921804908663034e-04 1.047852783813141286e-04 4.564904083963483572e-04 4.541819216683506966e-04 8.559301495552062988e-04
0.000000000000000000e+00 0.000000000000000000e+00 0.000000000000000000e+00 0.000000000000000000e+00 0.000000000000000000e+00 1.199596328660845757e-03 0.000000000000000000e+00 0.000000000000000000e+00 0.000000000000000000e+00 0.000000000000000000e+00 0.000000000000000000e+00
9.972377680242061615e-03 7.205229252576828003e-03 0.000000000000000000e+00 0.000000000000000000e+00 0.000000000000000000e+00 5.070207174867391586e-03 0.000000000000000000e+00 0.000000000000000000e+00 0.000000000000000000e+00 1.128041930496692657e-02 2.014436176978051662e-04
0.000000000000000000e+00 0.000000000000000000e+00 0.000000000000000000e+00 0.000000000000000000e+00 5.356037523597478867e-03 7.283848826773464680e-04 3.639214672148227692e-03 0.000000000000000000e+00 4.409332294017076492e-03 0.000000000000000000e+00 1.144322287291288376e-02
0.000000000000000000e+00 0.000000000000000000e+00 5.847453605383634567e-03 1.661725575104355812e-03 0.000000000000000000e+00 0.000000000000000000e+00 1.582771423272788525e-03 5.314809270203113556e-03 0.000000000000000000e+00 1.623498392291367054e-03 2.544493414461612701e-03
1.035768911242485046e-02 1.493182964622974396e-02 8.618598803877830505e-03 0.000000000000000000e+00 2.997942827641963959e-02 0.000000000000000000e+00 0.000000000000000000e+00 0.000000000000000000e+00 1.213798206299543381e-02 0.000000000000000000e+00 7.034870330244302750e-03
0.000000000000000000e+00 1.694553702691337094e-06 4.156423983658896759e-06 2.869868922061868943e-06 5.012488145439419895e-06 0.000000000000000000e+00 5.642701580654829741e-06 4.846337105846032500e-06 0.000000000000000000e+00 5.306073489919072017e-06 0.000000000000000000e+00
