0.000000000000000000e+00 1.579885138198733330e-03 0.000000000000000000e+00 0.000000000000000000e+00 0.000000000000000000e+00 0.000000000000000000e+00 0.000000000000000000e+00 4.703867249190807343e-03 0.000000000000000000e+00 0.000000000000000000e+00 0.000000000000000000e+00
1.100891642272472382e-02 0.000000000000000000e+00 9.101842530071735382e-03 0.000000000000000000e+00 0.000000000000000000e+00 0.000000000000000000e+00 2.605400281026959419e-03 4.737612325698137283e-03 0.000000000000000000e+00 0.000000000000000000e+00 0.000000000000000000e+00
0.000000000000000000e+00 9.229606948792934418e-03 0.000000000000000000e+00 0.000000000000000000e+00 3.937754314392805099e-03 3.898320719599723816e-04 4.396206699311733246e-03 0.000000000000000000e+00 0.000000000000000000e+00 5.988184362649917603e-03 0.000000000000000000e+00
0.000000000000000000e+00 8.263732306659221649e-04 3.999625798314809799e-03 0.000000000000000000e+00 6.023678928613662720e-03 0.000000000000000000e+00 6.158399395644664764e-03 1.481788791716098785e-02 0.000000000000000000e+00 0.000000000000000000e+00 0.000000000000000000e+00
0.000000000000000000e+00 1.426207600161433220e-04 8.953792712418362498e-05 4.876129241893067956e-05 0.000000000000000000e+00 6.130272231530398130e-05 0.000000000000000000e+00 1.813934250094462186e-05 8.170189539669081569e-05 1.666682946961373091e-04 3.983868227805942297e-04
0.000000000000000000e+00 0.000000000000000000e+00 0.000000000000000000e+00 0.000000000000000000e+00 0.000000000000000000e+00 0.000000000000000000e+00 0.000000000000000000e+00 0.000000000000000000e+00 0.000000000000000000e+00 0.000000000000000000e+00 0.000000000000000000e+00
1.953458786010742188e-02 6.064621265977621078e-04 4.903185646981000900e-03 0.000000000000000000e+00 0.000000000000000000e+00 0.000000000000000000e+00 0.000000000000000000e+00 9.263693937100470066e-04 0.000000000000000000e+00 1.087541878223419189e-02 5.307768937200307846e-03
0.000000000000000000e+00 4.364889580756425858e-03 0.000000000000000000e+00 5.555171985179185867e-03 0.000000000000000000e+00 0.000000000000000000e+00 0.000000000000000000e+00 0.000000000000000000e+00 1.027861144393682480e-02 0.000000000000000000e+00 1.066925353370606899e-03
3.714184276759624481e-04 2.787482808344066143e-04 0.000000000000000000e+00 0.000000000000000000e+00 0.000000000000000000e+00 0.000000000000000000e+00 6.404690444469451904e-03 0.000000000000000000e+00 0.000000000000000000e+00 1.517913653515279293e-03 1.030880957841873169e-02
8.809477090835571289e-03 0.000000000000000000e+00 6.186137907207012177e-03 0.000000000000000000e+00 3.524618968367576599e-02 3.887870116159319878e-04 0.000000000000000000e+00 2.208394231274724007e-03 0.000000000000000000e+00 0.000000000000000000e+00 4.393466748297214508e-03
0.000000000000000000e+00 9.752452569955494255e-07 3.822040980594465509e-06 3.229238473068107851e-06 9.227651389664970338e-06 0.000000000000000000e+00 1.552691628603497520e-06 5.522690571524435654e-06 0.000000000000000000e+00 4.314705620345193893e-06 0.000000000000000000e+00
