0.000000000000000000e+00 0.000000000000000000e+00 0.000000000000000000e+00 0.000000000000000000e+00 0.000000000000000000e+00 0.000000000000000000e+00 2.734240842983126640e-03 1.021379139274358749e-02 0.000000000000000000e+00 0.000000000000000000e+00 0.000000000000000000e+00
1.243007276207208633e-02 0.000000000000000000e+00 1.278803311288356781e-02 1.692975522018969059e-03 6.109775509685277939e-03 0.000000000000000000e+00 3.824288723990321159e-03 0.000000000000000000e+00 0.000000000000000000e+00 0.000000000000000000e+00 0.000000000000000000e+00
0.000000000000000000e+00 3.661345923319458961e-03 0.000000000000000000e+00 7.216442376375198364e-03 1.182387582957744598e-03 1.956927357241511345e-03 5.030445754528045654e-03 2.063678344711661339e-03 0.000000000000000000e+00 1.154345180839300156e-02 5.236259661614894867e-03
2.100850269198417664e-02 0.000000000000000000e+00 0.000000000000000000e+00 0.000000000000000000e+00 1.095645502209663391e-02 6.300475448369979858e-03 0.000000000000000000e+00 7.843148894608020782e-03 2.605230547487735748e-03 0.000000000000000000e+00 0.000000000000000000e+00
3.732817640411667526e-05 2.225047501269727945e-04 1.696457184152677655e-04 2.614331606309860945e-04 0.000000000000000000e+00 1.494245225330814719e-04 2.738551120273768902e-04 4.868473115493543446e-05 1.130733216996304691e-04 3.215267497580498457e-04 7.489321287721395493e-04
0.000000000000000000e+00 0.000000000000000000e+00 0.000000000000000000e+00 0.000000000000000000e+00 0.000000000000000000e+00 0.000000000000000000e+00 0.000000000000000000e+00 0.000000000000000000e+00 0.000000000000000000e+00 0.000000000000000000e+00 0.000000000000000000e+00
8.526181802153587341e-03 4.025703296065330505e-03 0.000000000000000000e+00 2.475507091730833054e-03 0.000000000000000000e+00 1.093918178230524063e-02 7.903198129497468472e-04 5.505480337888002396e-03 1.797102205455303192e-02 8.725697174668312073e-03 4.442662000656127930e-03
0.000000000000000000e+00 5.305710714310407639e-03 0.000000000000000000e+00 0.000000000000000000e+00 2.908445661887526512e-03 0.000000000000000000e+00 0.000000000000000000e+00 0.000000000000000000e+00 5.554956078412942588e-05 0.000000000000000000e+00 0.000000000000000000e+00
0.000000000000000000e+00 1.296513434499502182e-02 0.000000000000000000e+00 0.000000000000000000e+00 0.000000000000000000e+00 5.053230095654726028e-03 1.441659056581556797e-03 0.000000000000000000e+00 7.832493633031845093e-03 0.000000000000000000e+00 3.447790164500474930e-03
6.853009108453989029e-04 0.000000000000000000e+00 1.772751659154891968e-02 0.000000000000000000e+00 4.117103293538093567e-02 4.932909738272428513e-03 0.000000000000000000e+00 0.000000000000000000e+00 1.365034002810716629e-02 0.000000000000000000e+00 1.143851689994335175e-02
0.000000000000000000e+00 0.000000000000000000e+00 0.000000000000000000e+00 0.000000000000000000e+00 1.400761902914382517e-05 0.000000000000000000e+00 4.278012056602165103e-06 4.713052476290613413e-06 0.000000000000000000e+00 3.435800635998020880e-06 0.000000000000000000e+00
