0.000000000000000000e+00 1.737738493829965591e-03 0.000000000000000000e+00 0.000000000000000000e+00 0.000000000000000000e+00 0.000000000000000000e+00 0.000000000000000000e+00 2.447454317007213831e-04 0.000000000000000000e+00 0.000000000000000000e+00 0.000000000000000000e+00
7.566333282738924026e-03 0.000000000000000000e+00 2.969507826492190361e-03 1.200075959786772728e-03 0.000000000000000000e+00 0.000000000000000000e+00 0.000000000000000000e+00 0.000000000000000000e+00 9.865423664450645447e-03 0.000000000000000000e+00 0.000000000000000000e+00
4.201475996524095535e-03 9.929954103427007794e-05 0.000000000000000000e+00 0.000000000000000000e+00 2.052345545962452888e-03 9.345957078039646149e-03 7.666092365980148315e-03 0.000000000000000000e+00 0.000000000000000000e+00 1.432857848703861237e-02 1.156797632575035095e-02
2.589436480775475502e-03 0.000000000000000000e+00 0.000000000000000000e+00 0.000000000000000000e+00 8.158193901181221008e-03 0.000000000000000000e+00 3.120631678029894829e-03 1.756529556587338448e-03 0.000000000000000000e+00 0.000000000000000000e+00 0.000000000000000000e+00
0.000000000000000000e+00 1.729313516989350319e-04 1.986784482141956687e-04 1.317090500378981233e-04 0.000000000000000000e+00 2.254484425066038966e-04 1.890134590212255716e-04 0.000000000000000000e+00 2.359237550990656018e-04 2.060326223727315664e-04 7.439095061272382736e-04
0.000000000000000000e+00 0.000000000000000000e+00 0.000000000000000000e+00 0.000000000000000000e+00 0.000000000000000000e+00 0.000000000000000000e+00 0.000000000000000000e+00 0.000000000000000000e+00 0.000000000000000000e+00 0.000000000000000000e+00 0.000000000000000000e+00
8.612222038209438324e-03 4.492416512221097946e-03 0.000000000000000000e+00 5.524357315152883530e-03 0.000000000000000000e+00 3.310581203550100327e-03 0.000000000000000000e+00 3.293503541499376297e-03 7.158934138715267181e-03 3.902090713381767273e-03 4.440743941813707352e-03
0.000000000000000000e+00 9.424336254596710205e-03 0.000000000000000000e+00 2.613048069179058075e-03 0.000000000000000000e+00 0.000000000000000000e+00 1.442716922610998154e-03 4.322238732129335403e-03 1.477528177201747894e-02 0.000000000000000000e+00 7.726205047219991684e-03
0.000000000000000000e+00 4.141988698393106461e-03 0.000000000000000000e+00 0.000000000000000000e+00 0.000000000000000000e+00 2.228053053840994835e-03 0.000000000000000000e+00 0.000000000000000000e+00 0.000000000000000000e+00 1.810830784961581230e-03 0.000000000000000000e+00
7.910948246717453003e-03 7.594161666929721832e-03 1.158598717302083969e-02 0.000000000000000000e+00 3.849842399358749390e-02 1.555682159960269928e-03 0.000000000000000000e+00 0.000000000000000000e+00 4.426108207553625107e-03 0.000000000000000000e+00 1.317765284329652786e-02
0.000000000000000000e+00 0.000000000000000000e+00 4.940602593705989420e-06 3.501724449961329810e-06 1.043224619934335351e-05 0.000000000000000000e+00 6.233730800886405632e-06 1.226504537044093013e-06 2.475458131812047213e-06 2.746330665104323998e-06 3.609429199968872126e-07
