0.000000000000000000e+00 3.536532211303710938e+01 3.531860046386718750e+02 0.000000000000000000e+00 0.000000000000000000e+00 0.000000000000000000e+00 1.887380981445312500e+01 8.031875000000000000e+02 1.969165283203125000e+03 3.877851247787475586e+00 0.000000000000000000e+00
6.105416992187500000e+03 0.000000000000000000e+00 3.831810791015625000e+03 2.306052246093750000e+03 3.357078125000000000e+03 9.869174957275390625e-01 2.438611793518066406e+01 2.153021545410156250e+02 4.638793945312500000e+03 1.324628448486328125e+02 2.214371093750000000e+03
3.344031865708529949e-04 4.787245988845825195e-01 1.198853111267089844e+01 1.114872377365827560e-02 5.809616297483444214e-02 5.784520263671875000e+02 7.436865234375000000e+01 1.764107704162597656e+01 1.461983770132064819e-01 7.453636169433593750e+01 3.553608432412147522e-02
7.127792358398437500e+02 2.126615345478057861e-01 1.726882010698318481e-01 6.344391479492187500e+02 5.333735656738281250e+01 4.070291761308908463e-04 7.682653427124023438e+00 7.243317871093750000e+02 2.820330238342285156e+01 1.492312335968017578e+01 1.686740875244140625e+00
1.036849737167358398e+00 7.008532047271728516e+00 4.940649867057800293e-01 7.366284132003784180e-01 1.471786163165234029e-05 7.259949445724487305e-01 3.646764039993286133e+00 9.954097270965576172e-01 2.829884052276611328e+00 7.571288108825683594e+00 1.831819152832031250e+01
0.000000000000000000e+00 8.264527320861816406e-01 2.701453971862792969e+01 7.544885635375976562e+00 0.000000000000000000e+00 6.178520507812500000e+02 4.154904365539550781e+00 8.776596784591674805e-01 8.758314847946166992e-01 1.477066993713378906e+01 1.925777587890625000e+03
3.042044448852539062e+01 2.016869384765625000e+03 0.000000000000000000e+00 2.897968750000000000e+03 1.475785493850708008e+00 6.296730518341064453e+00 2.554484375000000000e+03 2.209906768798828125e+01 4.012541992187500000e+03 2.854307861328125000e+03 3.455194824218750000e+03
8.876943979885254521e-07 6.142846191406250000e+03 7.855618652343750000e+03 2.420263183593750000e+03 4.060809082031250000e+03 6.002558593750000000e+03 1.777167129516601562e+01 8.193649414062500000e+03 6.078582763671875000e+02 3.165431396484375000e+03 6.830750732421875000e+02
2.352228329982608557e-04 3.092518798828125000e+03 2.825423437500000000e+04 3.825883865356445312e-01 1.677327090874314308e-04 1.830014062500000000e+04 7.289204589843750000e+03 3.159911394119262695e+00 2.102826171875000000e+03 1.790378808975219727e+00 1.837174035608768463e-02
9.207350730895996094e+00 7.439543247222900391e+00 6.075430393218994141e+00 0.000000000000000000e+00 2.740046630859375000e+03 7.822638377547264099e-03 1.393043756484985352e+00 7.560341358184814453e-01 6.708715438842773438e+00 0.000000000000000000e+00 1.382730407714843750e+02
0.000000000000000000e+00 2.729985397309064865e-03 2.471160590648651123e-01 2.459232695400714874e-03 4.917904734611511230e-01 0.000000000000000000e+00 3.886425495147705078e-02 1.667142957448959351e-01 1.815228897612541914e-04 1.284539550542831421e-01 5.018780473619699478e-03
