0.000000000000000000e+00 8.169480133801698685e-04 7.533468888141214848e-04 0.000000000000000000e+00 0.000000000000000000e+00 0.000000000000000000e+00 3.037461312487721443e-03 4.121090285480022430e-03 4.424611106514930725e-03 0.000000000000000000e+00 0.000000000000000000e+00
3.952396102249622345e-03 0.000000000000000000e+00 0.000000000000000000e+00 0.000000000000000000e+00 7.943821838125586510e-04 0.000000000000000000e+00 2.082672901451587677e-03 0.000000000000000000e+00 0.000000000000000000e+00 0.000000000000000000e+00 0.000000000000000000e+00
0.000000000000000000e+00 1.769369118846952915e-03 4.200193798169493675e-04 2.545672236010432243e-03 4.288686439394950867e-03 0.000000000000000000e+00 4.486545512918382883e-04 0.000000000000000000e+00 0.000000000000000000e+00 2.075783675536513329e-03 0.000000000000000000e+00
5.556047894060611725e-03 1.255616894923150539e-03 0.000000000000000000e+00 0.000000000000000000e+00 0.000000000000000000e+00 0.000000000000000000e+00 0.000000000000000000e+00 1.728829112835228443e-03 7.031893474049866199e-04 0.000000000000000000e+00 0.000000000000000000e+00
1.923056697705760598e-05 1.444071385776624084e-04 1.073031453415751457e-04 8.646638161735609174e-05 0.000000000000000000e+00 1.368616940453648567e-04 1.138483348768204451e-04 5.010445966036058962e-05 1.382751070195809007e-04 1.453400909667834640e-04 3.007141349371522665e-04
0.000000000000000000e+00 3.123131347820162773e-03 2.849646611139178276e-03 1.287267776206135750e-03 0.000000000000000000e+00 1.258591655641794205e-02 1.461782667320221663e-04 7.798699080012738705e-04 0.000000000000000000e+00 2.427200553938746452e-03 1.592872664332389832e-02
2.855592872947454453e-03 5.496427766047418118e-04 0.000000000000000000e+00 1.987927127629518509e-03 0.000000000000000000e+00 1.233314151249942370e-06 0.000000000000000000e+00 4.268424527253955603e-04 8.393022581003606319e-04 4.273045342415571213e-03 0.000000000000000000e+00
0.000000000000000000e+00 3.229534020647406578e-03 1.627994934096932411e-03 0.000000000000000000e+00 7.670948398299515247e-04 0.000000000000000000e+00 0.000000000000000000e+00 0.000000000000000000e+00 0.000000000000000000e+00 0.000000000000000000e+00 0.000000000000000000e+00
0.000000000000000000e+00 1.714746467769145966e-03 1.222608261741697788e-03 0.000000000000000000e+00 0.000000000000000000e+00 7.133553153835237026e-04 1.406076946295797825e-03 0.000000000000000000e+00 0.000000000000000000e+00 0.000000000000000000e+00 1.288218423724174500e-03
5.163878668099641800e-03 2.326806075870990753e-03 5.133427679538726807e-03 5.397535860538482666e-04 1.268765423446893692e-02 0.000000000000000000e+00 0.000000000000000000e+00 0.000000000000000000e+00 3.963938448578119278e-03 0.000000000000000000e+00 2.084579784423112869e-03
0.000000000000000000e+00 9.917798706737812608e-07 2.348174575672601350e-06 0.000000000000000000e+00 4.067899226356530562e-06 0.000000000000000000e+00 1.280499077438435052e-06 3.164468807881348766e-06 0.000000000000000000e+00 1.639102151784754824e-06 0.000000000000000000e+00
