0.000000000000000000e+00 3.204343374818563461e-04 1.444518682546913624e-03 0.000000000000000000e+00 0.000000000000000000e+00 0.000000000000000000e+00 0.000000000000000000e+00 1.163584366440773010e-02 0.000000000000000000e+00 1.946145668625831604e-03 0.000000000000000000e+00
1.255949120968580246e-02 0.000000000000000000e+00 5.295942537486553192e-03 0.000000000000000000e+00 0.000000000000000000e+00 0.000000000000000000e+00 5.051396321505308151e-03 9.433678351342678070e-04 0.000000000000000000e+00 3.501875791698694229e-03 0.000000000000000000e+00
0.000000000000000000e+00 0.000000000000000000e+00 0.000000000000000000e+00 0.000000000000000000e+00 1.598875038325786591e-03 4.270309116691350937e-03 1.136121153831481934e-02 0.000000000000000000e+00 0.000000000000000000e+00 6.176975555717945099e-03 0.000000000000000000e+00
6.004896946251392365e-03 0.000000000000000000e+00 0.000000000000000000e+00 5.170652177184820175e-03 3.086156910285353661e-03 1.213863724842667580e-03 7.912363857030868530e-03 9.878082200884819031e-03 5.827221553772687912e-03 0.000000000000000000e+00 1.075484137982130051e-02
6.406630745914299041e-06 3.877831477439031005e-05 3.826851752819493413e-05 1.000771317194448784e-05 0.000000000000000000e+00 9.611982250135042705e-07 1.045457975124008954e-05 0.000000000000000000e+00 0.000000000000000000e+00 2.551993702581967227e-06 1.975795166799798608e-04
0.000000000000000000e+00 0.000000000000000000e+00 0.000000000000000000e+00 0.000000000000000000e+00 0.000000000000000000e+00 5.641948431730270386e-03 0.000000000000000000e+00 0.000000000000000000e+00 0.000000000000000000e+00 0.000000000000000000e+00 0.000000000000000000e+00
4.307512193918228149e-03 5.339836352504789829e-04 0.000000000000000000e+00 0.000000000000000000e+00 0.000000000000000000e+00 0.000000000000000000e+00 0.000000000000000000e+00 7.560999365523457527e-04 0.000000000000000000e+00 6.380904465913772583e-03 9.443572722375392914e-03
0.000000000000000000e+00 0.000000000000000000e+00 4.024547059088945389e-03 0.000000000000000000e+00 0.000000000000000000e+00 0.000000000000000000e+00 1.605842378921806812e-03 0.000000000000000000e+00 2.918675774708390236e-03 0.000000000000000000e+00 3.158300649374723434e-03
0.000000000000000000e+00 0.000000000000000000e+00 1.066747587174177170e-03 0.000000000000000000e+00 6.179072079248726368e-04 3.339202376082539558e-03 1.200964325107634068e-03 0.000000000000000000e+00 0.000000000000000000e+00 7.032334804534912109e-03 1.062273047864437103e-02
9.692599065601825714e-03 0.000000000000000000e+00 9.282991290092468262e-03 0.000000000000000000e+00 4.487422108650207520e-02 0.000000000000000000e+00 0.000000000000000000e+00 5.082822404801845551e-03 6.002844311296939850e-03 0.000000000000000000e+00 7.826242595911026001e-03
0.000000000000000000e+00 0.000000000000000000e+00 2.478359874658053741e-06 1.202385988108289894e-06 4.111094312975183129e-06 0.000000000000000000e+00 2.737592922130716033e-06 1.661821556808718015e-06 2.176093403249979019e-06 2.650413534865947440e-06 0.000000000000000000e+00
