0.000000000000000000e+00 4.631318359375000000e+04 7.403081250000000000e+04 8.329798184547598794e-09 0.000000000000000000e+00 0.000000000000000000e+00 5.683773046875000000e+04 2.330661621093750000e+02 1.737728906250000000e+04 8.507862304687500000e+03 0.000000000000000000e+00
1.395029296875000000e+02 0.000000000000000000e+00 5.767075195312500000e+02 2.228788671875000000e+04 5.584763336181640625e+01 2.654176235198974609e+00 9.727946472167968750e+01 1.374954986572265625e+02 2.377436523437500000e+02 1.056680374145507812e+02 1.462596386718750000e+04
2.846896728515625000e+03 5.095973632812500000e+03 1.119355078125000000e+04 1.815924316406250000e+03 9.656479492187500000e+03 4.408941015625000000e+04 2.899582617187500000e+04 9.267824218750000000e+03 2.081369921875000000e+04 1.905191955566406250e+02 1.635734558105468750e+02
2.200714453125000000e+04 6.010800361633300781e+00 2.888349151611328125e+01 2.154976081848144531e+01 2.568283081054687500e+02 5.732687759399414062e+01 2.312095336914062500e+02 7.298931640625000000e+03 1.516176757812500000e+02 1.681826400756835938e+01 1.701699256896972656e+01
4.433330059051513672e+00 7.923632621765136719e+00 9.306837081909179688e+00 6.149720191955566406e+00 2.986781964864348993e-06 4.949655055999755859e+00 8.593960762023925781e+00 3.113844394683837891e+00 4.752118110656738281e+00 1.599786281585693359e+01 4.096482086181640625e+01
0.000000000000000000e+00 0.000000000000000000e+00 0.000000000000000000e+00 0.000000000000000000e+00 0.000000000000000000e+00 0.000000000000000000e+00 0.000000000000000000e+00 0.000000000000000000e+00 0.000000000000000000e+00 0.000000000000000000e+00 0.000000000000000000e+00
1.736269042968750000e+03 2.388947656250000000e+04 4.870559692382812500e+01 6.799458984375000000e+03 1.433910369873046875e+01 1.988291503906250000e+03 8.299505859375000000e+03 4.620578125000000000e+03 1.829307250976562500e+02 3.005273742675781250e+02 5.277170410156250000e+02
0.000000000000000000e+00 5.664215820312500000e+03 2.274941210937500000e+04 6.713557434082031250e+01 1.133068750000000000e+04 3.096641159057617188e+01 1.184748339843750000e+04 4.831633203125000000e+04 1.837132421875000000e+04 2.059697998046875000e+03 3.346535156250000000e+03
0.000000000000000000e+00 8.303333984375000000e+03 7.127652343750000000e+03 1.691056518554687500e+02 2.231071935966610909e-03 2.005482788085937500e+02 3.555346435546875000e+03 1.554634552001953125e+02 1.057561798095703125e+02 3.307883056640625000e+03 3.121770629882812500e+02
0.000000000000000000e+00 0.000000000000000000e+00 0.000000000000000000e+00 0.000000000000000000e+00 2.477401542663574219e+01 0.000000000000000000e+00 0.000000000000000000e+00 0.000000000000000000e+00 0.000000000000000000e+00 0.000000000000000000e+00 1.454965240554884076e-04
0.000000000000000000e+00 6.376503501087427139e-03 1.008137688040733337e-01 5.074890330433845520e-03 2.916148304939270020e-01 0.000000000000000000e+00 2.860937640070915222e-02 4.452618211507797241e-02 6.870625384181039408e-07 1.443267762660980225e-01 0.000000000000000000e+00
