1.749612465573591180e-06 1.272626923309871927e-05 1.107047319237608463e-05 2.539697561587672681e-06 0.000000000000000000e+00 0.000000000000000000e+00 1.289892043132567778e-05 1.257681105926167220e-05 9.689848411653656512e-06 1.005867943604243919e-05 1.141133225246449001e-06
4.400646779686212540e-03 0.000000000000000000e+00 6.802898715250194073e-04 3.236788907088339329e-04 0.000000000000000000e+00 0.000000000000000000e+00 0.000000000000000000e+00 0.000000000000000000e+00 0.000000000000000000e+00 0.000000000000000000e+00 1.687877112999558449e-03
7.930764113552868366e-04 1.387603464536368847e-03 1.180804916657507420e-03 1.125272247008979321e-03 0.000000000000000000e+00 8.820481598377227783e-04 2.637261059135198593e-03 0.000000000000000000e+00 0.000000000000000000e+00 5.301755852997303009e-03 0.000000000000000000e+00
1.145827816799283028e-03 0.000000000000000000e+00 0.000000000000000000e+00 0.000000000000000000e+00 0.000000000000000000e+00 0.000000000000000000e+00 0.000000000000000000e+00 2.841011155396699905e-03 1.409094547852873802e-03 2.880684798583388329e-03 0.000000000000000000e+00
9.529114322504028678e-06 1.026885001920163631e-04 6.058346843929030001e-05 7.593844202347099781e-05 0.000000000000000000e+00 7.732926314929500222e-05 5.073756619822233915e-05 3.608451879699714482e-05 6.916488928254693747e-05 1.142768232966773212e-04 1.833876012824475765e-04
0.000000000000000000e+00 0.000000000000000000e+00 0.000000000000000000e+00 0.000000000000000000e+00 0.000000000000000000e+00 0.000000000000000000e+00 0.000000000000000000e+00 0.000000000000000000e+00 0.000000000000000000e+00 0.000000000000000000e+00 1.228051551152020693e-04
4.139024298638105392e-03 0.000000000000000000e+00 0.000000000000000000e+00 2.045095665380358696e-03 0.000000000000000000e+00 2.134846756234765053e-03 0.000000000000000000e+00 4.314461839385330677e-04 4.562953021377325058e-03 2.379811368882656097e-03 2.152849192498251796e-04
0.000000000000000000e+00 1.431610668078064919e-03 1.964721595868468285e-04 0.000000000000000000e+00 0.000000000000000000e+00 0.000000000000000000e+00 2.974537492264062166e-04 0.000000000000000000e+00 3.512036753818392754e-03 0.000000000000000000e+00 6.439269986003637314e-03
0.000000000000000000e+00 1.125838956795632839e-03 1.328765996731817722e-03 0.000000000000000000e+00 0.000000000000000000e+00 0.000000000000000000e+00 2.169767394661903381e-03 0.000000000000000000e+00 0.000000000000000000e+00 0.000000000000000000e+00 2.501716371625661850e-03
2.718776464462280273e-03 0.000000000000000000e+00 3.859313670545816422e-03 0.000000000000000000e+00 1.436408422887325287e-02 2.389773493632674217e-03 8.191487868316471577e-04 0.000000000000000000e+00 2.755170688033103943e-03 0.000000000000000000e+00 4.311928525567054749e-03
0.000000000000000000e+00 0.000000000000000000e+00 1.596929450897732750e-06 3.864415987209213199e-07 1.849216232585604303e-06 0.000000000000000000e+00 3.963062340517353732e-07 1.327064865108695813e-06 0.000000000000000000e+00 1.171115968645608518e-06 0.000000000000000000e+00
