0.000000000000000000e+00 2.630663220770657063e-04 0.000000000000000000e+00 0.000000000000000000e+00 0.000000000000000000e+00 0.000000000000000000e+00 7.624825811944901943e-04 0.000000000000000000e+00 0.000000000000000000e+00 0.000000000000000000e+00 0.000000000000000000e+00
1.095876190811395645e-02 0.000000000000000000e+00 5.993440747261047363e-03 0.000000000000000000e+00 0.000000000000000000e+00 0.000000000000000000e+00 1.553853740915656090e-03 2.342574996873736382e-03 0.000000000000000000e+00 3.429800504818558693e-03 0.000000000000000000e+00
0.000000000000000000e+00 9.122253395617008209e-03 0.000000000000000000e+00 0.000000000000000000e+00 0.000000000000000000e+00 0.000000000000000000e+00 2.706555882468819618e-03 0.000000000000000000e+00 8.502444834448397160e-04 3.565378487110137939e-03 0.000000000000000000e+00
1.827399944886565208e-03 0.000000000000000000e+00 0.000000000000000000e+00 0.000000000000000000e+00 1.207072194665670395e-02 0.000000000000000000e+00 5.134512670338153839e-03 1.471856702119112015e-02 0.000000000000000000e+00 0.000000000000000000e+00 0.000000000000000000e+00
3.578530231607146561e-05 2.155139081878587604e-04 3.697377396747469902e-04 1.141800385084934533e-04 0.000000000000000000e+00 1.474649034207686782e-04 2.243931085104122758e-04 4.198464375804178417e-05 1.198335230583325028e-04 3.763540589716285467e-04 6.470394437201321125e-04
0.000000000000000000e+00 0.000000000000000000e+00 0.000000000000000000e+00 0.000000000000000000e+00 0.000000000000000000e+00 0.000000000000000000e+00 0.000000000000000000e+00 0.000000000000000000e+00 0.000000000000000000e+00 0.000000000000000000e+00 0.000000000000000000e+00
9.644703939557075500e-03 3.692783648148179054e-04 9.917434072121977806e-04 0.000000000000000000e+00 0.000000000000000000e+00 4.060400649905204773e-03 2.153666689991950989e-03 5.221040453761816025e-03 6.661055609583854675e-03 9.373083710670471191e-03 4.957478959113359451e-03
0.000000000000000000e+00 2.826094627380371094e-03 0.000000000000000000e+00 6.852788385003805161e-03 0.000000000000000000e+00 8.237524889409542084e-03 4.200921859592199326e-03 0.000000000000000000e+00 1.053630281239748001e-02 0.000000000000000000e+00 1.800857251510024071e-03
3.303663106635212898e-03 4.256505984812974930e-03 6.966175045818090439e-03 9.930924279615283012e-04 0.000000000000000000e+00 1.299918745644390583e-03 0.000000000000000000e+00 0.000000000000000000e+00 0.000000000000000000e+00 2.934567397460341454e-03 6.514073349535465240e-03
4.890617914497852325e-03 0.000000000000000000e+00 3.918001893907785416e-03 0.000000000000000000e+00 3.209730610251426697e-02 0.000000000000000000e+00 0.000000000000000000e+00 4.161482211202383041e-03 2.799746813252568245e-03 0.000000000000000000e+00 2.515758853405714035e-03
0.000000000000000000e+00 0.000000000000000000e+00 4.710710072686197236e-06 2.149994315914227627e-06 6.832314284110907465e-06 0.000000000000000000e+00 2.725392050706432201e-06 2.040915433099144138e-06 1.262182308892079163e-06 3.730956223080283962e-06 0.000000000000000000e+00
