0.000000000000000000e+00 0.000000000000000000e+00 0.000000000000000000e+00 0.000000000000000000e+00 0.000000000000000000e+00 0.000000000000000000e+00 3.794478718191385269e-03 1.023992896080017090e-02 0.000000000000000000e+00 0.000000000000000000e+00 0.000000000000000000e+00
1.167772710323333740e-02 0.000000000000000000e+00 9.373109787702560425e-03 1.025067409500479698e-03 0.000000000000000000e+00 0.000000000000000000e+00 0.000000000000000000e+00 0.000000000000000000e+00 8.126291446387767792e-03 1.458936021663248539e-03 0.000000000000000000e+00
0.000000000000000000e+00 1.577137270942330360e-03 0.000000000000000000e+00 0.000000000000000000e+00 0.000000000000000000e+00 0.000000000000000000e+00 8.977257646620273590e-03 0.000000000000000000e+00 0.000000000000000000e+00 5.701240152120590210e-04 0.000000000000000000e+00
1.000040210783481598e-02 0.000000000000000000e+00 0.000000000000000000e+00 1.143242232501506805e-02 8.446531370282173157e-03 2.616949146613478661e-03 0.000000000000000000e+00 1.088298670947551727e-02 0.000000000000000000e+00 0.000000000000000000e+00 0.000000000000000000e+00
0.000000000000000000e+00 1.798110606614500284e-04 1.188495152746327221e-04 1.359610905637964606e-04 0.000000000000000000e+00 1.254452363355085254e-04 1.007608152576722205e-04 7.630368781974539161e-05 0.000000000000000000e+00 3.066204371862113476e-04 4.904549568891525269e-04
0.000000000000000000e+00 0.000000000000000000e+00 0.000000000000000000e+00 0.000000000000000000e+00 0.000000000000000000e+00 4.855636507272720337e-04 0.000000000000000000e+00 0.000000000000000000e+00 0.000000000000000000e+00 0.000000000000000000e+00 0.000000000000000000e+00
9.831286035478115082e-03 8.393330499529838562e-04 0.000000000000000000e+00 2.338253660127520561e-03 0.000000000000000000e+00 1.213615480810403824e-02 5.551795475184917450e-03 6.807148456573486328e-03 1.568108424544334412e-02 1.434280443936586380e-02 9.488868527114391327e-03
0.000000000000000000e+00 2.205408178269863129e-03 0.000000000000000000e+00 4.539999645203351974e-03 5.937750916928052902e-03 2.252631355077028275e-03 5.766754620708525181e-04 0.000000000000000000e+00 6.846472155302762985e-03 0.000000000000000000e+00 2.524390118196606636e-03
0.000000000000000000e+00 1.552604255266487598e-03 4.105429630726575851e-03 0.000000000000000000e+00 0.000000000000000000e+00 0.000000000000000000e+00 3.345865989103913307e-03 1.210995600558817387e-03 3.701068053487688303e-04 0.000000000000000000e+00 6.734502967447042465e-03
9.042055462487041950e-04 0.000000000000000000e+00 1.002710312604904175e-02 0.000000000000000000e+00 4.087053239345550537e-02 1.448244322091341019e-03 0.000000000000000000e+00 0.000000000000000000e+00 4.755144007503986359e-03 0.000000000000000000e+00 1.349586248397827148e-02
0.000000000000000000e+00 5.845902819601178635e-07 6.352630407491233200e-06 2.326579306100029498e-06 1.006015827442752197e-05 0.000000000000000000e+00 4.800264377990970388e-06 2.747069174802163616e-06 0.000000000000000000e+00 3.599788669816916808e-06 0.000000000000000000e+00
