9.821420669555664062e+00 5.776419448852539062e+01 6.645980072021484375e+01 8.815158843994140625e+00 1.371745020151138306e-02 1.463700175285339355e+00 7.352521514892578125e+01 8.395608520507812500e+01 6.700734710693359375e+01 5.684235382080078125e+01 7.853417873382568359e+00
3.825007812500000000e+04 0.000000000000000000e+00 1.525879821777343750e+02 4.959076171875000000e+04 1.335165820312500000e+04 3.123711853027343750e+02 7.158344116210937500e+02 1.132985992431640625e+02 8.912503906250000000e+03 1.002656936645507812e+02 4.018834375000000000e+04
2.238903808593750000e+02 6.922308593750000000e+04 9.372945312500000000e+03 2.878236914062500000e+04 4.862555236816406250e+02 5.291614062500000000e+04 6.252058593750000000e+04 4.837378540039062500e+02 6.130623817443847656e-01 2.037047656250000000e+04 9.099689126014709473e-01
5.910889453125000000e+04 7.289633178710937500e+01 5.424557685852050781e+00 5.847264404296875000e+02 1.270632202148437500e+03 3.037103320312500000e+04 9.324819335937500000e+02 1.379532031250000000e+04 4.917591796875000000e+04 3.471330859375000000e+04 6.235486944206058979e-05
5.565632247924804688e+01 7.576651000976562500e+01 5.041454315185546875e+01 5.803702926635742188e+01 3.405260940780863166e-06 4.979334640502929688e+01 5.639665985107421875e+01 1.369812011718750000e+01 4.653423309326171875e+01 8.995108032226562500e+01 1.674241180419921875e+02
0.000000000000000000e+00 0.000000000000000000e+00 0.000000000000000000e+00 0.000000000000000000e+00 0.000000000000000000e+00 0.000000000000000000e+00 0.000000000000000000e+00 0.000000000000000000e+00 0.000000000000000000e+00 0.000000000000000000e+00 5.527559280395507812e+01
1.753391601562500000e+03 4.750520019531250000e+02 2.867490768432617188e+01 1.329594433593750000e+04 1.389714965820312500e+02 2.054492431640625000e+03 1.094061425781250000e+04 5.483204345703125000e+02 2.002257812500000000e+04 5.282518310546875000e+02 2.681678710937500000e+03
6.212531644678165321e-08 1.725725000000000000e+04 2.846309179687500000e+04 1.015383338928222656e+01 1.679168701171875000e+03 5.595847320556640625e+01 1.168130371093750000e+03 1.001539648437500000e+04 6.835310058593750000e+02 3.035096168518066406e+00 4.297710037231445312e+01
2.654469013214111328e+00 1.687271679687500000e+04 1.782765625000000000e+04 7.836976318359375000e+02 4.179940032958984375e+01 2.752774218750000000e+04 7.057611694335937500e+02 1.314343017578125000e+03 1.962459179687500000e+04 2.670239746093750000e+03 1.655980664062500000e+04
0.000000000000000000e+00 0.000000000000000000e+00 0.000000000000000000e+00 0.000000000000000000e+00 1.474574432373046875e+02 0.000000000000000000e+00 0.000000000000000000e+00 0.000000000000000000e+00 0.000000000000000000e+00 0.000000000000000000e+00 0.000000000000000000e+00
0.000000000000000000e+00 1.163092907518148422e-03 3.923473358154296875e-01 4.791820629179710522e-07 6.734687089920043945e-01 0.000000000000000000e+00 1.478166523156687617e-04 3.994978368282318115e-01 0.000000000000000000e+00 2.874334752559661865e-01 0.000000000000000000e+00
