8.355114936828613281e+00 5.611512756347656250e+01 5.213895416259765625e+01 6.475139617919921875e+00 4.757611751556396484e-01 0.000000000000000000e+00 5.627841949462890625e+01 5.308913803100585938e+01 4.583961486816406250e+01 4.130923080444335938e+01 3.224026918411254883e+00
4.974162109375000000e+03 0.000000000000000000e+00 2.094330859375000000e+04 1.719885546875000000e+04 4.401689941406250000e+03 3.967724990844726562e+01 5.871722412109375000e+02 1.863693475723266602e+00 1.761888281250000000e+04 8.706340789794921875e+00 2.686687011718750000e+02
2.827579956054687500e+02 1.343891601562500000e+04 3.472298339843750000e+03 1.317564331054687500e+03 4.060721435546875000e+02 5.574880371093750000e+03 3.831751464843750000e+03 3.707416687011718750e+02 6.456087646484375000e+02 1.675845117187500000e+04 2.362599182128906250e+01
1.592100878906250000e+04 1.487338476562500000e+04 7.300979614257812500e+00 2.863018945312500000e+04 7.726114746093750000e+03 2.742986328125000000e+04 4.611841796875000000e+03 6.706262207031250000e+02 1.816011328125000000e+04 4.151912231445312500e+02 0.000000000000000000e+00
5.573353576660156250e+01 5.583236694335937500e+01 2.898402023315429688e+01 4.057292938232421875e+01 1.729561518004629761e-06 4.474713516235351562e+01 5.810872268676757812e+01 1.912459564208984375e+01 6.721203613281250000e+01 8.529699707031250000e+01 1.549887847900390625e+02
0.000000000000000000e+00 0.000000000000000000e+00 0.000000000000000000e+00 0.000000000000000000e+00 0.000000000000000000e+00 0.000000000000000000e+00 0.000000000000000000e+00 0.000000000000000000e+00 0.000000000000000000e+00 0.000000000000000000e+00 1.335143470764160156e+01
5.870521240234375000e+02 5.908076171875000000e+02 8.818238067626953125e+01 1.359521789550781250e+02 3.884805297851562500e+02 3.195832214355468750e+02 1.084542602539062500e+03 7.062708984375000000e+03 2.136858203125000000e+04 6.760809326171875000e+02 1.368834375000000000e+04
2.350232932712970069e-07 2.031141406250000000e+04 2.972782421875000000e+04 1.241411337105091661e-05 5.970220947265625000e+02 1.466383972167968750e+02 1.290990114212036133e-01 2.166709228515625000e+03 2.145462304687500000e+04 1.327622070312500000e+02 2.133972942829132080e-01
7.072465209960937500e+02 7.326713867187500000e+02 9.340582031250000000e+03 5.967779296875000000e+03 9.214680176228284836e-06 5.359543359375000000e+04 3.633001171875000000e+04 6.313440429687500000e+03 4.958213671875000000e+04 4.407935485839843750e+02 6.673782348632812500e+00
8.595134019851684570e-01 3.406685180664062500e+02 5.224014892578125000e+02 0.000000000000000000e+00 4.700006640625000000e+04 1.036478614807128906e+01 0.000000000000000000e+00 0.000000000000000000e+00 9.396311950683593750e+01 2.217489242553710938e+00 1.485325164794921875e+02
0.000000000000000000e+00 2.688988810405135155e-03 3.956746757030487061e-01 1.347422748804092407e-01 8.180788755416870117e-01 0.000000000000000000e+00 5.799590609967708588e-03 3.182620406150817871e-01 3.931985236704349518e-03 4.414018392562866211e-01 0.000000000000000000e+00
