0.000000000000000000e+00 0.000000000000000000e+00 0.000000000000000000e+00 0.000000000000000000e+00 0.000000000000000000e+00 0.000000000000000000e+00 0.000000000000000000e+00 5.365917924791574478e-03 1.966991403605788946e-04 0.000000000000000000e+00 0.000000000000000000e+00
1.217500027269124985e-02 0.000000000000000000e+00 2.585714217275381088e-03 8.033431367948651314e-05 0.000000000000000000e+00 0.000000000000000000e+00 3.339716698974370956e-03 0.000000000000000000e+00 3.679740708321332932e-03 0.000000000000000000e+00 0.000000000000000000e+00
8.972342126071453094e-03 1.960293157026171684e-03 0.000000000000000000e+00 0.000000000000000000e+00 0.000000000000000000e+00 1.167452801018953323e-02 5.142648704349994659e-03 0.000000000000000000e+00 0.000000000000000000e+00 3.496880643069744110e-03 1.857852912507951260e-03
3.997992724180221558e-03 0.000000000000000000e+00 0.000000000000000000e+00 4.972123424522578716e-04 8.477509021759033203e-03 0.000000000000000000e+00 5.177902523428201675e-03 8.259440772235393524e-03 7.369626779109239578e-03 0.000000000000000000e+00 0.000000000000000000e+00
8.928963507059961557e-05 1.135240381699986756e-04 1.620017865207046270e-04 1.892449508886784315e-04 0.000000000000000000e+00 1.854746806202456355e-04 7.742368325125426054e-05 1.140658059739507735e-05 8.518203685525804758e-05 1.735898840706795454e-04 4.291349614504724741e-04
0.000000000000000000e+00 0.000000000000000000e+00 0.000000000000000000e+00 0.000000000000000000e+00 0.000000000000000000e+00 0.000000000000000000e+00 0.000000000000000000e+00 0.000000000000000000e+00 0.000000000000000000e+00 0.000000000000000000e+00 0.000000000000000000e+00
5.936398636549711227e-03 0.000000000000000000e+00 0.000000000000000000e+00 0.000000000000000000e+00 0.000000000000000000e+00 4.773719119839370251e-04 8.943855762481689453e-03 0.000000000000000000e+00 4.651765804737806320e-03 1.518443785607814789e-02 9.718448854982852936e-03
0.000000000000000000e+00 0.000000000000000000e+00 0.000000000000000000e+00 6.382077699527144432e-04 0.000000000000000000e+00 0.000000000000000000e+00 0.000000000000000000e+00 0.000000000000000000e+00 6.128389388322830200e-03 0.000000000000000000e+00 2.595573430880904198e-03
0.000000000000000000e+00 0.000000000000000000e+00 0.000000000000000000e+00 6.085494998842477798e-03 6.455468828789889812e-04 0.000000000000000000e+00 0.000000000000000000e+00 0.000000000000000000e+00 0.000000000000000000e+00 2.692711772397160530e-03 2.897321945056319237e-03
2.127517946064472198e-03 5.264256615191698074e-03 1.424259971827268600e-02 0.000000000000000000e+00 3.267557546496391296e-02 1.365909702144563198e-04 0.000000000000000000e+00 0.000000000000000000e+00 4.781362600624561310e-03 0.000000000000000000e+00 1.255889236927032471e-02
0.000000000000000000e+00 0.000000000000000000e+00 5.713791779271559790e-06 3.874295089190127328e-06 6.603979727515252307e-06 0.000000000000000000e+00 4.102047569176647812e-06 2.562580220910604112e-06 4.896444920632347930e-07 4.861454726778902113e-06 0.000000000000000000e+00
