0.000000000000000000e+00 2.220450439453125000e+03 1.049375305175781250e+02 0.000000000000000000e+00 0.000000000000000000e+00 0.000000000000000000e+00 1.087456640625000000e+04 1.448791113281250000e+04 2.045556640625000000e+01 5.577701568603515625e+00 0.000000000000000000e+00
1.755954882812500000e+04 0.000000000000000000e+00 2.194887890625000000e+04 1.572803649902343750e+02 1.754898262023925781e+01 1.981705284118652344e+01 1.283097076416015625e+01 1.264050245285034180e+00 8.868495178222656250e+01 9.136238098144531250e+00 4.750032031250000000e+04
2.290155944824218750e+02 5.213048171997070312e+01 1.380149173736572266e+01 1.736226171875000000e+04 3.919007812500000000e+03 1.127711105346679688e+02 1.139077343750000000e+04 2.086774826049804688e+00 9.603014373779296875e+01 2.469486914062500000e+04 3.018187999259680510e-05
8.533115234375000000e+03 4.607850585937500000e+03 8.667466044425964355e-01 1.753139953613281250e+02 9.039086914062500000e+01 8.766775512695312500e+01 1.395872753906250000e+04 4.472856140136718750e+01 2.777753320312500000e+04 6.335562500000000000e+03 3.733430385589599609e+00
1.425814437866210938e+01 1.350307273864746094e+01 7.176178455352783203e+00 2.473737597465515137e-01 4.999954853701638058e-06 3.993330001831054688e+00 7.142517089843750000e+00 2.814006090164184570e+00 7.124326705932617188e+00 2.083256149291992188e+01 3.702664184570312500e+01
0.000000000000000000e+00 0.000000000000000000e+00 0.000000000000000000e+00 0.000000000000000000e+00 0.000000000000000000e+00 0.000000000000000000e+00 0.000000000000000000e+00 0.000000000000000000e+00 0.000000000000000000e+00 0.000000000000000000e+00 0.000000000000000000e+00
5.390688281250000000e+04 7.174529296875000000e+03 3.498446875000000000e+04 5.697261328125000000e+04 1.603089570999145508e+00 4.160028696060180664e-01 2.129600390625000000e+04 1.090122756958007812e+02 5.165600390625000000e+04 2.028038867187500000e+04 3.161711425781250000e+03
2.379442602396011353e-01 3.035168554687500000e+04 4.050407812500000000e+04 6.870123744010925293e-01 8.021521568298339844e-01 2.131554687500000000e+04 2.850815039062500000e+04 1.285433496093750000e+04 1.468262634277343750e+02 1.057113647460937500e+02 2.328194140625000000e+04
8.375199104193598032e-05 4.471978759765625000e+01 2.343864062500000000e+04 3.631141662597656250e+01 2.205301475524902344e+01 1.678718359375000000e+04 1.646630468750000000e+04 1.151854515075683594e+01 1.956296386718750000e+02 1.157360687255859375e+02 1.129212188720703125e+02
0.000000000000000000e+00 0.000000000000000000e+00 0.000000000000000000e+00 0.000000000000000000e+00 2.481927299499511719e+01 0.000000000000000000e+00 0.000000000000000000e+00 0.000000000000000000e+00 0.000000000000000000e+00 0.000000000000000000e+00 0.000000000000000000e+00
0.000000000000000000e+00 7.528941147029399872e-03 1.135977357625961304e-01 1.757477782666683197e-02 2.785627841949462891e-01 0.000000000000000000e+00 1.519160717725753784e-02 1.142603158950805664e-01 3.754635145014617592e-07 9.154971688985824585e-02 4.758114519063383341e-04
