0.000000000000000000e+00 0.000000000000000000e+00 1.240127370692789555e-03 0.000000000000000000e+00 0.000000000000000000e+00 0.000000000000000000e+00 1.160657149739563465e-03 4.162159748375415802e-03 2.848718548193573952e-03 0.000000000000000000e+00 0.000000000000000000e+00
2.326908521354198456e-03 0.000000000000000000e+00 1.479412894695997238e-03 0.000000000000000000e+00 1.404084265232086182e-03 0.000000000000000000e+00 0.000000000000000000e+00 5.021899123676121235e-04 0.000000000000000000e+00 0.000000000000000000e+00 1.396755455061793327e-03
0.000000000000000000e+00 2.550440258346498013e-04 3.100391710177063942e-03 0.000000000000000000e+00 0.000000000000000000e+00 3.844939637929201126e-03 5.287167732603847980e-04 0.000000000000000000e+00 0.000000000000000000e+00 5.989046301692724228e-03 0.000000000000000000e+00
5.604186560958623886e-03 0.000000000000000000e+00 3.631015424616634846e-04 0.000000000000000000e+00 3.049898077733814716e-04 0.000000000000000000e+00 0.000000000000000000e+00 2.439773234073072672e-04 5.197918973863124847e-03 5.747919203713536263e-04 0.000000000000000000e+00
0.000000000000000000e+00 1.167355439974926412e-04 1.491284929215908051e-04 3.039009243366308510e-05 0.000000000000000000e+00 1.719431165838614106e-04 1.297488488489761949e-04 0.000000000000000000e+00 7.136460772017017007e-05 2.144375030184164643e-04 4.685255407821387053e-04
0.000000000000000000e+00 4.086940083652734756e-03 1.610593288205564022e-03 0.000000000000000000e+00 0.000000000000000000e+00 1.659742742776870728e-02 0.000000000000000000e+00 0.000000000000000000e+00 0.000000000000000000e+00 4.338065162301063538e-03 2.474322542548179626e-02
1.799337449483573437e-03 0.000000000000000000e+00 3.889465297106653452e-04 2.524269279092550278e-03 0.000000000000000000e+00 5.887137725949287415e-03 1.996054314076900482e-03 7.531342096626758575e-03 4.023705143481492996e-03 6.044530309736728668e-03 8.568240446038544178e-04
0.000000000000000000e+00 0.000000000000000000e+00 0.000000000000000000e+00 0.000000000000000000e+00 5.264143925160169601e-03 3.841657191514968872e-03 0.000000000000000000e+00 0.000000000000000000e+00 0.000000000000000000e+00 0.000000000000000000e+00 0.000000000000000000e+00
0.000000000000000000e+00 1.345339696854352951e-03 5.773168522864580154e-04 0.000000000000000000e+00 0.000000000000000000e+00 2.866296272259205580e-04 4.760509356856346130e-03 0.000000000000000000e+00 3.183399792760610580e-03 0.000000000000000000e+00 4.522525239735841751e-03
2.951687434688210487e-03 3.379658330231904984e-03 1.732547301799058914e-03 0.000000000000000000e+00 2.165036275982856750e-02 0.000000000000000000e+00 0.000000000000000000e+00 0.000000000000000000e+00 2.916665980592370033e-03 0.000000000000000000e+00 7.687777746468782425e-03
0.000000000000000000e+00 0.000000000000000000e+00 2.602462473078048788e-06 5.602296937468054239e-07 8.027465810300782323e-06 0.000000000000000000e+00 2.125331775459926575e-06 4.623647328116931021e-06 0.000000000000000000e+00 3.424750730118830688e-06 0.000000000000000000e+00
