0.000000000000000000e+00 0.000000000000000000e+00 4.324257839471101761e-03 0.000000000000000000e+00 0.000000000000000000e+00 0.000000000000000000e+00 0.000000000000000000e+00 6.550031714141368866e-03 6.142815575003623962e-03 0.000000000000000000e+00 0.000000000000000000e+00
6.631363648921251297e-03 0.000000000000000000e+00 4.913111682981252670e-03 3.128364682197570801e-03 0.000000000000000000e+00 0.000000000000000000e+00 6.488813553005456924e-03 6.747858133167028427e-04 0.000000000000000000e+00 0.000000000000000000e+00 0.000000000000000000e+00
0.000000000000000000e+00 8.302094414830207825e-03 5.743229296058416367e-03 0.000000000000000000e+00 4.890650161541998386e-04 3.919573500752449036e-03 0.000000000000000000e+00 0.000000000000000000e+00 7.568165194243192673e-03 5.030795000493526459e-03 1.443525543436408043e-04
8.351584896445274353e-03 2.047173678874969482e-03 1.618509413674473763e-03 0.000000000000000000e+00 1.070417230948805809e-03 0.000000000000000000e+00 0.000000000000000000e+00 8.273244835436344147e-03 5.706088268198072910e-04 3.587420564144849777e-03 0.000000000000000000e+00
2.365892032685223967e-05 1.094516919692978263e-04 1.660170964896678925e-04 1.337780850008130074e-04 0.000000000000000000e+00 1.143372137448750436e-04 3.904088225681334734e-05 5.778322156402282417e-05 7.412212289636954665e-05 2.432482287986204028e-04 3.845643077511340380e-04
0.000000000000000000e+00 0.000000000000000000e+00 0.000000000000000000e+00 0.000000000000000000e+00 0.000000000000000000e+00 0.000000000000000000e+00 0.000000000000000000e+00 0.000000000000000000e+00 0.000000000000000000e+00 0.000000000000000000e+00 4.336808689942017736e-19
7.017215713858604431e-03 7.428925018757581711e-03 0.000000000000000000e+00 0.000000000000000000e+00 4.974554758518934250e-04 3.138023195788264275e-03 2.423904603347182274e-03 5.552008748054504395e-03 3.416882129386067390e-03 4.176488146185874939e-03 0.000000000000000000e+00
0.000000000000000000e+00 0.000000000000000000e+00 0.000000000000000000e+00 8.268575184047222137e-04 4.868839401751756668e-03 0.000000000000000000e+00 0.000000000000000000e+00 0.000000000000000000e+00 7.845339365303516388e-03 0.000000000000000000e+00 0.000000000000000000e+00
0.000000000000000000e+00 4.221444483846426010e-03 4.660036414861679077e-03 0.000000000000000000e+00 0.000000000000000000e+00 0.000000000000000000e+00 3.992559388279914856e-03 0.000000000000000000e+00 0.000000000000000000e+00 8.369483985006809235e-04 2.332200529053807259e-03
5.449627526104450226e-03 2.530206693336367607e-03 4.783955402672290802e-03 0.000000000000000000e+00 2.774936892092227936e-02 0.000000000000000000e+00 2.023986540734767914e-03 0.000000000000000000e+00 7.672521285712718964e-03 0.000000000000000000e+00 5.884285084903240204e-03
0.000000000000000000e+00 0.000000000000000000e+00 1.630080078030005097e-06 0.000000000000000000e+00 3.976340849476400763e-06 0.000000000000000000e+00 4.638160362446797080e-07 6.415972393369884230e-07 0.000000000000000000e+00 7.816227594048541505e-07 0.000000000000000000e+00
