0.000000000000000000e+00 6.111753638833761215e-03 0.000000000000000000e+00 0.000000000000000000e+00 0.000000000000000000e+00 0.000000000000000000e+00 2.507929690182209015e-03 4.335972946137189865e-03 0.000000000000000000e+00 0.000000000000000000e+00 0.000000000000000000e+00
7.709776051342487335e-03 0.000000000000000000e+00 0.000000000000000000e+00 0.000000000000000000e+00 0.000000000000000000e+00 0.000000000000000000e+00 0.000000000000000000e+00 0.000000000000000000e+00 8.186408085748553276e-04 0.000000000000000000e+00 0.000000000000000000e+00
3.223000676371157169e-04 0.000000000000000000e+00 0.000000000000000000e+00 0.000000000000000000e+00 5.331504624336957932e-03 3.083943156525492668e-03 1.138471625745296478e-02 0.000000000000000000e+00 1.912024919874966145e-03 5.716947373002767563e-03 0.000000000000000000e+00
9.409471414983272552e-03 0.000000000000000000e+00 0.000000000000000000e+00 0.000000000000000000e+00 6.761409342288970947e-03 0.000000000000000000e+00 4.601314722094684839e-04 2.412890782579779625e-03 1.346935168839991093e-03 0.000000000000000000e+00 0.000000000000000000e+00
1.056486944435164332e-04 2.233999402960762382e-04 2.584320027381181717e-04 1.756597193889319897e-04 0.000000000000000000e+00 6.879409920657053590e-05 1.791627146303653717e-04 5.275087823974899948e-05 1.860041229519993067e-04 1.680835994193330407e-04 6.500543095171451569e-04
0.000000000000000000e+00 0.000000000000000000e+00 0.000000000000000000e+00 0.000000000000000000e+00 0.000000000000000000e+00 2.382166683673858643e-03 0.000000000000000000e+00 0.000000000000000000e+00 0.000000000000000000e+00 0.000000000000000000e+00 0.000000000000000000e+00
2.464666031301021576e-03 2.748404163867235184e-03 0.000000000000000000e+00 5.034956615418195724e-03 0.000000000000000000e+00 0.000000000000000000e+00 1.448185794288292527e-04 0.000000000000000000e+00 0.000000000000000000e+00 2.696531591936945915e-04 0.000000000000000000e+00
0.000000000000000000e+00 2.089249668642878532e-03 7.078237831592559814e-03 0.000000000000000000e+00 0.000000000000000000e+00 0.000000000000000000e+00 0.000000000000000000e+00 3.249993082135915756e-03 0.000000000000000000e+00 0.000000000000000000e+00 3.600711002945899963e-03
0.000000000000000000e+00 7.366619072854518890e-03 0.000000000000000000e+00 3.851295216009020805e-03 0.000000000000000000e+00 0.000000000000000000e+00 0.000000000000000000e+00 0.000000000000000000e+00 0.000000000000000000e+00 3.454928519204258919e-04 5.500639323145151138e-03
5.401597358286380768e-03 6.225880351848900318e-04 1.438099332153797150e-02 0.000000000000000000e+00 3.242505341768264771e-02 0.000000000000000000e+00 0.000000000000000000e+00 0.000000000000000000e+00 5.766361020505428314e-03 0.000000000000000000e+00 1.104163099080324173e-02
0.000000000000000000e+00 3.609593477449379861e-07 6.491505700978450477e-06 1.202079488393792417e-06 1.297098060604184866e-05 0.000000000000000000e+00 4.945401542499894276e-06 5.331590273272013292e-06 1.635857188375666738e-06 6.157927600725088269e-06 0.000000000000000000e+00
