0.000000000000000000e+00 4.339908482506871223e-04 4.969042725861072540e-03 0.000000000000000000e+00 0.000000000000000000e+00 0.000000000000000000e+00 3.241000697016716003e-03 1.580503070726990700e-03 2.283178400830365717e-05 0.000000000000000000e+00 0.000000000000000000e+00
7.352324202656745911e-03 0.000000000000000000e+00 1.162953115999698639e-02 2.694349503144621849e-03 0.000000000000000000e+00 0.000000000000000000e+00 1.898316666483879089e-03 1.018270500935614109e-03 0.000000000000000000e+00 0.000000000000000000e+00 0.000000000000000000e+00
9.728288277983665466e-03 7.823298685252666473e-03 8.502691052854061127e-04 0.000000000000000000e+00 2.054202137514948845e-03 5.978337489068508148e-03 0.000000000000000000e+00 0.000000000000000000e+00 1.455938536673784256e-02 7.128017954528331757e-03 0.000000000000000000e+00
7.483704481273889542e-03 0.000000000000000000e+00 2.956172102130949497e-04 0.000000000000000000e+00 1.670018211007118225e-02 0.000000000000000000e+00 0.000000000000000000e+00 8.379797451198101044e-03 0.000000000000000000e+00 3.815468866378068924e-03 0.000000000000000000e+00
0.000000000000000000e+00 1.947742130141705275e-04 1.709240314085036516e-04 2.015908103203400970e-04 0.000000000000000000e+00 2.674789866432547569e-04 1.691275974735617638e-04 0.000000000000000000e+00 5.823757237521931529e-05 5.005411221645772457e-04 1.014577574096620083e-03
0.000000000000000000e+00 0.000000000000000000e+00 0.000000000000000000e+00 0.000000000000000000e+00 0.000000000000000000e+00 4.095137046533636749e-05 0.000000000000000000e+00 0.000000000000000000e+00 0.000000000000000000e+00 0.000000000000000000e+00 0.000000000000000000e+00
5.277721676975488663e-03 5.875966046005487442e-03 0.000000000000000000e+00 0.000000000000000000e+00 0.000000000000000000e+00 4.798046778887510300e-03 7.512439507991075516e-03 8.950231596827507019e-03 8.476166985929012299e-03 0.000000000000000000e+00 1.114515680819749832e-02
0.000000000000000000e+00 0.000000000000000000e+00 0.000000000000000000e+00 3.981831483542919159e-03 1.390096149407327175e-03 0.000000000000000000e+00 0.000000000000000000e+00 8.528225589543581009e-04 1.493945065885782242e-02 1.606928533874452114e-03 0.000000000000000000e+00
6.763175479136407375e-04 1.565852761268615723e-02 0.000000000000000000e+00 0.000000000000000000e+00 0.000000000000000000e+00 0.000000000000000000e+00 1.063529774546623230e-02 0.000000000000000000e+00 0.000000000000000000e+00 3.064940450713038445e-03 1.023774966597557068e-03
9.401219896972179413e-03 1.067315414547920227e-02 8.610665798187255859e-03 0.000000000000000000e+00 3.929816186428070068e-02 0.000000000000000000e+00 0.000000000000000000e+00 9.543275460600852966e-03 2.394233131781220436e-03 0.000000000000000000e+00 1.940356940031051636e-02
0.000000000000000000e+00 0.000000000000000000e+00 6.885718448756961152e-06 0.000000000000000000e+00 1.215887550642946735e-05 0.000000000000000000e+00 0.000000000000000000e+00 4.220405571686569601e-06 0.000000000000000000e+00 3.786722345466841944e-06 0.000000000000000000e+00
