0.000000000000000000e+00 0.000000000000000000e+00 1.412464422173798084e-03 0.000000000000000000e+00 0.000000000000000000e+00 0.000000000000000000e+00 5.234382115304470062e-04 8.873280603438615799e-04 0.000000000000000000e+00 0.000000000000000000e+00 0.000000000000000000e+00
1.518824836239218712e-03 0.000000000000000000e+00 0.000000000000000000e+00 0.000000000000000000e+00 0.000000000000000000e+00 0.000000000000000000e+00 0.000000000000000000e+00 0.000000000000000000e+00 0.000000000000000000e+00 0.000000000000000000e+00 0.000000000000000000e+00
1.028952421620488167e-03 4.681719474319834262e-06 7.880573393777012825e-04 0.000000000000000000e+00 3.949265519622713327e-04 0.000000000000000000e+00 6.401012069545686245e-04 0.000000000000000000e+00 0.000000000000000000e+00 2.115626819431781769e-03 0.000000000000000000e+00
2.629747381433844566e-03 0.000000000000000000e+00 6.789816543459892273e-04 0.000000000000000000e+00 9.455856052227318287e-04 0.000000000000000000e+00 1.331446459516882896e-03 0.000000000000000000e+00 2.368203364312648773e-03 4.815026768483221531e-04 0.000000000000000000e+00
3.000027390953619033e-07 4.170671672909520566e-05 5.309162588673643768e-05 3.322543852846138179e-05 0.000000000000000000e+00 2.755860077741090208e-05 5.612320819636806846e-05 2.613337164802942425e-05 5.799434438813477755e-05 6.747009319951757789e-05 1.689310593064874411e-04
0.000000000000000000e+00 1.400331384502351284e-03 1.013885950669646263e-03 1.448525435989722610e-04 0.000000000000000000e+00 7.833340205252170563e-03 0.000000000000000000e+00 0.000000000000000000e+00 0.000000000000000000e+00 3.484318265691399574e-03 1.152374502271413803e-02
1.084317103959619999e-03 0.000000000000000000e+00 0.000000000000000000e+00 1.015093759633600712e-03 0.000000000000000000e+00 1.178231905214488506e-03 0.000000000000000000e+00 2.470718929544091225e-03 1.455764053389430046e-03 7.171432371251285076e-04 1.094571547582745552e-03
0.000000000000000000e+00 1.402809284627437592e-03 1.304847653955221176e-03 1.065832446329295635e-03 3.803091822192072868e-04 6.602807843592017889e-05 0.000000000000000000e+00 0.000000000000000000e+00 2.177035348722711205e-04 0.000000000000000000e+00 0.000000000000000000e+00
2.000644337385892868e-03 8.204213227145373821e-04 0.000000000000000000e+00 2.571943623479455709e-04 0.000000000000000000e+00 5.781549261882901192e-04 1.345962635241448879e-03 7.133914041332900524e-04 1.054691267199814320e-03 0.000000000000000000e+00 1.561358338221907616e-03
1.068078912794589996e-03 0.000000000000000000e+00 2.594846067950129509e-03 0.000000000000000000e+00 7.939898408949375153e-03 0.000000000000000000e+00 0.000000000000000000e+00 8.122659346554428339e-05 6.242791278054937720e-05 0.000000000000000000e+00 2.574402606114745140e-03
0.000000000000000000e+00 3.209993337804917246e-08 4.574835088533291128e-07 3.188580421920050867e-07 1.144670591202157084e-06 0.000000000000000000e+00 1.604031041324560647e-07 1.164706077361188363e-06 0.000000000000000000e+00 8.598235581303015351e-07 0.000000000000000000e+00
