0.000000000000000000e+00 4.860883951187133789e-02 1.474730074405670166e-01 0.000000000000000000e+00 0.000000000000000000e+00 0.000000000000000000e+00 1.458261720836162567e-02 3.898959234356880188e-02 0.000000000000000000e+00 1.292700041085481644e-02 0.000000000000000000e+00
3.157905861735343933e-02 0.000000000000000000e+00 6.141484249383211136e-03 2.540465593338012695e-01 1.773453503847122192e-02 4.908204078674316406e-02 1.133506149053573608e-01 7.739377766847610474e-02 6.275726854801177979e-02 4.570356756448745728e-02 0.000000000000000000e+00
4.577824147418141365e-04 1.297649741172790527e-01 1.031698565930128098e-02 1.226898934692144394e-02 5.531011894345283508e-02 4.221827536821365356e-02 4.840118065476417542e-02 6.900252401828765869e-02 5.709250690415501595e-04 4.005463048815727234e-02 0.000000000000000000e+00
7.674495875835418701e-02 4.433812201023101807e-02 3.484324261080473661e-04 6.832404527813196182e-03 0.000000000000000000e+00 9.183698147535324097e-02 6.636980921030044556e-02 1.402212120592594147e-02 2.695998735725879669e-02 7.537046447396278381e-03 0.000000000000000000e+00
8.000823436304926872e-05 6.310589378699660301e-04 2.319281193194910884e-04 3.413165395613759756e-04 0.000000000000000000e+00 2.020556130446493626e-04 3.880005097016692162e-04 2.895002253353595734e-04 3.513155970722436905e-04 5.063216085545718670e-04 1.213499577715992928e-03
0.000000000000000000e+00 0.000000000000000000e+00 0.000000000000000000e+00 0.000000000000000000e+00 0.000000000000000000e+00 0.000000000000000000e+00 0.000000000000000000e+00 0.000000000000000000e+00 0.000000000000000000e+00 0.000000000000000000e+00 1.801619678735733032e-02
6.256260909140110016e-03 0.000000000000000000e+00 0.000000000000000000e+00 4.400372877717018127e-02 8.925671130418777466e-02 8.645648136734962463e-03 9.079090505838394165e-02 0.000000000000000000e+00 3.677970916032791138e-02 1.533313840627670288e-02 4.626416787505149841e-02
1.410921066999435425e-01 5.760782957077026367e-01 4.874691367149353027e-01 0.000000000000000000e+00 3.615965247154235840e-01 5.428565740585327148e-01 3.324517011642456055e-01 3.788272142410278320e-01 2.477152459323406219e-02 3.437040150165557861e-01 2.171389162540435791e-01
0.000000000000000000e+00 3.355060517787933350e-02 1.160655543208122253e-02 8.310698717832565308e-02 0.000000000000000000e+00 2.264606654644012451e-01 2.257726388052105904e-03 1.286059468984603882e-01 1.443844754248857498e-02 0.000000000000000000e+00 1.695291884243488312e-02
3.527163295075297356e-03 0.000000000000000000e+00 1.749669387936592102e-02 0.000000000000000000e+00 1.577878892421722412e-01 1.697379862889647484e-03 2.251204336062073708e-03 1.445960369892418385e-04 1.186010986566543579e-02 0.000000000000000000e+00 5.573881417512893677e-02
0.000000000000000000e+00 0.000000000000000000e+00 1.008519848255673423e-05 2.437114062558976002e-06 1.151812284660991281e-05 0.000000000000000000e+00 9.043959607879514806e-07 5.224018423177767545e-06 0.000000000000000000e+00 4.239309419062919915e-06 0.000000000000000000e+00
