0.000000000000000000e+00 1.297793630510568619e-02 2.920611063018441200e-03 0.000000000000000000e+00 0.000000000000000000e+00 0.000000000000000000e+00 0.000000000000000000e+00 1.573383924551308155e-03 2.825495786964893341e-03 0.000000000000000000e+00 0.000000000000000000e+00
1.329204533249139786e-02 0.000000000000000000e+00 6.951215676963329315e-03 0.000000000000000000e+00 0.000000000000000000e+00 0.000000000000000000e+00 1.432821806520223618e-02 9.749523014761507511e-04 0.000000000000000000e+00 0.000000000000000000e+00 0.000000000000000000e+00
0.000000000000000000e+00 6.849486380815505981e-03 1.254974980838596821e-03 8.623967878520488739e-03 4.185346420854330063e-03 7.242578547447919846e-03 5.662343930453062057e-03 0.000000000000000000e+00 0.000000000000000000e+00 0.000000000000000000e+00 1.187839778140187263e-03
5.391700658947229385e-03 0.000000000000000000e+00 5.252067930996417999e-03 4.892644938081502914e-03 5.622202996164560318e-03 0.000000000000000000e+00 0.000000000000000000e+00 1.317843142896890640e-02 7.297449745237827301e-03 0.000000000000000000e+00 0.000000000000000000e+00
0.000000000000000000e+00 4.717671254184097052e-05 2.618701910250820220e-05 1.508138520875945687e-04 0.000000000000000000e+00 5.290041008265689015e-05 1.142375549534335732e-04 1.286201732000336051e-04 4.611094118445180357e-05 1.154190031229518354e-04 3.841607831418514252e-04
0.000000000000000000e+00 0.000000000000000000e+00 0.000000000000000000e+00 0.000000000000000000e+00 0.000000000000000000e+00 0.000000000000000000e+00 0.000000000000000000e+00 0.000000000000000000e+00 0.000000000000000000e+00 0.000000000000000000e+00 0.000000000000000000e+00
8.820127695798873901e-03 4.432017914950847626e-03 0.000000000000000000e+00 0.000000000000000000e+00 0.000000000000000000e+00 5.822713486850261688e-03 2.356594195589423180e-03 3.002572804689407349e-03 8.653217228129506111e-04 1.311194151639938354e-03 2.519138855859637260e-03
0.000000000000000000e+00 0.000000000000000000e+00 0.000000000000000000e+00 0.000000000000000000e+00 3.555220784619450569e-03 0.000000000000000000e+00 2.253114711493253708e-03 0.000000000000000000e+00 0.000000000000000000e+00 0.000000000000000000e+00 0.000000000000000000e+00
3.775058081373572350e-03 0.000000000000000000e+00 7.809029892086982727e-03 0.000000000000000000e+00 0.000000000000000000e+00 0.000000000000000000e+00 9.103953838348388672e-03 0.000000000000000000e+00 0.000000000000000000e+00 0.000000000000000000e+00 4.593712277710437775e-03
2.179243601858615875e-03 3.449401410762220621e-04 1.117230299860239029e-02 0.000000000000000000e+00 3.435918316245079041e-02 0.000000000000000000e+00 3.097305307164788246e-04 0.000000000000000000e+00 7.192968390882015228e-03 1.925620250403881073e-03 7.052110508084297180e-03
0.000000000000000000e+00 4.561916853162983898e-07 3.001315008077654056e-06 2.152193928850465454e-06 4.185902980680111796e-06 0.000000000000000000e+00 2.742269089139881544e-06 1.720389718684600666e-06 0.000000000000000000e+00 2.718028554227203131e-06 0.000000000000000000e+00
