4.998292446136474609e+00 2.746528244018554688e+01 2.836466407775878906e+01 2.200028419494628906e+00 5.005171988159418106e-05 1.540541052818298340e-01 3.009179878234863281e+01 3.085176277160644531e+01 2.565729331970214844e+01 2.136221504211425781e+01 5.861464887857437134e-02
1.011079711914062500e+03 0.000000000000000000e+00 4.342615234375000000e+03 6.730815429687500000e+03 1.676271667480468750e+02 1.979577392339706421e-01 4.571715087890625000e+02 2.609040451049804688e+01 8.986409759521484375e+01 6.495465820312500000e+03 1.469032958984375000e+03
1.204335829243063927e-03 3.912333374023437500e+02 4.615670776367187500e+01 8.206503295898437500e+01 4.730046726763248444e-03 1.055150585937500000e+04 2.102441650390625000e+03 1.948656272888183594e+01 5.896607421875000000e+03 4.878972656250000000e+03 0.000000000000000000e+00
2.153334960937500000e+03 1.323120422363281250e+02 1.216017303466796875e+02 3.725116699218750000e+03 3.527548980712890625e+01 1.298944244384765625e+02 8.152288818359375000e+02 6.274291015625000000e+03 3.964278259277343750e+02 2.030240936279296875e+02 1.638218505859375000e+03
1.522269845008850098e-01 1.446032905578613281e+01 2.829504013061523438e-01 1.009237647056579590e+00 0.000000000000000000e+00 5.426460266113281250e+00 1.269474029541015625e+01 5.476387143135070801e-01 4.327452182769775391e+00 1.506570816040039062e+01 4.366237640380859375e+01
0.000000000000000000e+00 0.000000000000000000e+00 0.000000000000000000e+00 0.000000000000000000e+00 0.000000000000000000e+00 0.000000000000000000e+00 0.000000000000000000e+00 0.000000000000000000e+00 0.000000000000000000e+00 0.000000000000000000e+00 1.839129066467285156e+01
9.364257202148437500e+02 4.710490722656250000e+03 6.945226341485977173e-04 5.723718750000000000e+03 0.000000000000000000e+00 2.880050837993621826e-01 4.753641510009765625e+01 1.218109497070312500e+03 6.496148681640625000e+02 4.248065429687500000e+03 6.071639160156250000e+03
0.000000000000000000e+00 5.298648925781250000e+03 3.334106445312500000e+01 1.339629760742187500e+03 2.441514587402343750e+01 3.945325317382812500e+02 3.482823486328125000e+02 3.625152832031250000e+03 5.911990234375000000e+03 9.841986466199159622e-04 4.078845520019531250e+02
0.000000000000000000e+00 5.213626098632812500e+02 5.175817871093750000e+02 4.321132812500000000e+03 3.218326091766357422e+00 6.399225616455078125e+01 1.085249414062500000e+04 0.000000000000000000e+00 7.923951557131658774e-07 8.282841796875000000e+02 3.156227783203125000e+03
2.616467652842402458e-03 0.000000000000000000e+00 0.000000000000000000e+00 0.000000000000000000e+00 3.687063598632812500e+01 0.000000000000000000e+00 0.000000000000000000e+00 0.000000000000000000e+00 0.000000000000000000e+00 0.000000000000000000e+00 3.755440935492515564e-02
0.000000000000000000e+00 7.223804295063018799e-02 3.349793553352355957e-01 2.064212784171104431e-02 2.705357968807220459e-01 0.000000000000000000e+00 1.325465142726898193e-01 1.823825091123580933e-01 6.678894907236099243e-02 2.672105729579925537e-01 2.271912526339292526e-04
