0.000000000000000000e+00 2.450731815770268440e-03 1.011363565339706838e-04 0.000000000000000000e+00 0.000000000000000000e+00 0.000000000000000000e+00 8.126003667712211609e-03 9.365399368107318878e-03 0.000000000000000000e+00 0.000000000000000000e+00 0.000000000000000000e+00
4.855520557612180710e-03 0.000000000000000000e+00 0.000000000000000000e+00 0.000000000000000000e+00 0.000000000000000000e+00 0.000000000000000000e+00 0.000000000000000000e+00 3.121321089565753937e-03 5.742028355598449707e-03 0.000000000000000000e+00 0.000000000000000000e+00
4.012173507362604141e-03 5.792603828012943268e-03 2.154845278710126877e-03 0.000000000000000000e+00 4.406716208904981613e-03 0.000000000000000000e+00 0.000000000000000000e+00 0.000000000000000000e+00 1.284910249523818493e-03 2.769928425550460815e-03 0.000000000000000000e+00
0.000000000000000000e+00 0.000000000000000000e+00 0.000000000000000000e+00 1.194146170746535063e-04 0.000000000000000000e+00 0.000000000000000000e+00 0.000000000000000000e+00 6.385020911693572998e-03 5.930874249315820634e-05 6.927171256393194199e-03 0.000000000000000000e+00
7.402763731079176068e-05 3.262124955654144287e-04 1.870018313638865948e-04 2.647313813213258982e-04 0.000000000000000000e+00 2.006531867664307356e-04 1.566755527164787054e-04 1.273751840926706791e-04 2.841403475031256676e-04 4.236812237650156021e-04 6.492222310043871403e-04
0.000000000000000000e+00 0.000000000000000000e+00 0.000000000000000000e+00 0.000000000000000000e+00 0.000000000000000000e+00 5.826354026794433594e-05 0.000000000000000000e+00 0.000000000000000000e+00 0.000000000000000000e+00 0.000000000000000000e+00 0.000000000000000000e+00
1.197192911058664322e-02 0.000000000000000000e+00 0.000000000000000000e+00 1.729583309497684240e-04 0.000000000000000000e+00 1.567441388033330441e-03 0.000000000000000000e+00 0.000000000000000000e+00 7.391730323433876038e-03 0.000000000000000000e+00 0.000000000000000000e+00
0.000000000000000000e+00 5.084736738353967667e-03 4.696534015238285065e-03 2.723596291616559029e-03 0.000000000000000000e+00 0.000000000000000000e+00 0.000000000000000000e+00 0.000000000000000000e+00 3.142812289297580719e-03 0.000000000000000000e+00 5.841593956574797630e-04
3.129809629172086716e-03 3.860221244394779205e-03 2.503007650375366211e-03 0.000000000000000000e+00 0.000000000000000000e+00 2.409814391285181046e-03 5.533516407012939453e-03 0.000000000000000000e+00 0.000000000000000000e+00 2.928748959675431252e-03 5.195502657443284988e-03
8.107323199510574341e-03 5.498755723237991333e-03 5.881129298359155655e-03 0.000000000000000000e+00 3.660292550921440125e-02 1.053998898714780807e-02 0.000000000000000000e+00 0.000000000000000000e+00 1.909821759909391403e-03 0.000000000000000000e+00 6.485558114945888519e-03
0.000000000000000000e+00 0.000000000000000000e+00 2.212844492532894947e-06 5.190703973312338348e-07 3.634170070654363371e-06 0.000000000000000000e+00 1.337698734005243750e-07 1.945744543263572268e-06 0.000000000000000000e+00 6.468977176155021880e-07 0.000000000000000000e+00
