0.000000000000000000e+00 9.066279977560043335e-02 2.750709885731339455e-03 0.000000000000000000e+00 0.000000000000000000e+00 0.000000000000000000e+00 1.443476229906082153e-01 1.443180888891220093e-01 8.030621334910392761e-03 5.644358694553375244e-02 0.000000000000000000e+00
7.986030541360378265e-03 0.000000000000000000e+00 5.258777644485235214e-03 8.206082880496978760e-02 6.193469837307929993e-02 0.000000000000000000e+00 1.331039965152740479e-01 6.300461292266845703e-02 0.000000000000000000e+00 1.374471336603164673e-01 1.253519803285598755e-01
0.000000000000000000e+00 1.187224760651588440e-01 2.913495292887091637e-03 4.914663732051849365e-03 0.000000000000000000e+00 1.335655301809310913e-01 3.188278973102569580e-01 7.544098049402236938e-02 2.618786692619323730e-01 1.991735249757766724e-01 0.000000000000000000e+00
4.701791703701019287e-02 0.000000000000000000e+00 0.000000000000000000e+00 7.133483886718750000e-03 9.726831316947937012e-02 2.204162478446960449e-01 8.942729234695434570e-02 2.457402497529983521e-01 1.240100562572479248e-01 4.117948934435844421e-03 5.680753290653228760e-02
2.751250758592505008e-05 2.922340063378214836e-04 1.564603007864207029e-04 8.909607458917889744e-06 0.000000000000000000e+00 2.347348527109716088e-05 5.976334796287119389e-05 0.000000000000000000e+00 3.488412767183035612e-05 4.257461114320904016e-05 4.508455167524516582e-04
0.000000000000000000e+00 0.000000000000000000e+00 0.000000000000000000e+00 0.000000000000000000e+00 0.000000000000000000e+00 0.000000000000000000e+00 0.000000000000000000e+00 0.000000000000000000e+00 0.000000000000000000e+00 0.000000000000000000e+00 0.000000000000000000e+00
3.199590137228369713e-03 3.471358679234981537e-03 0.000000000000000000e+00 1.716684252023696899e-01 0.000000000000000000e+00 4.296140978112816811e-04 2.709717722609639168e-03 0.000000000000000000e+00 2.903381735086441040e-02 1.910689622163772583e-01 1.470084935426712036e-01
0.000000000000000000e+00 3.358826739713549614e-03 0.000000000000000000e+00 0.000000000000000000e+00 0.000000000000000000e+00 0.000000000000000000e+00 0.000000000000000000e+00 3.111523343250155449e-03 3.310563862323760986e-01 0.000000000000000000e+00 2.171148061752319336e-01
9.135135263204574585e-02 1.006795987486839294e-01 7.201471365988254547e-03 1.943315267562866211e-01 1.583229899406433105e-01 9.949114918708801270e-02 1.632688194513320923e-02 0.000000000000000000e+00 3.470680862665176392e-02 4.458118602633476257e-02 1.068728193640708923e-01
3.295912872999906540e-03 1.200806628912687302e-02 2.526659891009330750e-02 3.457877784967422485e-03 9.885112941265106201e-02 1.638046465814113617e-02 2.615081891417503357e-02 5.061781033873558044e-03 1.623396202921867371e-02 3.653881372883915901e-03 0.000000000000000000e+00
0.000000000000000000e+00 7.306579874466478941e-08 3.682342594402143732e-06 0.000000000000000000e+00 4.475559308048104867e-06 0.000000000000000000e+00 8.012325452000368387e-07 1.609101673238910735e-06 0.000000000000000000e+00 1.722691877148463391e-06 0.000000000000000000e+00
