0.000000000000000000e+00 0.000000000000000000e+00 1.870926236733794212e-03 0.000000000000000000e+00 0.000000000000000000e+00 0.000000000000000000e+00 1.271830638870596886e-03 2.080386737361550331e-03 2.125123050063848495e-03 2.834520535543560982e-03 0.000000000000000000e+00
5.570235662162303925e-03 0.000000000000000000e+00 4.605144727975130081e-03 5.715764593333005905e-03 0.000000000000000000e+00 0.000000000000000000e+00 5.057184025645256042e-04 0.000000000000000000e+00 0.000000000000000000e+00 0.000000000000000000e+00 0.000000000000000000e+00
8.033154299482703209e-04 2.645456697791814804e-03 0.000000000000000000e+00 0.000000000000000000e+00 0.000000000000000000e+00 8.717806078493595123e-03 0.000000000000000000e+00 0.000000000000000000e+00 6.874373182654380798e-03 5.780650768429040909e-03 7.025081198662519455e-03
3.851449815556406975e-03 0.000000000000000000e+00 0.000000000000000000e+00 5.934312473982572556e-03 1.042363233864307404e-02 7.044845260679721832e-03 3.914751112461090088e-03 6.369884125888347626e-03 0.000000000000000000e+00 0.000000000000000000e+00 0.000000000000000000e+00
0.000000000000000000e+00 4.275633546058088541e-05 4.417871241457760334e-05 1.002868157229386270e-04 0.000000000000000000e+00 3.434955488046398386e-06 1.704312671790830791e-05 6.032179953763261437e-05 0.000000000000000000e+00 2.077238059428054839e-05 2.001509128604084253e-04
0.000000000000000000e+00 0.000000000000000000e+00 0.000000000000000000e+00 0.000000000000000000e+00 0.000000000000000000e+00 2.401947422185912728e-04 0.000000000000000000e+00 0.000000000000000000e+00 0.000000000000000000e+00 0.000000000000000000e+00 0.000000000000000000e+00
4.610993899405002594e-03 6.338066421449184418e-03 0.000000000000000000e+00 2.014248457271605730e-04 0.000000000000000000e+00 3.180461237207055092e-03 6.255166139453649521e-03 4.814017564058303833e-03 4.920638632029294968e-03 4.329919349402189255e-03 3.334261244162917137e-03
0.000000000000000000e+00 2.342493971809744835e-03 0.000000000000000000e+00 7.811968098394572735e-04 2.458360744640231133e-03 0.000000000000000000e+00 5.194828379899263382e-03 6.142830941826105118e-03 1.275260932743549347e-02 0.000000000000000000e+00 0.000000000000000000e+00
0.000000000000000000e+00 3.598996205255389214e-03 1.323837786912918091e-03 0.000000000000000000e+00 0.000000000000000000e+00 0.000000000000000000e+00 7.188652525655925274e-04 1.401968998834490776e-03 3.345730248838663101e-03 0.000000000000000000e+00 0.000000000000000000e+00
0.000000000000000000e+00 5.891918670386075974e-03 7.918233983218669891e-03 0.000000000000000000e+00 2.880776673555374146e-02 4.975772928446531296e-03 1.159452483989298344e-03 0.000000000000000000e+00 4.711420740932226181e-03 0.000000000000000000e+00 1.053684577345848083e-02
0.000000000000000000e+00 0.000000000000000000e+00 2.268941670990898274e-06 1.783273830824327888e-07 3.736798362297122367e-06 0.000000000000000000e+00 5.394709319261892233e-07 0.000000000000000000e+00 0.000000000000000000e+00 6.266087098083517049e-07 0.000000000000000000e+00
