0.000000000000000000e+00 0.000000000000000000e+00 0.000000000000000000e+00 0.000000000000000000e+00 0.000000000000000000e+00 0.000000000000000000e+00 7.225570268929004669e-03 2.882446395233273506e-03 0.000000000000000000e+00 0.000000000000000000e+00 0.000000000000000000e+00
7.550370879471302032e-03 0.000000000000000000e+00 2.818398643285036087e-03 0.000000000000000000e+00 4.667406436055898666e-03 0.000000000000000000e+00 0.000000000000000000e+00 0.000000000000000000e+00 1.568446401506662369e-03 0.000000000000000000e+00 0.000000000000000000e+00
0.000000000000000000e+00 0.000000000000000000e+00 0.000000000000000000e+00 2.323366061318665743e-04 1.000002492219209671e-02 0.000000000000000000e+00 0.000000000000000000e+00 0.000000000000000000e+00 0.000000000000000000e+00 8.811322040855884552e-03 4.149738233536481857e-03
2.107896376401185989e-03 0.000000000000000000e+00 0.000000000000000000e+00 6.917247665114700794e-04 7.585427956655621529e-04 0.000000000000000000e+00 7.622048142366111279e-04 1.310011837631464005e-03 0.000000000000000000e+00 0.000000000000000000e+00 0.000000000000000000e+00
0.000000000000000000e+00 1.686142495600506663e-04 1.431982091162353754e-04 8.975980745162814856e-05 0.000000000000000000e+00 2.316047321073710918e-04 3.751165932044386864e-04 0.000000000000000000e+00 2.716979070100933313e-04 4.453194269444793463e-04 9.084139601327478886e-04
0.000000000000000000e+00 0.000000000000000000e+00 0.000000000000000000e+00 0.000000000000000000e+00 0.000000000000000000e+00 4.914600402116775513e-03 0.000000000000000000e+00 0.000000000000000000e+00 0.000000000000000000e+00 0.000000000000000000e+00 0.000000000000000000e+00
1.487429952248930931e-03 5.704356357455253601e-03 0.000000000000000000e+00 7.957132533192634583e-03 0.000000000000000000e+00 2.503842813894152641e-03 0.000000000000000000e+00 4.530124715529382229e-04 0.000000000000000000e+00 4.752478562295436859e-03 1.322111207991838455e-02
0.000000000000000000e+00 0.000000000000000000e+00 1.072255545295774937e-03 0.000000000000000000e+00 3.018914721906185150e-03 1.155192498117685318e-03 0.000000000000000000e+00 0.000000000000000000e+00 7.663140539079904556e-03 0.000000000000000000e+00 0.000000000000000000e+00
0.000000000000000000e+00 5.599981639534235001e-03 7.794694975018501282e-03 0.000000000000000000e+00 0.000000000000000000e+00 7.350960280746221542e-03 5.331677850335836411e-03 5.073634092696011066e-04 0.000000000000000000e+00 0.000000000000000000e+00 0.000000000000000000e+00
1.162514276802539825e-02 9.012774564325809479e-03 6.929173599928617477e-03 0.000000000000000000e+00 3.808099776506423950e-02 0.000000000000000000e+00 0.000000000000000000e+00 0.000000000000000000e+00 0.000000000000000000e+00 0.000000000000000000e+00 1.795590482652187347e-02
0.000000000000000000e+00 0.000000000000000000e+00 4.543201612250413746e-06 0.000000000000000000e+00 8.233052540163043886e-06 0.000000000000000000e+00 2.440496928102220409e-06 9.532530498290725518e-07 2.729459147587931511e-08 3.442723937041591853e-06 0.000000000000000000e+00
