0.000000000000000000e+00 0.000000000000000000e+00 0.000000000000000000e+00 0.000000000000000000e+00 0.000000000000000000e+00 0.000000000000000000e+00 2.913533244282007217e-03 6.065756082534790039e-03 0.000000000000000000e+00 0.000000000000000000e+00 0.000000000000000000e+00
6.592784542590379715e-03 0.000000000000000000e+00 1.920925220474600792e-03 0.000000000000000000e+00 0.000000000000000000e+00 0.000000000000000000e+00 0.000000000000000000e+00 5.477198399603366852e-03 7.148992270231246948e-03 0.000000000000000000e+00 0.000000000000000000e+00
1.004189034574665129e-04 1.004046387970447540e-02 0.000000000000000000e+00 1.167805516161024570e-03 2.456380520015954971e-03 1.123241707682609558e-02 0.000000000000000000e+00 1.878202776424586773e-03 0.000000000000000000e+00 4.342055879533290863e-03 0.000000000000000000e+00
8.701951242983341217e-03 0.000000000000000000e+00 3.045707242563366890e-03 2.412020694464445114e-03 1.040359027683734894e-03 2.406132873147726059e-03 0.000000000000000000e+00 0.000000000000000000e+00 0.000000000000000000e+00 0.000000000000000000e+00 0.000000000000000000e+00
1.727620838209986687e-04 3.923199838027358055e-04 2.963161095976829529e-04 3.950955579057335854e-04 0.000000000000000000e+00 3.245322150178253651e-04 4.495515604503452778e-04 5.471961412695236504e-05 3.309624444227665663e-04 6.711471942253410816e-04 7.766042253933846951e-04
0.000000000000000000e+00 0.000000000000000000e+00 0.000000000000000000e+00 0.000000000000000000e+00 0.000000000000000000e+00 0.000000000000000000e+00 0.000000000000000000e+00 0.000000000000000000e+00 0.000000000000000000e+00 0.000000000000000000e+00 9.265719912946224213e-03
7.158592343330383301e-03 0.000000000000000000e+00 0.000000000000000000e+00 0.000000000000000000e+00 3.404791699722409248e-03 2.823936287313699722e-03 0.000000000000000000e+00 8.200657553970813751e-03 2.451292471960186958e-03 6.564879440702497959e-04 7.882807403802871704e-03
0.000000000000000000e+00 1.500342227518558502e-02 3.488874528557062149e-03 0.000000000000000000e+00 9.646399412304162979e-04 7.226344896480441093e-04 0.000000000000000000e+00 0.000000000000000000e+00 5.400096531957387924e-03 0.000000000000000000e+00 1.351231592707335949e-03
7.604682352393865585e-03 4.600491374731063843e-03 0.000000000000000000e+00 0.000000000000000000e+00 0.000000000000000000e+00 6.614599376916885376e-03 4.729639913421124220e-04 0.000000000000000000e+00 4.044962581247091293e-03 2.080441219732165337e-03 3.644411219283938408e-03
4.341523628681898117e-03 1.312673906795680523e-03 1.102362014353275299e-02 0.000000000000000000e+00 2.987619116902351379e-02 5.305114667862653732e-03 0.000000000000000000e+00 0.000000000000000000e+00 0.000000000000000000e+00 7.099085487425327301e-04 4.885734990239143372e-03
0.000000000000000000e+00 0.000000000000000000e+00 0.000000000000000000e+00 9.737130994835752062e-07 3.998014108219649643e-06 0.000000000000000000e+00 0.000000000000000000e+00 1.193659386444778647e-06 0.000000000000000000e+00 0.000000000000000000e+00 1.962943088074098341e-06
