0.000000000000000000e+00 0.000000000000000000e+00 1.738179009407758713e-03 0.000000000000000000e+00 0.000000000000000000e+00 0.000000000000000000e+00 1.137615065090358257e-03 8.154348470270633698e-03 5.925218109041452408e-03 0.000000000000000000e+00 0.000000000000000000e+00
6.498396396636962891e-03 0.000000000000000000e+00 8.565086172893643379e-04 4.742448218166828156e-03 3.745800815522670746e-03 0.000000000000000000e+00 8.560008136555552483e-04 0.000000000000000000e+00 0.000000000000000000e+00 0.000000000000000000e+00 0.000000000000000000e+00
3.563196398317813873e-03 2.181099727749824524e-03 6.224680691957473755e-03 6.558263208717107773e-03 7.850640453398227692e-03 0.000000000000000000e+00 6.264826282858848572e-03 0.000000000000000000e+00 3.924441523849964142e-03 1.160870771855115891e-02 2.279713080497458577e-04
5.195186473429203033e-03 0.000000000000000000e+00 0.000000000000000000e+00 3.605745732784271240e-03 0.000000000000000000e+00 0.000000000000000000e+00 0.000000000000000000e+00 6.957638077437877655e-03 1.126953866332769394e-03 8.529443293809890747e-03 0.000000000000000000e+00
1.907686055346857756e-05 1.308108039665967226e-04 2.028149465331807733e-04 1.133589103119447827e-04 0.000000000000000000e+00 1.434385776519775391e-04 9.815788507694378495e-05 1.187199086416512728e-04 1.541194069432094693e-04 3.032837703358381987e-04 6.202764925546944141e-04
0.000000000000000000e+00 0.000000000000000000e+00 0.000000000000000000e+00 0.000000000000000000e+00 0.000000000000000000e+00 1.334980130195617676e-03 0.000000000000000000e+00 0.000000000000000000e+00 0.000000000000000000e+00 0.000000000000000000e+00 0.000000000000000000e+00
6.058974657207727432e-03 0.000000000000000000e+00 0.000000000000000000e+00 0.000000000000000000e+00 0.000000000000000000e+00 2.058776299236342311e-04 9.506121859885752201e-04 8.436056785285472870e-03 9.565674699842929840e-03 1.795213785953819752e-03 1.148874172940850258e-03
0.000000000000000000e+00 0.000000000000000000e+00 4.237145185470581055e-03 0.000000000000000000e+00 6.049263756722211838e-03 0.000000000000000000e+00 0.000000000000000000e+00 0.000000000000000000e+00 5.904869176447391510e-03 0.000000000000000000e+00 0.000000000000000000e+00
0.000000000000000000e+00 0.000000000000000000e+00 1.174356206320226192e-03 3.763071144931018353e-04 0.000000000000000000e+00 0.000000000000000000e+00 4.506232216954231262e-03 3.999016713351011276e-03 0.000000000000000000e+00 0.000000000000000000e+00 5.083036143332719803e-03
1.065082196146249771e-02 1.446200185455381870e-03 1.083940081298351288e-02 0.000000000000000000e+00 3.870011866092681885e-02 2.417108626104891300e-04 0.000000000000000000e+00 0.000000000000000000e+00 9.742099791765213013e-03 0.000000000000000000e+00 7.643060758709907532e-03
0.000000000000000000e+00 0.000000000000000000e+00 2.908633177867159247e-06 6.226377990969922394e-07 6.250561909837415442e-06 0.000000000000000000e+00 7.440899594257643912e-07 7.579714065286680125e-07 0.000000000000000000e+00 1.991949829971417785e-06 0.000000000000000000e+00
