0.000000000000000000e+00 9.041096083819866180e-03 0.000000000000000000e+00 0.000000000000000000e+00 0.000000000000000000e+00 0.000000000000000000e+00 8.445909770671278238e-05 5.952641367912292480e-03 0.000000000000000000e+00 0.000000000000000000e+00 0.000000000000000000e+00
1.149629615247249603e-02 0.000000000000000000e+00 3.186720132362097502e-04 1.490176888182759285e-03 0.000000000000000000e+00 0.000000000000000000e+00 8.608404896222054958e-04 0.000000000000000000e+00 4.909513518214225769e-03 0.000000000000000000e+00 0.000000000000000000e+00
7.713264203630387783e-04 0.000000000000000000e+00 0.000000000000000000e+00 1.384682487696409225e-03 5.371831357479095459e-03 0.000000000000000000e+00 0.000000000000000000e+00 0.000000000000000000e+00 0.000000000000000000e+00 4.609238356351852417e-03 0.000000000000000000e+00
1.258621551096439362e-02 6.202003452926874161e-03 0.000000000000000000e+00 0.000000000000000000e+00 0.000000000000000000e+00 9.927852806868031621e-05 3.970245830714702606e-03 7.770958356559276581e-03 1.232777955010533333e-03 0.000000000000000000e+00 0.000000000000000000e+00
5.840568337589502335e-05 6.388806650647893548e-05 2.324653323739767075e-04 1.022817305056378245e-04 0.000000000000000000e+00 7.760553853586316109e-05 9.142451744992285967e-05 0.000000000000000000e+00 1.062139272107742727e-04 2.456303336657583714e-04 3.944864147342741489e-04
0.000000000000000000e+00 0.000000000000000000e+00 0.000000000000000000e+00 0.000000000000000000e+00 0.000000000000000000e+00 0.000000000000000000e+00 0.000000000000000000e+00 0.000000000000000000e+00 0.000000000000000000e+00 0.000000000000000000e+00 0.000000000000000000e+00
2.528159879148006439e-03 8.166198618710041046e-03 0.000000000000000000e+00 0.000000000000000000e+00 0.000000000000000000e+00 8.039380772970616817e-04 0.000000000000000000e+00 4.755050875246524811e-03 0.000000000000000000e+00 4.832602106034755707e-03 9.552244096994400024e-03
0.000000000000000000e+00 3.080997848883271217e-03 0.000000000000000000e+00 0.000000000000000000e+00 0.000000000000000000e+00 0.000000000000000000e+00 0.000000000000000000e+00 0.000000000000000000e+00 0.000000000000000000e+00 4.448648542165756226e-03 2.785549499094486237e-03
0.000000000000000000e+00 2.705208724364638329e-03 3.904283978044986725e-03 1.587631064467132092e-03 0.000000000000000000e+00 5.453800316900014877e-03 0.000000000000000000e+00 7.129206322133541107e-03 0.000000000000000000e+00 1.003470388241112232e-03 6.663825362920761108e-03
5.310057662427425385e-03 4.346408415585756302e-03 1.350348163396120071e-02 0.000000000000000000e+00 3.202721849083900452e-02 0.000000000000000000e+00 0.000000000000000000e+00 0.000000000000000000e+00 3.606947138905525208e-03 0.000000000000000000e+00 4.595307167619466782e-03
0.000000000000000000e+00 1.174093767986050807e-06 2.965559360745828599e-06 3.047819745916058309e-06 7.329269010369898751e-06 0.000000000000000000e+00 2.976545601995894685e-06 4.768613507621921599e-06 1.563595787956728600e-06 5.265688741928897798e-06 0.000000000000000000e+00
