0.000000000000000000e+00 0.000000000000000000e+00 0.000000000000000000e+00 0.000000000000000000e+00 0.000000000000000000e+00 0.000000000000000000e+00 8.003920316696166992e-03 2.330911112949252129e-03 3.538377350196242332e-03 0.000000000000000000e+00 0.000000000000000000e+00
1.767102070152759552e-02 0.000000000000000000e+00 5.817278753966093063e-03 4.023341462016105652e-03 0.000000000000000000e+00 0.000000000000000000e+00 2.555424580350518227e-03 0.000000000000000000e+00 0.000000000000000000e+00 0.000000000000000000e+00 0.000000000000000000e+00
1.635261345654726028e-03 1.086839102208614349e-02 0.000000000000000000e+00 5.360782379284501076e-04 0.000000000000000000e+00 0.000000000000000000e+00 6.822346244007349014e-03 0.000000000000000000e+00 9.628759580664336681e-04 0.000000000000000000e+00 0.000000000000000000e+00
1.198327261954545975e-02 0.000000000000000000e+00 0.000000000000000000e+00 7.073099724948406219e-03 4.999499302357435226e-03 2.634474309161305428e-03 0.000000000000000000e+00 6.438466720283031464e-03 5.989396013319492340e-03 3.491290844976902008e-03 0.000000000000000000e+00
2.552896330598741770e-04 2.786179538816213608e-04 4.216727684251964092e-04 3.980431938543915749e-04 5.421010862427522170e-20 3.485076595097780228e-04 3.474314289633184671e-04 3.621164360083639622e-04 2.054232900263741612e-04 4.434741567820310593e-04 9.512747055850923061e-04
0.000000000000000000e+00 0.000000000000000000e+00 0.000000000000000000e+00 0.000000000000000000e+00 0.000000000000000000e+00 0.000000000000000000e+00 0.000000000000000000e+00 0.000000000000000000e+00 0.000000000000000000e+00 0.000000000000000000e+00 0.000000000000000000e+00
6.448010914027690887e-03 0.000000000000000000e+00 0.000000000000000000e+00 6.617660983465611935e-04 0.000000000000000000e+00 0.000000000000000000e+00 0.000000000000000000e+00 4.149410407990217209e-03 7.450895849615335464e-03 6.651547737419605255e-03 7.392947562038898468e-03
0.000000000000000000e+00 6.894856691360473633e-03 0.000000000000000000e+00 0.000000000000000000e+00 0.000000000000000000e+00 0.000000000000000000e+00 0.000000000000000000e+00 8.123985026031732559e-04 8.067471906542778015e-03 0.000000000000000000e+00 0.000000000000000000e+00
0.000000000000000000e+00 0.000000000000000000e+00 8.821320079732686281e-05 0.000000000000000000e+00 0.000000000000000000e+00 1.059512142091989517e-03 2.593843266367912292e-03 0.000000000000000000e+00 1.307976548559963703e-03 7.822555489838123322e-04 8.365586400032043457e-03
6.461332552134990692e-03 0.000000000000000000e+00 1.118369866162538528e-02 0.000000000000000000e+00 4.965117946267127991e-02 0.000000000000000000e+00 0.000000000000000000e+00 0.000000000000000000e+00 7.693109218962490559e-04 0.000000000000000000e+00 1.612297631800174713e-02
0.000000000000000000e+00 0.000000000000000000e+00 1.545811574032995850e-05 0.000000000000000000e+00 2.567072442616336048e-05 0.000000000000000000e+00 2.060865682551593636e-07 3.175461870341678150e-06 0.000000000000000000e+00 6.532945462822681293e-06 0.000000000000000000e+00
