0.000000000000000000e+00 1.582410186529159546e-02 0.000000000000000000e+00 0.000000000000000000e+00 0.000000000000000000e+00 0.000000000000000000e+00 1.794240996241569519e-02 2.147207036614418030e-03 1.185652054846286774e-02 0.000000000000000000e+00 0.000000000000000000e+00
4.083981271833181381e-03 0.000000000000000000e+00 0.000000000000000000e+00 1.674311980605125427e-02 0.000000000000000000e+00 0.000000000000000000e+00 5.321566946804523468e-03 0.000000000000000000e+00 1.913172192871570587e-03 0.000000000000000000e+00 1.368674857076257467e-04
0.000000000000000000e+00 1.364511996507644653e-02 1.524546998552978039e-03 4.357845522463321686e-03 0.000000000000000000e+00 8.853205479681491852e-03 6.353226490318775177e-03 0.000000000000000000e+00 5.319106858223676682e-03 3.472473472356796265e-03 0.000000000000000000e+00
1.112615875899791718e-02 0.000000000000000000e+00 0.000000000000000000e+00 0.000000000000000000e+00 0.000000000000000000e+00 1.141818985342979431e-02 0.000000000000000000e+00 1.273081824183464050e-02 2.555808518081903458e-03 1.005379366688430309e-03 0.000000000000000000e+00
6.189419655129313469e-04 8.411498274654150009e-04 7.721016881987452507e-04 8.988669724203646183e-04 0.000000000000000000e+00 6.897186394780874252e-04 6.701637175865471363e-04 3.656889603007584810e-04 6.972884875722229481e-04 9.266542620025575161e-04 1.642649061977863312e-03
0.000000000000000000e+00 0.000000000000000000e+00 0.000000000000000000e+00 0.000000000000000000e+00 0.000000000000000000e+00 0.000000000000000000e+00 0.000000000000000000e+00 0.000000000000000000e+00 0.000000000000000000e+00 0.000000000000000000e+00 0.000000000000000000e+00
5.758177489042282104e-03 7.804621476680040359e-03 6.649156101047992706e-03 1.438431255519390106e-02 0.000000000000000000e+00 1.020571961998939514e-02 1.100190915167331696e-02 4.829027748201042414e-04 1.494606398046016693e-02 2.142614452168345451e-03 1.589467137819156051e-04
0.000000000000000000e+00 5.625528283417224884e-03 0.000000000000000000e+00 0.000000000000000000e+00 2.678431803360581398e-03 0.000000000000000000e+00 0.000000000000000000e+00 0.000000000000000000e+00 0.000000000000000000e+00 0.000000000000000000e+00 8.616014383733272552e-03
0.000000000000000000e+00 0.000000000000000000e+00 0.000000000000000000e+00 5.268493201583623886e-03 0.000000000000000000e+00 5.707666277885437012e-03 0.000000000000000000e+00 2.062409883365035057e-03 0.000000000000000000e+00 4.094403237104415894e-03 3.919829614460468292e-03
1.310001965612173080e-02 7.572032045572996140e-03 1.296507567167282104e-02 0.000000000000000000e+00 4.186884313821792603e-02 1.989121374208480120e-04 0.000000000000000000e+00 0.000000000000000000e+00 1.852481998503208160e-02 0.000000000000000000e+00 0.000000000000000000e+00
0.000000000000000000e+00 0.000000000000000000e+00 1.594249988556839526e-05 1.275665340472187381e-06 2.338471495022531599e-05 0.000000000000000000e+00 8.220225026889238507e-06 1.794441595848184079e-05 0.000000000000000000e+00 1.075373711501015350e-05 0.000000000000000000e+00
