0.000000000000000000e+00 0.000000000000000000e+00 3.889751387760043144e-03 0.000000000000000000e+00 0.000000000000000000e+00 0.000000000000000000e+00 9.035978466272354126e-03 3.239178564399480820e-03 8.396964520215988159e-03 0.000000000000000000e+00 0.000000000000000000e+00
1.240715943276882172e-02 0.000000000000000000e+00 0.000000000000000000e+00 6.602565757930278778e-03 0.000000000000000000e+00 0.000000000000000000e+00 5.664450116455554962e-03 0.000000000000000000e+00 4.485481476876884699e-04 0.000000000000000000e+00 0.000000000000000000e+00
0.000000000000000000e+00 5.232624709606170654e-03 0.000000000000000000e+00 4.173484165221452713e-03 5.638311617076396942e-03 1.122836582362651825e-02 0.000000000000000000e+00 0.000000000000000000e+00 4.386704415082931519e-03 1.366479904390871525e-03 5.701351445168256760e-03
1.478190068155527115e-02 0.000000000000000000e+00 1.375244813971221447e-03 0.000000000000000000e+00 1.201183418743312359e-03 0.000000000000000000e+00 0.000000000000000000e+00 1.023370679467916489e-02 7.787046022713184357e-03 4.390715621411800385e-03 0.000000000000000000e+00
1.364583149552345276e-04 2.995551330968737602e-04 3.002901503350585699e-04 3.403146110940724611e-04 0.000000000000000000e+00 2.993997768498957157e-04 2.765178214758634567e-04 2.363607054576277733e-04 3.422794688958674669e-04 3.376303648110479116e-04 8.466685540042817593e-04
0.000000000000000000e+00 0.000000000000000000e+00 0.000000000000000000e+00 0.000000000000000000e+00 0.000000000000000000e+00 2.159122377634048462e-03 0.000000000000000000e+00 0.000000000000000000e+00 0.000000000000000000e+00 0.000000000000000000e+00 0.000000000000000000e+00
9.598935954272747040e-03 1.118726469576358795e-02 0.000000000000000000e+00 0.000000000000000000e+00 0.000000000000000000e+00 2.635323209688067436e-03 0.000000000000000000e+00 0.000000000000000000e+00 5.429033655673265457e-03 3.109687706455588341e-03 1.172206923365592957e-02
0.000000000000000000e+00 5.593921057879924774e-03 0.000000000000000000e+00 0.000000000000000000e+00 0.000000000000000000e+00 0.000000000000000000e+00 5.330991116352379322e-04 0.000000000000000000e+00 5.454214289784431458e-03 0.000000000000000000e+00 1.722835586406290531e-03
1.723289024084806442e-03 5.534824915230274200e-03 8.771338500082492828e-03 0.000000000000000000e+00 0.000000000000000000e+00 0.000000000000000000e+00 0.000000000000000000e+00 0.000000000000000000e+00 0.000000000000000000e+00 6.064786110073328018e-03 6.690151058137416840e-03
1.928404532372951508e-02 1.112724002450704575e-02 1.125991065055131912e-02 0.000000000000000000e+00 3.661963343620300293e-02 0.000000000000000000e+00 0.000000000000000000e+00 0.000000000000000000e+00 8.552988991141319275e-03 5.710310302674770355e-03 2.460376592352986336e-03
0.000000000000000000e+00 1.894125148282910232e-06 6.555022991960868239e-06 2.187141717513441108e-06 1.203948431793833151e-05 0.000000000000000000e+00 5.230400347500108182e-06 3.468549948593135923e-06 0.000000000000000000e+00 4.034904122818261385e-06 0.000000000000000000e+00
