0.000000000000000000e+00 2.295989543199539185e-03 1.537404023110866547e-03 0.000000000000000000e+00 0.000000000000000000e+00 0.000000000000000000e+00 5.307136569172143936e-03 3.436599392443895340e-03 5.758074694313108921e-04 0.000000000000000000e+00 0.000000000000000000e+00
2.314532874152064323e-03 0.000000000000000000e+00 4.694941453635692596e-03 1.659261411987245083e-03 1.404946669936180115e-04 1.405629795044660568e-03 0.000000000000000000e+00 1.188726630061864853e-03 0.000000000000000000e+00 0.000000000000000000e+00 0.000000000000000000e+00
0.000000000000000000e+00 1.732051954604685307e-03 0.000000000000000000e+00 2.088890643790364265e-03 0.000000000000000000e+00 3.126496914774179459e-03 1.666620606556534767e-03 0.000000000000000000e+00 0.000000000000000000e+00 1.118153100833296776e-03 0.000000000000000000e+00
5.798215512186288834e-03 0.000000000000000000e+00 3.886638442054390907e-03 1.123664202168583870e-03 1.145115587860345840e-03 0.000000000000000000e+00 2.715319395065307617e-03 3.450598102062940598e-03 0.000000000000000000e+00 2.486744429916143417e-03 0.000000000000000000e+00
4.013825673609972000e-05 1.068710771505720913e-04 5.019251329940743744e-05 7.997434295248240232e-05 0.000000000000000000e+00 6.902556197019293904e-05 1.376574800815433264e-04 5.634686385747045279e-05 1.293535169679671526e-04 1.256355462828651071e-04 2.511827915441244841e-04
0.000000000000000000e+00 0.000000000000000000e+00 1.627075835131108761e-03 0.000000000000000000e+00 0.000000000000000000e+00 1.376844756305217743e-02 0.000000000000000000e+00 1.761628314852714539e-03 0.000000000000000000e+00 3.302962984889745712e-03 2.000546082854270935e-02
1.118577783927321434e-03 8.546970784664154053e-04 4.572958569042384624e-04 0.000000000000000000e+00 0.000000000000000000e+00 4.179236944764852524e-03 0.000000000000000000e+00 3.059046808630228043e-03 1.488783629611134529e-03 1.984118483960628510e-03 6.793277570977807045e-04
0.000000000000000000e+00 3.235746640712022781e-03 0.000000000000000000e+00 4.724521713797003031e-04 0.000000000000000000e+00 0.000000000000000000e+00 0.000000000000000000e+00 0.000000000000000000e+00 6.773269269615411758e-04 0.000000000000000000e+00 0.000000000000000000e+00
0.000000000000000000e+00 0.000000000000000000e+00 1.016647322103381157e-03 0.000000000000000000e+00 0.000000000000000000e+00 8.102241554297506809e-04 0.000000000000000000e+00 0.000000000000000000e+00 0.000000000000000000e+00 0.000000000000000000e+00 2.745361533015966415e-03
4.384448751807212830e-03 2.127153566107153893e-03 7.653974927961826324e-03 1.933098537847399712e-04 1.486571598798036575e-02 0.000000000000000000e+00 0.000000000000000000e+00 0.000000000000000000e+00 1.332916202954947948e-03 0.000000000000000000e+00 3.375090658664703369e-03
0.000000000000000000e+00 0.000000000000000000e+00 4.221395215608936269e-07 8.683619512339646462e-07 2.036529394899844192e-06 0.000000000000000000e+00 0.000000000000000000e+00 1.588697841725661419e-06 0.000000000000000000e+00 1.517046371191099752e-06 0.000000000000000000e+00
