0.000000000000000000e+00 3.414853708818554878e-04 7.324894424527883530e-03 0.000000000000000000e+00 0.000000000000000000e+00 0.000000000000000000e+00 4.073172342032194138e-03 2.571599092334508896e-03 2.232854953035712242e-03 0.000000000000000000e+00 0.000000000000000000e+00
0.000000000000000000e+00 0.000000000000000000e+00 0.000000000000000000e+00 0.000000000000000000e+00 0.000000000000000000e+00 9.242296800948679447e-04 9.128683246672153473e-03 2.451292239129543304e-04 0.000000000000000000e+00 5.178553052246570587e-03 0.000000000000000000e+00
0.000000000000000000e+00 5.499985534697771072e-03 2.329928567633032799e-03 0.000000000000000000e+00 0.000000000000000000e+00 1.623113290406763554e-03 0.000000000000000000e+00 1.904967793961986899e-04 1.074140309356153011e-03 3.926275530830025673e-04 0.000000000000000000e+00
8.001101203262805939e-03 0.000000000000000000e+00 0.000000000000000000e+00 0.000000000000000000e+00 0.000000000000000000e+00 6.953216623514890671e-03 0.000000000000000000e+00 1.303334254771471024e-03 1.619025017134845257e-03 4.493250977247953415e-03 0.000000000000000000e+00
0.000000000000000000e+00 1.519344950793311000e-04 1.965861010830849409e-04 2.079047117149457335e-04 0.000000000000000000e+00 9.551442781230434775e-05 1.470405259169638157e-04 5.300902193994261324e-05 7.564826228190213442e-05 1.755528646754100919e-04 5.341692594811320305e-04
0.000000000000000000e+00 0.000000000000000000e+00 0.000000000000000000e+00 0.000000000000000000e+00 0.000000000000000000e+00 0.000000000000000000e+00 0.000000000000000000e+00 0.000000000000000000e+00 0.000000000000000000e+00 0.000000000000000000e+00 0.000000000000000000e+00
4.055054159834980965e-04 1.024796441197395325e-02 0.000000000000000000e+00 0.000000000000000000e+00 0.000000000000000000e+00 1.121742278337478638e-02 0.000000000000000000e+00 0.000000000000000000e+00 9.819168597459793091e-03 3.508512862026691437e-03 1.370150479488074780e-03
0.000000000000000000e+00 5.855415947735309601e-03 0.000000000000000000e+00 0.000000000000000000e+00 3.106861608102917671e-03 0.000000000000000000e+00 0.000000000000000000e+00 0.000000000000000000e+00 2.566164766903966665e-04 0.000000000000000000e+00 0.000000000000000000e+00
0.000000000000000000e+00 0.000000000000000000e+00 5.162884015589952469e-03 0.000000000000000000e+00 0.000000000000000000e+00 6.191129330545663834e-03 2.523190574720501900e-03 5.068244645372033119e-04 0.000000000000000000e+00 1.478980702813714743e-04 2.749701729044318199e-03
6.720818579196929932e-03 3.400878515094518661e-03 0.000000000000000000e+00 0.000000000000000000e+00 3.139591589570045471e-02 0.000000000000000000e+00 0.000000000000000000e+00 0.000000000000000000e+00 1.005908939987421036e-02 2.341540064662694931e-03 7.835982367396354675e-03
0.000000000000000000e+00 0.000000000000000000e+00 4.629774593922775239e-06 0.000000000000000000e+00 7.076394012983655557e-06 0.000000000000000000e+00 1.961474481504410505e-06 2.155514039259287529e-06 0.000000000000000000e+00 2.051664750979398377e-06 0.000000000000000000e+00
