0.000000000000000000e+00 9.981290817260742188e+00 1.131079921875000000e+05 0.000000000000000000e+00 0.000000000000000000e+00 0.000000000000000000e+00 1.165095748901367188e+02 1.086232343750000000e+05 4.938601171875000000e+04 3.250396013259887695e+00 0.000000000000000000e+00
1.220487899780273438e+02 0.000000000000000000e+00 1.218508398437500000e+04 1.147096862792968750e+02 1.449720996093750000e+04 4.692012023925781250e+01 7.290607910156250000e+03 1.664639239606913179e-05 1.480362091064453125e+02 8.251700592041015625e+01 6.737148925781250000e+03
7.863939453125000000e+03 1.596037500000000000e+04 9.073351975530385971e-04 1.901741699218750000e+03 3.807081878185272217e-01 1.151637890625000000e+04 9.318689453125000000e+03 4.958417968750000000e+03 1.755957183837890625e+02 2.550541992187500000e+03 1.626740112304687500e+02
2.632656494140625000e+03 4.319078125000000000e+03 0.000000000000000000e+00 5.506223632812500000e+03 4.604824218750000000e+03 9.815401611328125000e+02 2.621460266113281250e+02 2.950001464843750000e+03 3.384316253662109375e+01 1.001773144531250000e+04 2.954609375000000000e+02
1.357171440124511719e+01 2.350553321838378906e+01 1.108361625671386719e+01 1.108100700378417969e+01 3.612184627854730934e-06 1.207911014556884766e+01 6.436741352081298828e+00 3.648571968078613281e+00 5.184013843536376953e+00 1.667821121215820312e+01 3.529136657714843750e+01
0.000000000000000000e+00 0.000000000000000000e+00 0.000000000000000000e+00 0.000000000000000000e+00 0.000000000000000000e+00 0.000000000000000000e+00 0.000000000000000000e+00 0.000000000000000000e+00 0.000000000000000000e+00 0.000000000000000000e+00 0.000000000000000000e+00
4.528093261718750000e+03 4.143332004547119141e+00 6.082848072052001953e+00 1.680331054687500000e+04 3.628710284829139709e-02 0.000000000000000000e+00 2.751499804687500000e+04 8.558928357160766609e-07 1.879832421875000000e+04 4.430410937500000000e+04 1.474464416503906250e+02
3.545169846574935946e-08 6.759316406250000000e+03 1.572435351562500000e+04 5.366299152374267578e-01 1.013588104248046875e+02 1.976820190429687500e+03 4.436152267456054688e+01 8.646068115234375000e+02 2.803017883300781250e+02 1.561306457519531250e+02 1.454455566406250000e+02
0.000000000000000000e+00 9.752201171875000000e+03 2.388273925781250000e+02 6.687999023437500000e+03 3.868759155273437500e+01 2.261970062255859375e+02 2.363159570312500000e+04 4.524888671875000000e+03 2.268097162246704102e+00 2.329854736328125000e+03 2.207748413085937500e+02
0.000000000000000000e+00 0.000000000000000000e+00 0.000000000000000000e+00 0.000000000000000000e+00 2.328491783142089844e+01 0.000000000000000000e+00 0.000000000000000000e+00 0.000000000000000000e+00 0.000000000000000000e+00 0.000000000000000000e+00 0.000000000000000000e+00
0.000000000000000000e+00 5.820474325446411967e-05 1.261128634214401245e-01 1.027252525091171265e-03 1.758094429969787598e-01 0.000000000000000000e+00 6.641775369644165039e-03 7.981891930103302002e-02 2.892709380830638111e-05 4.236859455704689026e-02 0.000000000000000000e+00
