0.000000000000000000e+00 0.000000000000000000e+00 3.670385573059320450e-03 0.000000000000000000e+00 0.000000000000000000e+00 0.000000000000000000e+00 0.000000000000000000e+00 6.284648552536964417e-03 0.000000000000000000e+00 6.193817243911325932e-04 0.000000000000000000e+00
1.346171461045742035e-02 0.000000000000000000e+00 7.680926471948623657e-03 1.291267457418143749e-03 0.000000000000000000e+00 0.000000000000000000e+00 1.013805624097585678e-03 0.000000000000000000e+00 3.493717405945062637e-03 8.378517231903970242e-04 0.000000000000000000e+00
0.000000000000000000e+00 4.078758880496025085e-03 0.000000000000000000e+00 3.286417806521058083e-03 0.000000000000000000e+00 9.912506677210330963e-03 0.000000000000000000e+00 0.000000000000000000e+00 8.519675582647323608e-03 1.165905408561229706e-02 2.946322783827781677e-03
1.313239429146051407e-02 0.000000000000000000e+00 0.000000000000000000e+00 3.389032790437340736e-03 8.886957541108131409e-03 3.056240384466946125e-04 0.000000000000000000e+00 1.439716550521552563e-03 8.033869788050651550e-03 0.000000000000000000e+00 0.000000000000000000e+00
0.000000000000000000e+00 0.000000000000000000e+00 0.000000000000000000e+00 9.590155241312459111e-05 0.000000000000000000e+00 6.436490366468206048e-05 0.000000000000000000e+00 0.000000000000000000e+00 0.000000000000000000e+00 3.297917282907292247e-05 4.432604473549872637e-04
0.000000000000000000e+00 0.000000000000000000e+00 0.000000000000000000e+00 0.000000000000000000e+00 0.000000000000000000e+00 0.000000000000000000e+00 0.000000000000000000e+00 0.000000000000000000e+00 0.000000000000000000e+00 0.000000000000000000e+00 0.000000000000000000e+00
4.925846587866544724e-04 7.809450384229421616e-03 0.000000000000000000e+00 0.000000000000000000e+00 0.000000000000000000e+00 0.000000000000000000e+00 8.585722185671329498e-03 5.238976795226335526e-03 6.704004481434822083e-03 1.159993652254343033e-02 1.034244056791067123e-02
0.000000000000000000e+00 1.694960636086761951e-03 0.000000000000000000e+00 0.000000000000000000e+00 0.000000000000000000e+00 0.000000000000000000e+00 0.000000000000000000e+00 0.000000000000000000e+00 3.600467927753925323e-03 0.000000000000000000e+00 2.890390751417726278e-04
0.000000000000000000e+00 4.612134071066975594e-04 0.000000000000000000e+00 0.000000000000000000e+00 1.193931326270103455e-03 0.000000000000000000e+00 6.420332007110118866e-03 3.806137247011065483e-04 4.659813363105058670e-03 0.000000000000000000e+00 3.061087336391210556e-03
2.545283496147021651e-05 4.711054265499114990e-03 8.082609623670578003e-03 0.000000000000000000e+00 2.796499617397785187e-02 3.087342483922839165e-03 0.000000000000000000e+00 0.000000000000000000e+00 1.381600368767976761e-02 0.000000000000000000e+00 1.123636215925216675e-02
0.000000000000000000e+00 0.000000000000000000e+00 7.405240921798394993e-06 0.000000000000000000e+00 1.250488730875076726e-05 0.000000000000000000e+00 4.365644144854741171e-06 2.341891104151727632e-06 7.355921383123131818e-08 2.501723884051898494e-06 0.000000000000000000e+00
