0.000000000000000000e+00 2.225218777311965823e-04 1.832980196923017502e-03 0.000000000000000000e+00 0.000000000000000000e+00 0.000000000000000000e+00 4.731790162622928619e-03 3.724744019564241171e-04 4.016223829239606857e-03 0.000000000000000000e+00 0.000000000000000000e+00
1.900292118079960346e-03 0.000000000000000000e+00 4.706174600869417191e-03 0.000000000000000000e+00 2.066085580736398697e-03 2.963102597277611494e-04 0.000000000000000000e+00 0.000000000000000000e+00 0.000000000000000000e+00 0.000000000000000000e+00 3.358836693223565817e-04
0.000000000000000000e+00 2.077275887131690979e-03 7.933651213534176350e-04 1.592820393852889538e-03 0.000000000000000000e+00 3.385930787771940231e-03 6.244585383683443069e-04 0.000000000000000000e+00 0.000000000000000000e+00 4.378580488264560699e-03 1.395501545630395412e-03
6.565895397216081619e-03 0.000000000000000000e+00 2.522779104765504599e-04 0.000000000000000000e+00 0.000000000000000000e+00 5.454128040582872927e-05 0.000000000000000000e+00 2.233164152130484581e-03 4.470281768590211868e-03 1.225969172082841396e-03 0.000000000000000000e+00
3.838524571619927883e-05 9.381463314639404416e-05 1.406231021974235773e-04 1.700924767646938562e-04 0.000000000000000000e+00 1.461430510971695185e-04 1.946368865901604295e-04 1.191311384900473058e-04 1.499999343650415540e-04 1.549400330986827612e-04 4.112684691790491343e-04
0.000000000000000000e+00 0.000000000000000000e+00 1.545176841318607330e-03 0.000000000000000000e+00 0.000000000000000000e+00 1.425040699541568756e-02 0.000000000000000000e+00 0.000000000000000000e+00 0.000000000000000000e+00 5.004278384149074554e-03 2.037577703595161438e-02
0.000000000000000000e+00 9.148854878731071949e-04 0.000000000000000000e+00 1.685187919065356255e-03 0.000000000000000000e+00 4.449552390724420547e-03 2.978585427626967430e-03 6.401416379958391190e-03 3.408958902582526207e-03 2.367925830185413361e-03 2.171070082113146782e-03
0.000000000000000000e+00 1.193520496599376202e-03 0.000000000000000000e+00 0.000000000000000000e+00 2.427551895380020142e-03 0.000000000000000000e+00 0.000000000000000000e+00 0.000000000000000000e+00 0.000000000000000000e+00 0.000000000000000000e+00 0.000000000000000000e+00
0.000000000000000000e+00 1.204436644911766052e-03 3.114341525360941887e-03 0.000000000000000000e+00 0.000000000000000000e+00 0.000000000000000000e+00 6.057632272131741047e-04 0.000000000000000000e+00 2.025573747232556343e-03 0.000000000000000000e+00 2.606858732178807259e-03
2.783130388706922531e-03 4.328863695263862610e-03 6.391536910086870193e-03 0.000000000000000000e+00 1.491324137896299362e-02 0.000000000000000000e+00 0.000000000000000000e+00 0.000000000000000000e+00 5.341090727597475052e-03 0.000000000000000000e+00 5.193463061004877090e-03
0.000000000000000000e+00 0.000000000000000000e+00 2.240132971564889885e-06 3.781074610742507502e-06 8.882322617864701897e-06 0.000000000000000000e+00 3.755060333787696436e-06 4.109235760552110150e-06 0.000000000000000000e+00 5.226490429777186364e-06 0.000000000000000000e+00
