0.000000000000000000e+00 5.017756018787622452e-03 1.925868447870016098e-03 0.000000000000000000e+00 0.000000000000000000e+00 0.000000000000000000e+00 0.000000000000000000e+00 8.884564973413944244e-03 0.000000000000000000e+00 0.000000000000000000e+00 0.000000000000000000e+00
2.631538547575473785e-03 0.000000000000000000e+00 4.376066848635673523e-03 2.786665456369519234e-03 0.000000000000000000e+00 0.000000000000000000e+00 1.246805186383426189e-03 0.000000000000000000e+00 0.000000000000000000e+00 0.000000000000000000e+00 0.000000000000000000e+00
0.000000000000000000e+00 0.000000000000000000e+00 1.314650988206267357e-03 0.000000000000000000e+00 0.000000000000000000e+00 1.961379544809460640e-03 4.050265066325664520e-03 0.000000000000000000e+00 0.000000000000000000e+00 6.114107556641101837e-03 0.000000000000000000e+00
7.950525730848312378e-03 0.000000000000000000e+00 0.000000000000000000e+00 2.711910754442214966e-03 1.524512423202395439e-03 1.017527654767036438e-02 6.280531175434589386e-03 8.130501955747604370e-03 4.767999053001403809e-03 1.234365510754287243e-03 0.000000000000000000e+00
1.465776149416342378e-04 3.685359260998666286e-04 1.958676875801756978e-04 2.679233148228377104e-04 0.000000000000000000e+00 1.793108240235596895e-04 2.678384189493954182e-04 1.590770116308704019e-04 2.145765174645930529e-04 3.115894214715808630e-04 7.164148846641182899e-04
0.000000000000000000e+00 0.000000000000000000e+00 0.000000000000000000e+00 0.000000000000000000e+00 0.000000000000000000e+00 7.383811171166598797e-04 0.000000000000000000e+00 0.000000000000000000e+00 0.000000000000000000e+00 0.000000000000000000e+00 8.673617379884035472e-19
0.000000000000000000e+00 0.000000000000000000e+00 0.000000000000000000e+00 0.000000000000000000e+00 0.000000000000000000e+00 6.193325389176607132e-03 8.887583389878273010e-03 2.932665636762976646e-03 1.411925349384546280e-02 6.966743618249893188e-03 6.824759766459465027e-03
0.000000000000000000e+00 0.000000000000000000e+00 3.860569791868329048e-03 2.220666734501719475e-03 0.000000000000000000e+00 0.000000000000000000e+00 0.000000000000000000e+00 0.000000000000000000e+00 3.682812210172414780e-03 0.000000000000000000e+00 3.884959733113646507e-03
0.000000000000000000e+00 1.951456419192254543e-03 1.122737103287363425e-05 0.000000000000000000e+00 0.000000000000000000e+00 6.589473690837621689e-03 9.583313949406147003e-03 0.000000000000000000e+00 0.000000000000000000e+00 0.000000000000000000e+00 6.067615002393722534e-03
9.899470023810863495e-03 7.302631274797022343e-04 1.087603345513343811e-02 0.000000000000000000e+00 4.223727434873580933e-02 0.000000000000000000e+00 0.000000000000000000e+00 0.000000000000000000e+00 5.186674650758504868e-03 0.000000000000000000e+00 8.331876248121261597e-03
0.000000000000000000e+00 0.000000000000000000e+00 4.456700025912141427e-06 0.000000000000000000e+00 6.320378815871663392e-06 0.000000000000000000e+00 1.388885493724956177e-06 1.854539391388243530e-06 0.000000000000000000e+00 1.514447831141296774e-06 0.000000000000000000e+00
