0.000000000000000000e+00 0.000000000000000000e+00 9.896908886730670929e-03 0.000000000000000000e+00 0.000000000000000000e+00 0.000000000000000000e+00 0.000000000000000000e+00 0.000000000000000000e+00 2.695715054869651794e-03 0.000000000000000000e+00 0.000000000000000000e+00
1.265906728804111481e-02 0.000000000000000000e+00 0.000000000000000000e+00 0.000000000000000000e+00 0.000000000000000000e+00 0.000000000000000000e+00 4.377172328531742096e-03 0.000000000000000000e+00 0.000000000000000000e+00 0.000000000000000000e+00 0.000000000000000000e+00
0.000000000000000000e+00 6.228327285498380661e-03 0.000000000000000000e+00 3.259043442085385323e-03 4.152931214775890112e-04 5.337471608072519302e-03 6.093895528465509415e-03 0.000000000000000000e+00 1.164661534130573273e-02 0.000000000000000000e+00 0.000000000000000000e+00
8.578013628721237183e-03 4.923660308122634888e-03 0.000000000000000000e+00 2.172194508602842689e-04 8.892929181456565857e-03 0.000000000000000000e+00 3.559893695637583733e-03 1.141135673969984055e-02 2.471088897436857224e-03 2.743695629760622978e-03 0.000000000000000000e+00
1.025396486511453986e-04 2.229311503469944000e-04 2.135068352799862623e-04 2.448690065648406744e-04 0.000000000000000000e+00 2.624636108521372080e-04 1.294988469453528523e-04 1.213443465530872345e-04 1.538713113404810429e-04 3.192312433384358883e-04 4.777690337505191565e-04
0.000000000000000000e+00 0.000000000000000000e+00 0.000000000000000000e+00 0.000000000000000000e+00 0.000000000000000000e+00 0.000000000000000000e+00 0.000000000000000000e+00 0.000000000000000000e+00 0.000000000000000000e+00 0.000000000000000000e+00 0.000000000000000000e+00
8.986542932689189911e-03 8.292801678180694580e-03 0.000000000000000000e+00 8.046396542340517044e-04 0.000000000000000000e+00 2.142881741747260094e-03 6.207162048667669296e-03 2.825362840667366982e-03 0.000000000000000000e+00 8.778840303421020508e-03 6.237560417503118515e-03
0.000000000000000000e+00 1.899980008602142334e-03 0.000000000000000000e+00 0.000000000000000000e+00 1.947669195942580700e-03 5.433511920273303986e-03 3.930121660232543945e-03 0.000000000000000000e+00 2.576783532276749611e-03 0.000000000000000000e+00 0.000000000000000000e+00
2.643307903781533241e-03 2.204678021371364594e-03 0.000000000000000000e+00 3.194255521520972252e-03 0.000000000000000000e+00 0.000000000000000000e+00 6.247390527278184891e-03 0.000000000000000000e+00 0.000000000000000000e+00 6.059471517801284790e-03 1.144115696661174297e-03
8.627977222204208374e-03 8.314083330333232880e-03 8.626104332506656647e-03 0.000000000000000000e+00 3.282070532441139221e-02 0.000000000000000000e+00 4.162081051617860794e-03 8.496302325511351228e-05 5.529908929020166397e-03 0.000000000000000000e+00 7.730759214609861374e-03
0.000000000000000000e+00 8.190329481294611469e-07 4.980411176802590489e-06 1.851337742664327379e-06 4.502996489463839680e-06 0.000000000000000000e+00 1.814301754166081082e-06 1.492652927481685765e-06 4.762505056987720309e-07 1.791197860256943386e-06 0.000000000000000000e+00
