0.000000000000000000e+00 6.257403176277875900e-03 1.055367523804306984e-03 0.000000000000000000e+00 0.000000000000000000e+00 0.000000000000000000e+00 3.553282003849744797e-03 0.000000000000000000e+00 0.000000000000000000e+00 0.000000000000000000e+00 0.000000000000000000e+00
3.707971423864364624e-03 0.000000000000000000e+00 4.314621444791555405e-03 0.000000000000000000e+00 0.000000000000000000e+00 1.921591232530772686e-03 5.923968274146318436e-03 1.311084022745490074e-03 0.000000000000000000e+00 0.000000000000000000e+00 0.000000000000000000e+00
0.000000000000000000e+00 1.467307750135660172e-02 0.000000000000000000e+00 0.000000000000000000e+00 0.000000000000000000e+00 1.948713138699531555e-02 0.000000000000000000e+00 0.000000000000000000e+00 1.028961129486560822e-02 4.324761219322681427e-03 4.977196455001831055e-03
8.650449104607105255e-03 0.000000000000000000e+00 0.000000000000000000e+00 0.000000000000000000e+00 7.528130430728197098e-03 1.671910868026316166e-03 3.495786804705858231e-03 1.246115751564502716e-02 2.646111184731125832e-03 1.528451248304918408e-04 0.000000000000000000e+00
0.000000000000000000e+00 1.080347792594693601e-04 1.058353664120659232e-04 1.771711540641263127e-04 0.000000000000000000e+00 4.112962051294744015e-05 2.186937344959005713e-04 0.000000000000000000e+00 1.427436654921621084e-04 2.462263219058513641e-04 3.878678835462778807e-04
0.000000000000000000e+00 0.000000000000000000e+00 0.000000000000000000e+00 0.000000000000000000e+00 0.000000000000000000e+00 0.000000000000000000e+00 0.000000000000000000e+00 0.000000000000000000e+00 0.000000000000000000e+00 0.000000000000000000e+00 0.000000000000000000e+00
0.000000000000000000e+00 8.716137148439884186e-03 0.000000000000000000e+00 4.489159677177667618e-03 0.000000000000000000e+00 1.165638095699250698e-03 0.000000000000000000e+00 1.116196252405643463e-02 0.000000000000000000e+00 9.712084196507930756e-03 1.018379535526037216e-02
0.000000000000000000e+00 1.338654197752475739e-03 0.000000000000000000e+00 0.000000000000000000e+00 0.000000000000000000e+00 0.000000000000000000e+00 0.000000000000000000e+00 0.000000000000000000e+00 3.329306375235319138e-03 0.000000000000000000e+00 1.450053299777209759e-03
0.000000000000000000e+00 0.000000000000000000e+00 0.000000000000000000e+00 0.000000000000000000e+00 0.000000000000000000e+00 3.178551793098449707e-03 0.000000000000000000e+00 0.000000000000000000e+00 1.084028044715523720e-03 0.000000000000000000e+00 1.670636818744242191e-03
1.851640269160270691e-02 1.197381317615509033e-02 9.133283048868179321e-03 0.000000000000000000e+00 4.515155032277107239e-02 3.097109729424118996e-03 1.991420751437544823e-03 0.000000000000000000e+00 0.000000000000000000e+00 0.000000000000000000e+00 8.687045425176620483e-03
0.000000000000000000e+00 0.000000000000000000e+00 3.484208264126209542e-06 7.278737257365719415e-07 5.726205017708707601e-06 0.000000000000000000e+00 1.258737938769627362e-06 2.086812855850439519e-06 0.000000000000000000e+00 1.878159878287988249e-06 0.000000000000000000e+00
