0.000000000000000000e+00 0.000000000000000000e+00 0.000000000000000000e+00 0.000000000000000000e+00 0.000000000000000000e+00 0.000000000000000000e+00 0.000000000000000000e+00 2.393844071775674820e-03 0.000000000000000000e+00 0.000000000000000000e+00 0.000000000000000000e+00
9.213010780513286591e-03 0.000000000000000000e+00 5.695621366612613201e-04 0.000000000000000000e+00 0.000000000000000000e+00 2.126760227838531137e-04 0.000000000000000000e+00 4.036262165755033493e-03 0.000000000000000000e+00 0.000000000000000000e+00 0.000000000000000000e+00
5.615262314677238464e-03 8.565695025026798248e-03 0.000000000000000000e+00 0.000000000000000000e+00 1.125049591064453125e-02 0.000000000000000000e+00 8.045851718634366989e-04 0.000000000000000000e+00 7.274661329574882984e-04 1.163278147578239441e-02 7.178562809713184834e-04
7.638159673660993576e-03 0.000000000000000000e+00 0.000000000000000000e+00 0.000000000000000000e+00 1.065703108906745911e-03 0.000000000000000000e+00 3.268432570621371269e-03 4.216927103698253632e-03 0.000000000000000000e+00 0.000000000000000000e+00 0.000000000000000000e+00
0.000000000000000000e+00 1.418597676092758775e-04 1.865817903308197856e-04 2.092217473546043038e-04 0.000000000000000000e+00 1.334521075477823615e-04 2.149716165149584413e-04 3.663822644739411771e-05 1.720694563118740916e-04 3.400758432690054178e-04 4.691118956543505192e-04
0.000000000000000000e+00 0.000000000000000000e+00 0.000000000000000000e+00 0.000000000000000000e+00 0.000000000000000000e+00 0.000000000000000000e+00 0.000000000000000000e+00 0.000000000000000000e+00 0.000000000000000000e+00 0.000000000000000000e+00 0.000000000000000000e+00
4.916660953313112259e-03 2.612530719488859177e-03 0.000000000000000000e+00 5.719643551856279373e-03 0.000000000000000000e+00 1.873944769613444805e-03 2.918574027717113495e-03 5.806532688438892365e-03 6.864355877041816711e-03 5.328437313437461853e-03 0.000000000000000000e+00
0.000000000000000000e+00 1.540636364370584488e-02 6.493807304650545120e-03 0.000000000000000000e+00 0.000000000000000000e+00 6.162041681818664074e-04 0.000000000000000000e+00 1.625456614419817924e-03 0.000000000000000000e+00 0.000000000000000000e+00 1.258673612028360367e-03
1.868440536782145500e-03 4.507042467594146729e-03 0.000000000000000000e+00 2.077839802950620651e-03 0.000000000000000000e+00 7.179843727499246597e-03 4.035133868455886841e-03 0.000000000000000000e+00 0.000000000000000000e+00 0.000000000000000000e+00 9.359944611787796021e-03
5.306820850819349289e-03 0.000000000000000000e+00 7.425222545862197876e-03 0.000000000000000000e+00 3.462568297982215881e-02 0.000000000000000000e+00 0.000000000000000000e+00 0.000000000000000000e+00 5.887702718609943986e-05 0.000000000000000000e+00 1.312557328492403030e-02
0.000000000000000000e+00 6.642137577728135511e-07 1.195823983834998216e-06 6.204883788996085059e-07 6.211846539372345433e-06 0.000000000000000000e+00 1.362365765089634806e-06 4.544478997559053823e-06 0.000000000000000000e+00 3.353541387696168385e-06 0.000000000000000000e+00
