0.000000000000000000e+00 0.000000000000000000e+00 2.092454116791486740e-03 0.000000000000000000e+00 0.000000000000000000e+00 0.000000000000000000e+00 5.797757301479578018e-03 2.858299762010574341e-03 0.000000000000000000e+00 0.000000000000000000e+00 0.000000000000000000e+00
1.070029567927122116e-02 0.000000000000000000e+00 4.044604022055864334e-03 0.000000000000000000e+00 0.000000000000000000e+00 0.000000000000000000e+00 1.859740004874765873e-03 0.000000000000000000e+00 3.131407545879483223e-03 0.000000000000000000e+00 0.000000000000000000e+00
1.643762807361781597e-03 8.153894916176795959e-03 0.000000000000000000e+00 0.000000000000000000e+00 8.115640957839787006e-04 1.105267927050590515e-02 2.260660286992788315e-03 1.673109363764524460e-03 8.092680014669895172e-03 4.537585657089948654e-03 2.165938029065728188e-03
8.237924426794052124e-03 0.000000000000000000e+00 0.000000000000000000e+00 0.000000000000000000e+00 1.498415973037481308e-02 0.000000000000000000e+00 4.719411488622426987e-03 1.057534664869308472e-02 0.000000000000000000e+00 0.000000000000000000e+00 0.000000000000000000e+00
5.663307820213958621e-05 2.684425562620162964e-04 2.045194123638793826e-04 1.092344828066416085e-04 0.000000000000000000e+00 1.963097747648134828e-05 1.075860491255298257e-04 1.579747331561520696e-04 2.313814184162765741e-04 4.012032004538923502e-04 6.969291134737432003e-04
0.000000000000000000e+00 0.000000000000000000e+00 0.000000000000000000e+00 0.000000000000000000e+00 0.000000000000000000e+00 2.358242927584797144e-04 0.000000000000000000e+00 0.000000000000000000e+00 0.000000000000000000e+00 0.000000000000000000e+00 0.000000000000000000e+00
8.382658474147319794e-03 5.824398249387741089e-03 0.000000000000000000e+00 9.950863197445869446e-03 7.633604400325566530e-05 0.000000000000000000e+00 1.399186876369640231e-04 6.428651046007871628e-03 0.000000000000000000e+00 3.552337409928441048e-03 0.000000000000000000e+00
0.000000000000000000e+00 0.000000000000000000e+00 0.000000000000000000e+00 0.000000000000000000e+00 4.607843700796365738e-03 3.556497977115213871e-04 5.362969823181629181e-03 7.148415781557559967e-03 9.529558941721916199e-03 0.000000000000000000e+00 8.815914625301957130e-04
0.000000000000000000e+00 0.000000000000000000e+00 2.696490846574306488e-04 0.000000000000000000e+00 0.000000000000000000e+00 0.000000000000000000e+00 6.677355617284774780e-03 0.000000000000000000e+00 0.000000000000000000e+00 1.563712372444570065e-03 0.000000000000000000e+00
5.195963662117719650e-03 5.221580155193805695e-03 9.105718694627285004e-03 0.000000000000000000e+00 3.762390837073326111e-02 4.924596752971410751e-03 0.000000000000000000e+00 0.000000000000000000e+00 0.000000000000000000e+00 0.000000000000000000e+00 1.782595366239547729e-02
0.000000000000000000e+00 0.000000000000000000e+00 4.707236257672775537e-06 0.000000000000000000e+00 1.245035855390597135e-05 0.000000000000000000e+00 5.903835358367359731e-07 3.803873482866038103e-07 0.000000000000000000e+00 6.286636278218793450e-08 0.000000000000000000e+00
