0.000000000000000000e+00 0.000000000000000000e+00 0.000000000000000000e+00 0.000000000000000000e+00 0.000000000000000000e+00 0.000000000000000000e+00 0.000000000000000000e+00 3.307950217276811600e-03 0.000000000000000000e+00 0.000000000000000000e+00 0.000000000000000000e+00
9.417810477316379547e-03 0.000000000000000000e+00 7.035652641206979752e-03 3.911401610821485519e-03 0.000000000000000000e+00 0.000000000000000000e+00 0.000000000000000000e+00 8.979747653938829899e-04 0.000000000000000000e+00 0.000000000000000000e+00 2.024872461333870888e-03
1.600087038241326809e-03 1.246403064578771591e-02 0.000000000000000000e+00 0.000000000000000000e+00 0.000000000000000000e+00 1.763849519193172455e-02 9.843713603913784027e-03 0.000000000000000000e+00 1.090979110449552536e-02 1.423598080873489380e-02 0.000000000000000000e+00
1.042554061859846115e-02 0.000000000000000000e+00 0.000000000000000000e+00 0.000000000000000000e+00 9.449199773371219635e-03 7.011475507169961929e-03 4.946419503539800644e-03 8.404385298490524292e-03 6.526295561343431473e-03 9.948442457243800163e-04 0.000000000000000000e+00
2.269657998112961650e-04 1.814624556573107839e-04 3.315570938866585493e-04 4.506158584263175726e-04 0.000000000000000000e+00 3.238544159103184938e-04 3.392357320990413427e-04 1.068655983544886112e-04 1.387766533298417926e-04 4.483318480197340250e-04 1.299210009165108204e-03
0.000000000000000000e+00 0.000000000000000000e+00 0.000000000000000000e+00 0.000000000000000000e+00 0.000000000000000000e+00 0.000000000000000000e+00 0.000000000000000000e+00 0.000000000000000000e+00 0.000000000000000000e+00 0.000000000000000000e+00 0.000000000000000000e+00
0.000000000000000000e+00 3.278856747783720493e-04 0.000000000000000000e+00 0.000000000000000000e+00 0.000000000000000000e+00 0.000000000000000000e+00 1.618664711713790894e-02 1.098013669252395630e-02 3.848504275083541870e-04 1.678194501437246799e-03 8.164477534592151642e-03
0.000000000000000000e+00 8.907769806683063507e-03 3.944528754800558090e-03 0.000000000000000000e+00 0.000000000000000000e+00 0.000000000000000000e+00 0.000000000000000000e+00 7.176371291279792786e-03 5.049982108175754547e-03 0.000000000000000000e+00 4.259970155544579029e-04
0.000000000000000000e+00 0.000000000000000000e+00 0.000000000000000000e+00 1.690485863946378231e-03 0.000000000000000000e+00 8.686567656695842743e-03 0.000000000000000000e+00 0.000000000000000000e+00 0.000000000000000000e+00 0.000000000000000000e+00 8.450364693999290466e-03
3.569197142496705055e-03 0.000000000000000000e+00 1.079740840941667557e-02 0.000000000000000000e+00 5.494253709912300110e-02 4.235115833580493927e-03 0.000000000000000000e+00 0.000000000000000000e+00 1.261856220662593842e-02 0.000000000000000000e+00 2.566658891737461090e-02
0.000000000000000000e+00 9.301194268118706532e-07 1.820685611164662987e-05 9.567052074999082834e-06 2.669087371032219380e-05 0.000000000000000000e+00 9.861719263426493853e-06 9.521399988443590701e-06 0.000000000000000000e+00 1.300921485380968079e-05 0.000000000000000000e+00
