0.000000000000000000e+00 0.000000000000000000e+00 4.395368974655866623e-03 0.000000000000000000e+00 0.000000000000000000e+00 0.000000000000000000e+00 3.728362789843231440e-04 3.711175406351685524e-03 2.054438227787613869e-03 5.696677602827548981e-03 0.000000000000000000e+00
1.010525971651077271e-02 0.000000000000000000e+00 5.050763022154569626e-03 1.010417845100164413e-02 0.000000000000000000e+00 0.000000000000000000e+00 6.207795348018407822e-03 0.000000000000000000e+00 0.000000000000000000e+00 4.289843142032623291e-03 7.994124316610395908e-04
0.000000000000000000e+00 1.058661146089434624e-03 0.000000000000000000e+00 3.147444454953074455e-03 0.000000000000000000e+00 2.766946563497185707e-03 5.832950118929147720e-04 0.000000000000000000e+00 2.962947590276598930e-03 1.679127570241689682e-03 3.636967157945036888e-03
3.087604418396949768e-03 0.000000000000000000e+00 5.486266454681754112e-04 4.122736863791942596e-03 7.848907989682629704e-05 5.024669226258993149e-03 3.587359562516212463e-03 1.561332866549491882e-02 1.001985161565244198e-03 3.490992123261094093e-03 0.000000000000000000e+00
2.474787834216840565e-05 1.678345433901995420e-04 1.527314743725582957e-04 1.246701431227847934e-04 0.000000000000000000e+00 1.212587012560106814e-04 1.334690459771081805e-04 1.049765196512453258e-04 1.297386188525706530e-04 2.034604840446263552e-04 5.294533912092447281e-04
0.000000000000000000e+00 0.000000000000000000e+00 0.000000000000000000e+00 0.000000000000000000e+00 0.000000000000000000e+00 1.266924664378166199e-03 0.000000000000000000e+00 0.000000000000000000e+00 0.000000000000000000e+00 0.000000000000000000e+00 0.000000000000000000e+00
5.161627195775508881e-03 9.751470643095672131e-04 0.000000000000000000e+00 0.000000000000000000e+00 0.000000000000000000e+00 2.438303083181381226e-03 0.000000000000000000e+00 6.309943855740129948e-04 9.295416995882987976e-03 3.106476040557026863e-03 0.000000000000000000e+00
0.000000000000000000e+00 0.000000000000000000e+00 0.000000000000000000e+00 2.344107451790478081e-05 1.768075308063998818e-04 0.000000000000000000e+00 1.096746767871081829e-03 7.755818660371005535e-05 2.862981986254453659e-03 0.000000000000000000e+00 1.585461315698921680e-03
1.752693322487175465e-03 0.000000000000000000e+00 1.118023600429296494e-02 0.000000000000000000e+00 5.522688152268528938e-04 4.577312152832746506e-03 4.431434441357851028e-03 0.000000000000000000e+00 0.000000000000000000e+00 4.549782723188400269e-03 6.426973734050989151e-03
8.676070719957351685e-03 4.362245555967092514e-03 8.860621601343154907e-03 0.000000000000000000e+00 2.844863198697566986e-02 0.000000000000000000e+00 0.000000000000000000e+00 4.384068306535482407e-03 5.192040000110864639e-03 0.000000000000000000e+00 5.721092224121093750e-03
0.000000000000000000e+00 0.000000000000000000e+00 3.261947767896344885e-06 1.953045938307695906e-07 6.777183443773537874e-06 0.000000000000000000e+00 0.000000000000000000e+00 0.000000000000000000e+00 0.000000000000000000e+00 1.789383645700581837e-06 0.000000000000000000e+00
