0.000000000000000000e+00 3.504475951194763184e-02 1.217431030273437500e+03 0.000000000000000000e+00 0.000000000000000000e+00 0.000000000000000000e+00 3.399669140625000000e+04 2.725181396484375000e+03 2.102728515625000000e+03 9.944393038749694824e-01 0.000000000000000000e+00
1.337686157226562500e+03 5.582567871093750000e+03 1.008464257812500000e+04 3.175447082519531250e+02 7.165957987308502197e-02 7.612073730468750000e+03 1.720665039062500000e+04 4.356596171855926514e-01 2.578639388084411621e-01 2.974746227264404297e-01 4.001314453125000000e+04
4.798409461975097656e+00 5.336151562500000000e+04 4.078879687500000000e+04 7.742522656250000000e+04 1.175692977905273438e+02 1.010347500000000000e+05 4.831964843750000000e+04 1.106606445312500000e+03 1.041450937500000000e+05 6.897929687500000000e+04 4.905481640625000000e+04
9.952906250000000000e+03 3.127384989056736231e-04 3.237524902343750000e+03 4.241523925781250000e+03 5.390509765625000000e+03 9.138435546875000000e+03 7.249691162109375000e+02 1.483158984375000000e+04 1.132608789062500000e+04 3.491260742187500000e+03 2.703194091796875000e+03
1.000250396728515625e+02 1.756751403808593750e+02 1.398952636718750000e+02 8.855149841308593750e+01 8.422168320976197720e-05 1.141652069091796875e+02 1.656325683593750000e+02 2.770414733886718750e+01 1.424068603515625000e+02 1.630616455078125000e+02 3.805961303710937500e+02
0.000000000000000000e+00 0.000000000000000000e+00 0.000000000000000000e+00 0.000000000000000000e+00 0.000000000000000000e+00 2.099218750000000000e+03 0.000000000000000000e+00 0.000000000000000000e+00 0.000000000000000000e+00 0.000000000000000000e+00 3.973403320312500000e+03
4.429199218750000000e+03 2.847523681640625000e+03 0.000000000000000000e+00 2.092093945312500000e+04 1.286887663098923440e-08 1.237036010742187500e+03 4.731295630335807800e-02 1.089505076408386230e+00 1.987853125000000000e+04 2.622059082031250000e+03 1.274167114257812500e+03
0.000000000000000000e+00 7.983067382812500000e+03 2.317296093750000000e+04 1.473247070312500000e+02 6.630072656250000000e+04 1.929171484375000000e+04 3.279402343750000000e+03 2.618286914062500000e+04 1.536786499023437500e+02 6.738414001464843750e+01 1.877896289062500000e+04
1.324434765625000000e+04 1.176472460937500000e+04 1.831922656250000000e+04 1.063494384765625000e+03 2.462859375000000000e+03 7.607988281250000000e+02 3.327828125000000000e+04 1.371451873779296875e+02 5.991528320312500000e+03 7.705358276367187500e+02 5.237536010742187500e+02
1.563806533813476562e+00 2.741369485855102539e+00 4.784286022186279297e+00 1.586234429851174355e-04 8.183935165405273438e+00 8.886875002644956112e-05 3.729261379703530110e-06 3.634750464698299766e-05 1.120181560516357422e+00 0.000000000000000000e+00 2.564326047897338867e+00
0.000000000000000000e+00 2.689595334231853485e-03 3.059329748153686523e+00 1.700874567031860352e-01 5.504045963287353516e+00 0.000000000000000000e+00 1.401313662528991699e+00 4.279965877532958984e+00 6.232000142335891724e-02 3.214323282241821289e+00 4.756299313157796860e-05
