0.000000000000000000e+00 3.657392924651503563e-03 0.000000000000000000e+00 0.000000000000000000e+00 0.000000000000000000e+00 0.000000000000000000e+00 4.809061065316200256e-03 0.000000000000000000e+00 9.213300654664635658e-04 1.799296005629003048e-03 0.000000000000000000e+00
6.912138313055038452e-03 0.000000000000000000e+00 8.355685276910662651e-04 4.588870797306299210e-03 0.000000000000000000e+00 0.000000000000000000e+00 3.324881894513964653e-03 0.000000000000000000e+00 0.000000000000000000e+00 0.000000000000000000e+00 9.033242822624742985e-04
0.000000000000000000e+00 3.740418702363967896e-03 0.000000000000000000e+00 2.534321974962949753e-03 0.000000000000000000e+00 8.666994290251750499e-06 5.815407261252403259e-03 0.000000000000000000e+00 2.001503016799688339e-03 7.585223647765815258e-04 0.000000000000000000e+00
2.736060880124568939e-03 0.000000000000000000e+00 0.000000000000000000e+00 7.991511956788599491e-04 0.000000000000000000e+00 3.133959369733929634e-03 4.130415618419647217e-03 1.127935294061899185e-02 2.258418127894401550e-03 1.415152335539460182e-03 0.000000000000000000e+00
0.000000000000000000e+00 0.000000000000000000e+00 0.000000000000000000e+00 0.000000000000000000e+00 0.000000000000000000e+00 0.000000000000000000e+00 2.538720764277968556e-06 0.000000000000000000e+00 0.000000000000000000e+00 3.121465124422684312e-05 1.610583567526191473e-04
0.000000000000000000e+00 0.000000000000000000e+00 0.000000000000000000e+00 0.000000000000000000e+00 0.000000000000000000e+00 0.000000000000000000e+00 0.000000000000000000e+00 0.000000000000000000e+00 0.000000000000000000e+00 0.000000000000000000e+00 0.000000000000000000e+00
3.286715364083647728e-03 5.298685282468795776e-03 0.000000000000000000e+00 3.496357705444097519e-03 0.000000000000000000e+00 1.464244094677269459e-03 0.000000000000000000e+00 0.000000000000000000e+00 4.874334670603275299e-03 5.220806691795587540e-03 4.755301866680383682e-03
0.000000000000000000e+00 0.000000000000000000e+00 0.000000000000000000e+00 0.000000000000000000e+00 0.000000000000000000e+00 0.000000000000000000e+00 0.000000000000000000e+00 0.000000000000000000e+00 1.166086949524469674e-04 0.000000000000000000e+00 4.977767821401357651e-03
0.000000000000000000e+00 0.000000000000000000e+00 6.502537056803703308e-03 0.000000000000000000e+00 8.324260124936699867e-04 9.670658073446247727e-06 0.000000000000000000e+00 1.239359728060662746e-03 0.000000000000000000e+00 1.122460700571537018e-03 1.829796703532338142e-03
5.507905036211013794e-03 2.398760756477713585e-03 8.545579388737678528e-03 0.000000000000000000e+00 2.056963555514812469e-02 0.000000000000000000e+00 0.000000000000000000e+00 1.882706885226070881e-03 2.666395623236894608e-03 0.000000000000000000e+00 9.271612390875816345e-03
0.000000000000000000e+00 0.000000000000000000e+00 2.275812676089117303e-06 2.593914700810273644e-07 3.206869450878002681e-06 0.000000000000000000e+00 1.050663968271692283e-06 1.629827693250263110e-06 0.000000000000000000e+00 1.825367689889390022e-06 0.000000000000000000e+00
