0.000000000000000000e+00 3.055962966755032539e-03 0.000000000000000000e+00 0.000000000000000000e+00 0.000000000000000000e+00 0.000000000000000000e+00 0.000000000000000000e+00 0.000000000000000000e+00 6.384865380823612213e-03 0.000000000000000000e+00 0.000000000000000000e+00
1.747981063090264797e-03 0.000000000000000000e+00 1.933721709065139294e-03 0.000000000000000000e+00 0.000000000000000000e+00 0.000000000000000000e+00 1.210224907845258713e-02 1.147091155871748924e-03 5.498279817402362823e-03 0.000000000000000000e+00 3.309484571218490601e-03
0.000000000000000000e+00 0.000000000000000000e+00 0.000000000000000000e+00 6.464151083491742611e-04 0.000000000000000000e+00 0.000000000000000000e+00 0.000000000000000000e+00 0.000000000000000000e+00 0.000000000000000000e+00 8.834545500576496124e-03 1.912552979774773121e-03
0.000000000000000000e+00 1.573432935401797295e-03 0.000000000000000000e+00 0.000000000000000000e+00 0.000000000000000000e+00 2.993007190525531769e-03 0.000000000000000000e+00 4.076649434864521027e-03 6.411474198102951050e-03 0.000000000000000000e+00 0.000000000000000000e+00
9.512009273748844862e-05 2.576088299974799156e-04 2.885959111154079437e-04 1.600303949089720845e-04 0.000000000000000000e+00 1.295281399507075548e-04 1.253146620001643896e-04 4.731876106234267354e-05 2.395942137809470296e-04 2.328641421627253294e-04 5.264981300570070744e-04
0.000000000000000000e+00 0.000000000000000000e+00 0.000000000000000000e+00 0.000000000000000000e+00 0.000000000000000000e+00 1.362416893243789673e-03 0.000000000000000000e+00 0.000000000000000000e+00 0.000000000000000000e+00 0.000000000000000000e+00 0.000000000000000000e+00
4.226092249155044556e-03 4.559797700494527817e-03 0.000000000000000000e+00 7.055687718093395233e-03 0.000000000000000000e+00 7.215692661702632904e-03 0.000000000000000000e+00 0.000000000000000000e+00 1.141683105379343033e-02 5.114101339131593704e-03 7.631649496033787727e-04
0.000000000000000000e+00 0.000000000000000000e+00 3.356889588758349419e-03 0.000000000000000000e+00 8.679110556840896606e-03 3.934952896088361740e-03 0.000000000000000000e+00 0.000000000000000000e+00 0.000000000000000000e+00 0.000000000000000000e+00 1.174971228465437889e-03
0.000000000000000000e+00 2.116207499057054520e-03 1.124299503862857819e-02 0.000000000000000000e+00 0.000000000000000000e+00 0.000000000000000000e+00 0.000000000000000000e+00 0.000000000000000000e+00 0.000000000000000000e+00 0.000000000000000000e+00 1.687909592874348164e-03
9.422102943062782288e-03 1.097093243151903152e-02 7.640262134373188019e-03 0.000000000000000000e+00 2.936018444597721100e-02 0.000000000000000000e+00 0.000000000000000000e+00 1.760938554070889950e-03 8.386098779737949371e-03 3.133564488962292671e-03 1.264127902686595917e-03
0.000000000000000000e+00 0.000000000000000000e+00 2.660483914951328188e-06 0.000000000000000000e+00 3.693780627145315520e-06 0.000000000000000000e+00 2.301762606293777935e-06 2.193126874772133306e-06 0.000000000000000000e+00 1.782290496521454770e-06 0.000000000000000000e+00
