0.000000000000000000e+00 3.429547650739550591e-03 2.425576560199260712e-03 0.000000000000000000e+00 0.000000000000000000e+00 0.000000000000000000e+00 6.363108754158020020e-03 1.065528765320777893e-02 1.773766940459609032e-03 0.000000000000000000e+00 0.000000000000000000e+00
7.018479052931070328e-03 0.000000000000000000e+00 2.486333949491381645e-03 9.111656807363033295e-03 1.844309968873858452e-03 0.000000000000000000e+00 6.607174873352050781e-03 0.000000000000000000e+00 1.705132541246712208e-03 0.000000000000000000e+00 0.000000000000000000e+00
0.000000000000000000e+00 0.000000000000000000e+00 0.000000000000000000e+00 1.051815343089401722e-03 0.000000000000000000e+00 1.347624976187944412e-02 5.169583950191736221e-03 0.000000000000000000e+00 8.922439883463084698e-04 2.314887009561061859e-03 4.039276391267776489e-03
9.882273152470588684e-03 0.000000000000000000e+00 0.000000000000000000e+00 9.043085388839244843e-03 2.944111125543713570e-03 4.557906184345483780e-03 1.628114725463092327e-03 1.187100727111101151e-02 4.757029004395008087e-03 4.751534666866064072e-03 0.000000000000000000e+00
0.000000000000000000e+00 8.447409345535561442e-05 9.459456487093120813e-05 1.653686049394309521e-04 0.000000000000000000e+00 1.469111302867531776e-04 6.309210584731772542e-05 7.412955892505124211e-05 3.525796637404710054e-05 1.105724732042290270e-04 4.765454214066267014e-04
0.000000000000000000e+00 0.000000000000000000e+00 0.000000000000000000e+00 0.000000000000000000e+00 0.000000000000000000e+00 4.301810113247483969e-04 0.000000000000000000e+00 0.000000000000000000e+00 0.000000000000000000e+00 0.000000000000000000e+00 0.000000000000000000e+00
1.010229811072349548e-02 1.194674638099968433e-03 0.000000000000000000e+00 0.000000000000000000e+00 0.000000000000000000e+00 4.172035958617925644e-03 6.006288458593189716e-04 1.080847810953855515e-03 9.154302999377250671e-03 1.786283776164054871e-02 2.960175974294543266e-03
0.000000000000000000e+00 0.000000000000000000e+00 0.000000000000000000e+00 0.000000000000000000e+00 0.000000000000000000e+00 0.000000000000000000e+00 0.000000000000000000e+00 0.000000000000000000e+00 1.473026815801858902e-02 2.182540018111467361e-03 2.635394339449703693e-04
0.000000000000000000e+00 0.000000000000000000e+00 1.897918526083230972e-03 0.000000000000000000e+00 2.599767176434397697e-03 0.000000000000000000e+00 0.000000000000000000e+00 6.701703183352947235e-03 1.181689556688070297e-03 0.000000000000000000e+00 4.995301831513643265e-03
9.890571236610412598e-03 6.530727725476026535e-03 1.570122316479682922e-02 0.000000000000000000e+00 4.532472789287567139e-02 6.262782029807567596e-03 0.000000000000000000e+00 0.000000000000000000e+00 2.208533231168985367e-03 0.000000000000000000e+00 1.019481569528579712e-02
0.000000000000000000e+00 3.330042659399623517e-07 3.140137096124817617e-06 5.327393068910168950e-07 5.473699729918735102e-06 0.000000000000000000e+00 2.781295052045607008e-06 1.609329729035380296e-06 0.000000000000000000e+00 2.016988219111226499e-06 0.000000000000000000e+00
