0.000000000000000000e+00 7.199299335479736328e-01 1.090536346435546875e+02 0.000000000000000000e+00 0.000000000000000000e+00 0.000000000000000000e+00 4.767710937500000000e+04 1.129668750000000000e+04 2.389750927686691284e-01 4.653609275817871094e+00 0.000000000000000000e+00
2.680036718750000000e+04 9.167967618850525469e-06 3.212297607421875000e+03 1.525035351562500000e+04 4.993135929107666016e+00 1.300038574218750000e+04 4.986154937744140625e+01 2.129224796476592019e-08 4.489923339843750000e+03 2.010698318481445312e+00 7.139635253906250000e+03
8.266712188720703125e+00 1.539666503906250000e+04 6.211587041616439819e-02 1.978330078125000000e+04 9.564817382812500000e+03 1.011782617187500000e+04 1.066733789062500000e+04 3.288804199218750000e+03 1.032653274536132812e+02 6.724900512695312500e+02 1.539059281349182129e+00
3.323989746093750000e+03 0.000000000000000000e+00 6.916485595703125000e+02 2.944305664062500000e+03 1.548552551269531250e+02 1.728355979919433594e+01 9.300183593750000000e+03 7.026913085937500000e+03 1.350335001945495605e+00 8.051985502243041992e-01 6.829556274414062500e+01
9.958670707419514656e-04 5.061633110046386719e+00 1.967339217662811279e-01 1.389004349708557129e+00 2.337150817766087130e-06 7.491807639598846436e-02 3.563235998153686523e+00 2.282101154327392578e+00 1.078932762145996094e+00 3.381061077117919922e+00 2.043057632446289062e+01
0.000000000000000000e+00 0.000000000000000000e+00 0.000000000000000000e+00 0.000000000000000000e+00 0.000000000000000000e+00 1.888816654682159424e-01 0.000000000000000000e+00 0.000000000000000000e+00 0.000000000000000000e+00 0.000000000000000000e+00 7.049237865430768579e-06
1.300982421875000000e+04 1.161283081054687500e+03 8.154150843620300293e-02 2.168923828125000000e+04 1.259013891220092773e+00 8.696227073669433594e-01 1.185607910156250000e+02 1.057629346847534180e+00 3.727164062500000000e+03 4.153387207031250000e+03 1.948879882812500000e+03
3.091948201472405344e-06 4.442952734375000000e+04 3.899219140625000000e+04 1.380591201782226562e+01 6.930914306640625000e+01 1.977768945312500000e+04 2.638495922088623047e+00 8.062250000000000000e+03 5.906940307617187500e+02 6.675224121093750000e+03 1.831716406250000000e+04
0.000000000000000000e+00 3.776804443359375000e+03 9.438124023437500000e+03 2.726855468750000000e+03 1.312964782714843750e+02 1.684363476562500000e+04 1.254800683593750000e+04 7.881290435791015625e+00 1.709436645507812500e+02 1.658397521972656250e+02 1.407367578125000000e+04
0.000000000000000000e+00 0.000000000000000000e+00 0.000000000000000000e+00 0.000000000000000000e+00 2.244491577148437500e+01 0.000000000000000000e+00 0.000000000000000000e+00 0.000000000000000000e+00 0.000000000000000000e+00 0.000000000000000000e+00 0.000000000000000000e+00
0.000000000000000000e+00 1.237975549884140491e-03 6.069917231798171997e-02 2.426777064101770520e-05 2.333741784095764160e-01 0.000000000000000000e+00 9.239542996510863304e-04 2.155795320868492126e-02 9.199558917316608131e-06 4.350686818361282349e-02 4.361483734101057053e-04
