0.000000000000000000e+00 0.000000000000000000e+00 0.000000000000000000e+00 0.000000000000000000e+00 0.000000000000000000e+00 0.000000000000000000e+00 9.784405119717121124e-03 0.000000000000000000e+00 0.000000000000000000e+00 0.000000000000000000e+00 0.000000000000000000e+00
4.982710350304841995e-03 0.000000000000000000e+00 2.380272140726447105e-03 5.942464340478181839e-03 6.750817410647869110e-04 0.000000000000000000e+00 0.000000000000000000e+00 0.000000000000000000e+00 9.836092358455061913e-04 5.267663858830928802e-03 5.649718921631574631e-03
0.000000000000000000e+00 3.874621121212840080e-03 0.000000000000000000e+00 6.535841617733240128e-03 0.000000000000000000e+00 4.087042994797229767e-03 7.912493310868740082e-03 0.000000000000000000e+00 0.000000000000000000e+00 1.767249195836484432e-03 0.000000000000000000e+00
6.851839832961559296e-03 2.122800098732113838e-03 0.000000000000000000e+00 3.140178741887211800e-03 0.000000000000000000e+00 6.800245493650436401e-03 2.113557420670986176e-03 9.521377272903919220e-03 1.099351141601800919e-02 0.000000000000000000e+00 0.000000000000000000e+00
0.000000000000000000e+00 6.843581650173291564e-05 3.274381160736083984e-04 0.000000000000000000e+00 0.000000000000000000e+00 0.000000000000000000e+00 1.338487491011619568e-04 8.645678462926298380e-05 4.295806866139173508e-05 3.522209299262613058e-04 7.333853864111006260e-04
0.000000000000000000e+00 0.000000000000000000e+00 0.000000000000000000e+00 0.000000000000000000e+00 0.000000000000000000e+00 0.000000000000000000e+00 0.000000000000000000e+00 0.000000000000000000e+00 0.000000000000000000e+00 0.000000000000000000e+00 0.000000000000000000e+00
3.957270178943872452e-03 7.408260833472013474e-03 0.000000000000000000e+00 4.649829119443893433e-03 0.000000000000000000e+00 0.000000000000000000e+00 0.000000000000000000e+00 0.000000000000000000e+00 9.630493819713592529e-03 4.807843826711177826e-03 4.825254436582326889e-03
0.000000000000000000e+00 2.937298035249114037e-03 0.000000000000000000e+00 2.221741015091538429e-03 0.000000000000000000e+00 0.000000000000000000e+00 0.000000000000000000e+00 3.535463707521557808e-03 1.857338473200798035e-03 0.000000000000000000e+00 1.220751088112592697e-03
0.000000000000000000e+00 1.428368268534541130e-04 5.321527365595102310e-03 0.000000000000000000e+00 0.000000000000000000e+00 0.000000000000000000e+00 5.657724570482969284e-03 0.000000000000000000e+00 7.415477186441421509e-03 0.000000000000000000e+00 3.459185827523469925e-03
1.332184649072587490e-03 0.000000000000000000e+00 1.332924887537956238e-02 0.000000000000000000e+00 3.021694160997867584e-02 0.000000000000000000e+00 0.000000000000000000e+00 0.000000000000000000e+00 6.671058945357799530e-03 0.000000000000000000e+00 7.218119222670793533e-03
0.000000000000000000e+00 4.340941188729630085e-07 7.044329777272650972e-06 4.288976469979388639e-06 1.202560633828397840e-05 0.000000000000000000e+00 5.161754870641743764e-06 4.580798758979653940e-06 1.330725353909656405e-06 4.366080247564241290e-06 0.000000000000000000e+00
