0.000000000000000000e+00 0.000000000000000000e+00 4.046380519866943359e-03 0.000000000000000000e+00 0.000000000000000000e+00 0.000000000000000000e+00 2.643645973876118660e-03 2.958952100016176701e-04 3.905386663973331451e-03 0.000000000000000000e+00 0.000000000000000000e+00
9.393103420734405518e-03 0.000000000000000000e+00 2.615286270156502724e-03 2.267958130687475204e-03 0.000000000000000000e+00 2.716760383918881416e-03 6.375882774591445923e-03 0.000000000000000000e+00 3.122059861198067665e-04 0.000000000000000000e+00 0.000000000000000000e+00
0.000000000000000000e+00 1.058444660156965256e-02 8.617592975497245789e-03 0.000000000000000000e+00 0.000000000000000000e+00 1.316404901444911957e-02 0.000000000000000000e+00 0.000000000000000000e+00 8.490583859384059906e-03 9.447473101317882538e-03 8.457645773887634277e-03
1.526364311575889587e-02 0.000000000000000000e+00 0.000000000000000000e+00 0.000000000000000000e+00 1.031554583460092545e-02 0.000000000000000000e+00 0.000000000000000000e+00 8.725414983928203583e-03 4.496599081903696060e-03 3.326449776068329811e-03 0.000000000000000000e+00
2.285113077959977090e-05 1.204817526740953326e-04 1.414864382240921259e-04 6.760349788237363100e-05 0.000000000000000000e+00 9.958739974536001682e-05 9.590197441866621375e-05 4.438250834937207401e-05 5.437443905975669622e-05 2.757831243798136711e-04 5.237227305769920349e-04
0.000000000000000000e+00 0.000000000000000000e+00 0.000000000000000000e+00 0.000000000000000000e+00 0.000000000000000000e+00 0.000000000000000000e+00 0.000000000000000000e+00 0.000000000000000000e+00 0.000000000000000000e+00 0.000000000000000000e+00 0.000000000000000000e+00
5.583570804446935654e-03 3.833802649751305580e-03 0.000000000000000000e+00 1.261011813767254353e-03 0.000000000000000000e+00 6.834598258137702942e-03 8.472341112792491913e-03 1.369132567197084427e-02 1.165633648633956909e-02 7.553250528872013092e-03 0.000000000000000000e+00
0.000000000000000000e+00 0.000000000000000000e+00 0.000000000000000000e+00 0.000000000000000000e+00 1.013607066124677658e-02 3.175107762217521667e-03 0.000000000000000000e+00 0.000000000000000000e+00 5.348963662981987000e-03 0.000000000000000000e+00 4.372259601950645447e-03
0.000000000000000000e+00 5.622179713100194931e-03 5.423794500529766083e-03 0.000000000000000000e+00 0.000000000000000000e+00 0.000000000000000000e+00 5.153587553650140762e-03 0.000000000000000000e+00 1.834254711866378784e-03 1.128918956965208054e-03 4.757319402415305376e-04
7.061596959829330444e-03 2.272950019687414169e-03 7.362451869994401932e-03 0.000000000000000000e+00 4.158954694867134094e-02 0.000000000000000000e+00 0.000000000000000000e+00 0.000000000000000000e+00 6.564086303114891052e-03 0.000000000000000000e+00 1.296713575720787048e-02
0.000000000000000000e+00 0.000000000000000000e+00 2.260600012959912419e-06 4.751288713578105671e-07 3.925707005691947415e-06 0.000000000000000000e+00 1.392488542251157924e-07 4.603444097028841497e-07 0.000000000000000000e+00 7.388500762317562476e-07 0.000000000000000000e+00
