0.000000000000000000e+00 3.384072303771972656e+00 5.968523502349853516e+00 0.000000000000000000e+00 0.000000000000000000e+00 0.000000000000000000e+00 2.966463088989257812e+00 2.084459304809570312e+00 1.055540330708026886e-02 6.717418432235717773e-01 0.000000000000000000e+00
6.957901716232299805e-01 7.305016042664647102e-04 6.505515892058610916e-03 1.466243565082550049e-01 1.761229708790779114e-03 2.191480016335844994e-03 2.291798405349254608e-02 2.679060995578765869e-01 1.275852322578430176e-01 7.311896085739135742e-01 6.744970567524433136e-03
2.374459756538271904e-03 6.353619694709777832e-01 2.417895942926406860e-02 9.714476764202117920e-02 0.000000000000000000e+00 2.650742530822753906e-01 3.226483464241027832e-01 2.532761311158537865e-03 0.000000000000000000e+00 1.131055727601051331e-01 2.840621024370193481e-02
5.197709053754806519e-02 0.000000000000000000e+00 0.000000000000000000e+00 9.743303991854190826e-03 0.000000000000000000e+00 5.247918888926506042e-03 1.824776679277420044e-01 7.545479536056518555e-01 1.015875604934990406e-03 1.218553259968757629e-02 1.300136558711528778e-03
3.532460250426083803e-04 1.948918215930461884e-03 1.283776800846680999e-04 3.543750499375164509e-04 0.000000000000000000e+00 6.594271399080753326e-04 6.915987469255924225e-04 1.706357870716601610e-04 1.497525954619050026e-03 1.828027772717177868e-03 4.345145076513290405e-03
0.000000000000000000e+00 0.000000000000000000e+00 0.000000000000000000e+00 0.000000000000000000e+00 0.000000000000000000e+00 0.000000000000000000e+00 0.000000000000000000e+00 0.000000000000000000e+00 0.000000000000000000e+00 0.000000000000000000e+00 0.000000000000000000e+00
8.060834407806396484e-01 9.840510785579681396e-02 0.000000000000000000e+00 4.526042342185974121e-01 0.000000000000000000e+00 0.000000000000000000e+00 7.016606628894805908e-03 0.000000000000000000e+00 2.859846875071525574e-02 3.949631452560424805e-01 4.867106676101684570e-01
0.000000000000000000e+00 2.350823640823364258e+00 1.478825569152832031e+00 0.000000000000000000e+00 2.093737758696079254e-02 5.295631885528564453e-01 1.361581921577453613e+00 3.320987820625305176e-01 1.097479104995727539e+00 6.123253107070922852e-01 6.670807600021362305e-01
3.507371293380856514e-03 1.604602336883544922e-01 1.026139259338378906e-01 8.848278224468231201e-02 0.000000000000000000e+00 1.238490343093872070e-01 4.394753277301788330e-02 1.404030919075012207e-01 3.623548150062561035e-02 9.542004019021987915e-02 6.663677841424942017e-02
1.148913148790597916e-02 8.889744058251380920e-03 1.629305817186832428e-02 0.000000000000000000e+00 5.523977875709533691e-01 0.000000000000000000e+00 0.000000000000000000e+00 0.000000000000000000e+00 1.306920195929706097e-03 3.148131363559514284e-04 5.708393175154924393e-03
0.000000000000000000e+00 3.398754870431730524e-06 2.316406244062818587e-05 3.804951575148152187e-06 4.674594674725085497e-05 0.000000000000000000e+00 1.180494928121333942e-05 9.249471986549906433e-06 1.097028189178672619e-06 1.633045758353546262e-05 1.534559146421088371e-07
