0.000000000000000000e+00 0.000000000000000000e+00 0.000000000000000000e+00 0.000000000000000000e+00 0.000000000000000000e+00 0.000000000000000000e+00 5.354931112378835678e-03 7.129804231226444244e-03 0.000000000000000000e+00 0.000000000000000000e+00 0.000000000000000000e+00
1.161826774477958679e-02 0.000000000000000000e+00 8.086746558547019958e-03 2.999928314238786697e-03 4.415763251017779112e-04 0.000000000000000000e+00 4.027672577649354935e-03 0.000000000000000000e+00 0.000000000000000000e+00 0.000000000000000000e+00 0.000000000000000000e+00
0.000000000000000000e+00 8.203965611755847931e-03 1.638954738155007362e-03 0.000000000000000000e+00 0.000000000000000000e+00 4.737527575343847275e-03 5.692864302545785904e-03 0.000000000000000000e+00 2.083857078105211258e-03 1.610485836863517761e-02 6.880604662001132965e-03
4.893679171800613403e-03 0.000000000000000000e+00 0.000000000000000000e+00 0.000000000000000000e+00 5.000895354896783829e-03 0.000000000000000000e+00 0.000000000000000000e+00 1.150767225772142410e-02 6.752212531864643097e-03 0.000000000000000000e+00 0.000000000000000000e+00
3.611178908613510430e-05 2.385974657954648137e-04 2.682135382201522589e-04 1.986345014302060008e-04 0.000000000000000000e+00 7.560105586890131235e-05 1.808209053706377745e-04 0.000000000000000000e+00 1.092240272555500269e-04 2.679622557479888201e-04 7.251881761476397514e-04
0.000000000000000000e+00 0.000000000000000000e+00 0.000000000000000000e+00 0.000000000000000000e+00 0.000000000000000000e+00 5.457096849568188190e-04 0.000000000000000000e+00 0.000000000000000000e+00 0.000000000000000000e+00 0.000000000000000000e+00 8.673617379884035472e-19
9.315126575529575348e-03 0.000000000000000000e+00 0.000000000000000000e+00 1.143149752169847488e-02 0.000000000000000000e+00 4.914538003504276276e-03 0.000000000000000000e+00 3.434710903093218803e-03 1.350806746631860733e-02 5.987497977912425995e-03 7.613277994096279144e-03
0.000000000000000000e+00 5.914621287956833839e-04 0.000000000000000000e+00 0.000000000000000000e+00 0.000000000000000000e+00 0.000000000000000000e+00 0.000000000000000000e+00 2.493020845577120781e-03 5.633225664496421814e-03 0.000000000000000000e+00 1.461824867874383926e-03
0.000000000000000000e+00 2.458720118738710880e-04 0.000000000000000000e+00 7.930146530270576477e-04 1.577664632350206375e-03 9.596494492143392563e-04 7.477743085473775864e-03 0.000000000000000000e+00 4.467178136110305786e-03 0.000000000000000000e+00 7.544771302491426468e-03
1.265476085245609283e-02 0.000000000000000000e+00 1.758468151092529297e-02 0.000000000000000000e+00 5.289590731263160706e-02 3.773217089474201202e-03 0.000000000000000000e+00 0.000000000000000000e+00 9.920639917254447937e-03 0.000000000000000000e+00 1.487305015325546265e-02
0.000000000000000000e+00 0.000000000000000000e+00 3.974258106609340757e-06 4.557242618830059655e-07 8.217708455049432814e-06 0.000000000000000000e+00 3.270962906753993593e-06 3.764300345210358500e-06 0.000000000000000000e+00 2.904994062191690318e-06 0.000000000000000000e+00
