0.000000000000000000e+00 0.000000000000000000e+00 0.000000000000000000e+00 0.000000000000000000e+00 0.000000000000000000e+00 0.000000000000000000e+00 0.000000000000000000e+00 7.951751351356506348e-03 5.013438058085739613e-04 0.000000000000000000e+00 0.000000000000000000e+00
1.228689868003129959e-02 0.000000000000000000e+00 3.709825454279780388e-03 0.000000000000000000e+00 0.000000000000000000e+00 0.000000000000000000e+00 5.242277402430772781e-03 1.695387618383392692e-04 0.000000000000000000e+00 0.000000000000000000e+00 4.018559120595455170e-03
0.000000000000000000e+00 0.000000000000000000e+00 0.000000000000000000e+00 0.000000000000000000e+00 2.868615354145731544e-07 1.029472798109054565e-03 3.815139178186655045e-03 0.000000000000000000e+00 0.000000000000000000e+00 5.664028692990541458e-03 1.943184412084519863e-03
6.481813266873359680e-03 0.000000000000000000e+00 0.000000000000000000e+00 2.387050772085785866e-03 4.470756277441978455e-03 0.000000000000000000e+00 0.000000000000000000e+00 5.626138299703598022e-03 1.629275619052350521e-03 0.000000000000000000e+00 0.000000000000000000e+00
5.214119664742611349e-05 7.166968862293288112e-05 1.378098531858995557e-04 0.000000000000000000e+00 0.000000000000000000e+00 2.935982774943113327e-05 2.244382994831539690e-05 1.654033076192717999e-05 1.265716491616331041e-05 7.442341302521526814e-05 3.576461167540401220e-04
0.000000000000000000e+00 0.000000000000000000e+00 0.000000000000000000e+00 0.000000000000000000e+00 0.000000000000000000e+00 1.915210857987403870e-03 0.000000000000000000e+00 0.000000000000000000e+00 0.000000000000000000e+00 0.000000000000000000e+00 0.000000000000000000e+00
5.737193860113620758e-03 0.000000000000000000e+00 0.000000000000000000e+00 6.363879074342548847e-04 0.000000000000000000e+00 0.000000000000000000e+00 5.319535266607999802e-04 3.085683099925518036e-03 2.786757657304406166e-03 2.434610389173030853e-03 0.000000000000000000e+00
0.000000000000000000e+00 0.000000000000000000e+00 3.289696760475635529e-03 0.000000000000000000e+00 2.514893421903252602e-04 0.000000000000000000e+00 0.000000000000000000e+00 1.890508225187659264e-03 3.360386181157082319e-04 0.000000000000000000e+00 0.000000000000000000e+00
0.000000000000000000e+00 0.000000000000000000e+00 6.443081423640251160e-03 0.000000000000000000e+00 9.798697428777813911e-04 0.000000000000000000e+00 1.878113020211458206e-03 0.000000000000000000e+00 0.000000000000000000e+00 0.000000000000000000e+00 7.255799602717161179e-03
1.592314685694873333e-03 1.582010532729327679e-03 7.673643063753843307e-03 0.000000000000000000e+00 3.048177994787693024e-02 2.181663876399397850e-03 0.000000000000000000e+00 0.000000000000000000e+00 4.813219420611858368e-03 0.000000000000000000e+00 6.218274589627981186e-03
0.000000000000000000e+00 0.000000000000000000e+00 2.162130613214685582e-06 3.249806468375027180e-07 4.211194209347013384e-06 0.000000000000000000e+00 7.032858775346539915e-07 1.275609292861190625e-06 0.000000000000000000e+00 2.137243200195371173e-06 0.000000000000000000e+00
