0.000000000000000000e+00 0.000000000000000000e+00 0.000000000000000000e+00 0.000000000000000000e+00 0.000000000000000000e+00 0.000000000000000000e+00 2.178972586989402771e-03 0.000000000000000000e+00 8.779510972090065479e-05 0.000000000000000000e+00 0.000000000000000000e+00
8.054581470787525177e-03 0.000000000000000000e+00 3.379121888428926468e-03 7.242237683385610580e-03 0.000000000000000000e+00 1.135786180384457111e-03 0.000000000000000000e+00 0.000000000000000000e+00 1.008690334856510162e-03 0.000000000000000000e+00 3.701888723298907280e-03
0.000000000000000000e+00 2.597477985545992851e-03 0.000000000000000000e+00 2.347060071770101786e-04 4.374470096081495285e-03 1.442819135263562202e-03 4.772216547280550003e-03 0.000000000000000000e+00 3.559130243957042694e-03 8.270695805549621582e-03 2.785019343718886375e-03
4.640505183488130569e-03 1.441091997548937798e-03 0.000000000000000000e+00 0.000000000000000000e+00 0.000000000000000000e+00 1.086104428395628929e-03 8.563439361751079559e-03 7.392223924398422241e-03 0.000000000000000000e+00 2.515785861760377884e-03 0.000000000000000000e+00
0.000000000000000000e+00 0.000000000000000000e+00 1.245924649992957711e-04 0.000000000000000000e+00 0.000000000000000000e+00 0.000000000000000000e+00 0.000000000000000000e+00 6.693964678561314940e-06 0.000000000000000000e+00 1.387677039019763470e-04 3.013824461959302425e-04
0.000000000000000000e+00 0.000000000000000000e+00 0.000000000000000000e+00 0.000000000000000000e+00 0.000000000000000000e+00 0.000000000000000000e+00 0.000000000000000000e+00 0.000000000000000000e+00 0.000000000000000000e+00 0.000000000000000000e+00 0.000000000000000000e+00
1.359329558908939362e-03 3.869156353175640106e-03 0.000000000000000000e+00 3.469838295131921768e-03 0.000000000000000000e+00 0.000000000000000000e+00 0.000000000000000000e+00 5.600021686404943466e-03 3.090169746428728104e-03 0.000000000000000000e+00 1.418207655660808086e-03
0.000000000000000000e+00 0.000000000000000000e+00 3.698247892316430807e-04 0.000000000000000000e+00 0.000000000000000000e+00 0.000000000000000000e+00 0.000000000000000000e+00 2.070203889161348343e-03 6.373059004545211792e-03 6.569353863596916199e-04 0.000000000000000000e+00
0.000000000000000000e+00 4.259602166712284088e-03 6.880325730890035629e-03 2.157029695808887482e-03 0.000000000000000000e+00 1.193489006254822016e-04 0.000000000000000000e+00 1.474202959798276424e-03 1.354685169644653797e-03 0.000000000000000000e+00 3.555316652636975050e-06
6.437088828533887863e-03 0.000000000000000000e+00 1.117966789752244949e-02 0.000000000000000000e+00 2.555557340383529663e-02 0.000000000000000000e+00 6.923316977918148041e-04 0.000000000000000000e+00 6.255663000047206879e-03 0.000000000000000000e+00 1.396983582526445389e-02
0.000000000000000000e+00 0.000000000000000000e+00 3.539895942594739608e-06 8.465991072625911329e-07 5.821800186822656542e-06 0.000000000000000000e+00 4.848889147979207337e-07 6.678529302917013410e-07 2.607692692890850594e-07 1.917042254717671312e-06 0.000000000000000000e+00
