0.000000000000000000e+00 0.000000000000000000e+00 0.000000000000000000e+00 0.000000000000000000e+00 0.000000000000000000e+00 0.000000000000000000e+00 0.000000000000000000e+00 3.383175469934940338e-03 0.000000000000000000e+00 0.000000000000000000e+00 0.000000000000000000e+00
1.168491318821907043e-02 0.000000000000000000e+00 1.367486082017421722e-02 0.000000000000000000e+00 0.000000000000000000e+00 0.000000000000000000e+00 5.749674513936042786e-03 1.684422022663056850e-03 0.000000000000000000e+00 0.000000000000000000e+00 0.000000000000000000e+00
0.000000000000000000e+00 3.625315846875309944e-03 8.609663927927613258e-04 3.243238199502229691e-03 6.592382211238145828e-03 3.085074014961719513e-03 0.000000000000000000e+00 0.000000000000000000e+00 0.000000000000000000e+00 6.087502930313348770e-03 6.948253605514764786e-03
6.023253779858350754e-03 0.000000000000000000e+00 0.000000000000000000e+00 0.000000000000000000e+00 3.881108714267611504e-03 0.000000000000000000e+00 0.000000000000000000e+00 9.392565116286277771e-03 2.355276839807629585e-03 0.000000000000000000e+00 0.000000000000000000e+00
0.000000000000000000e+00 2.132798399543389678e-04 2.046439185505732894e-04 2.764895907603204250e-04 0.000000000000000000e+00 2.506736200302839279e-04 3.076586581300944090e-04 8.395634358748793602e-05 2.743128570728003979e-04 4.441522760316729546e-04 6.827341276220977306e-04
0.000000000000000000e+00 0.000000000000000000e+00 0.000000000000000000e+00 0.000000000000000000e+00 0.000000000000000000e+00 0.000000000000000000e+00 0.000000000000000000e+00 0.000000000000000000e+00 0.000000000000000000e+00 0.000000000000000000e+00 0.000000000000000000e+00
1.160965859889984131e-02 3.617312759160995483e-03 0.000000000000000000e+00 0.000000000000000000e+00 0.000000000000000000e+00 4.385782871395349503e-03 0.000000000000000000e+00 0.000000000000000000e+00 1.365360710769891739e-02 5.903253797441720963e-03 5.329918116331100464e-03
0.000000000000000000e+00 1.376507338136434555e-02 0.000000000000000000e+00 0.000000000000000000e+00 0.000000000000000000e+00 7.696300162933766842e-04 0.000000000000000000e+00 3.240061458200216293e-03 2.818760462105274200e-03 0.000000000000000000e+00 0.000000000000000000e+00
1.688897318672388792e-04 1.190514210611581802e-02 3.058829810470342636e-03 0.000000000000000000e+00 0.000000000000000000e+00 0.000000000000000000e+00 6.432594265788793564e-03 0.000000000000000000e+00 0.000000000000000000e+00 0.000000000000000000e+00 5.781125277280807495e-03
3.090179292485117912e-03 2.342474414035677910e-03 1.777779683470726013e-02 0.000000000000000000e+00 3.748125955462455750e-02 0.000000000000000000e+00 0.000000000000000000e+00 0.000000000000000000e+00 9.035751223564147949e-03 0.000000000000000000e+00 1.413107383996248245e-02
0.000000000000000000e+00 0.000000000000000000e+00 3.201583467671298422e-06 2.332729536647093482e-06 6.469093023042660207e-06 0.000000000000000000e+00 3.445176616878597997e-06 4.943938620272092521e-06 1.750052319948736113e-06 4.422412985150003806e-06 0.000000000000000000e+00
