0.000000000000000000e+00 0.000000000000000000e+00 4.151682369410991669e-03 0.000000000000000000e+00 0.000000000000000000e+00 0.000000000000000000e+00 4.570485092699527740e-03 9.010732173919677734e-03 1.059616915881633759e-02 1.244050683453679085e-03 0.000000000000000000e+00
7.973662577569484711e-03 0.000000000000000000e+00 3.894045017659664154e-03 0.000000000000000000e+00 4.231175989843904972e-04 0.000000000000000000e+00 4.386808257550001144e-03 0.000000000000000000e+00 0.000000000000000000e+00 0.000000000000000000e+00 3.104658564552664757e-03
0.000000000000000000e+00 6.361810956150293350e-03 0.000000000000000000e+00 6.092497147619724274e-03 2.399730030447244644e-03 2.509018406271934509e-03 0.000000000000000000e+00 0.000000000000000000e+00 0.000000000000000000e+00 5.948903039097785950e-03 0.000000000000000000e+00
9.264941327273845673e-03 1.001621712930500507e-03 7.018486212473362684e-05 0.000000000000000000e+00 4.193569999188184738e-03 1.794479554519057274e-03 0.000000000000000000e+00 8.383546024560928345e-03 8.854905143380165100e-03 3.463297616690397263e-04 0.000000000000000000e+00
5.252956179901957512e-05 1.524622348370030522e-04 1.879025512607768178e-04 1.243631122633814812e-04 1.355252715606880543e-20 0.000000000000000000e+00 6.628523988183587790e-05 1.235901436302810907e-04 5.268730092211626470e-05 3.717632498592138290e-04 6.852239021100103855e-04
0.000000000000000000e+00 0.000000000000000000e+00 0.000000000000000000e+00 0.000000000000000000e+00 0.000000000000000000e+00 0.000000000000000000e+00 0.000000000000000000e+00 0.000000000000000000e+00 0.000000000000000000e+00 0.000000000000000000e+00 0.000000000000000000e+00
2.065315144136548042e-03 3.917128778994083405e-04 0.000000000000000000e+00 4.229996819049119949e-03 0.000000000000000000e+00 0.000000000000000000e+00 1.470820512622594833e-03 1.206227671355009079e-02 3.940699156373739243e-03 2.966688713058829308e-03 5.738574080169200897e-03
0.000000000000000000e+00 0.000000000000000000e+00 0.000000000000000000e+00 0.000000000000000000e+00 7.857439108192920685e-03 0.000000000000000000e+00 0.000000000000000000e+00 0.000000000000000000e+00 1.579650677740573883e-03 0.000000000000000000e+00 0.000000000000000000e+00
0.000000000000000000e+00 0.000000000000000000e+00 7.372302468866109848e-03 0.000000000000000000e+00 0.000000000000000000e+00 0.000000000000000000e+00 8.159075863659381866e-03 3.530754940584301949e-03 6.546928081661462784e-03 0.000000000000000000e+00 3.007594263181090355e-03
9.428694844245910645e-03 4.870086442679166794e-03 5.448152776807546616e-03 0.000000000000000000e+00 3.501179069280624390e-02 0.000000000000000000e+00 2.447799488436430693e-05 0.000000000000000000e+00 9.254048578441143036e-03 3.537704003974795341e-03 9.807923808693885803e-03
0.000000000000000000e+00 0.000000000000000000e+00 5.657499968947377056e-06 0.000000000000000000e+00 1.611076731933280826e-05 0.000000000000000000e+00 0.000000000000000000e+00 0.000000000000000000e+00 0.000000000000000000e+00 0.000000000000000000e+00 0.000000000000000000e+00
