0.000000000000000000e+00 1.065449789166450500e-03 1.703103189356625080e-03 0.000000000000000000e+00 0.000000000000000000e+00 0.000000000000000000e+00 0.000000000000000000e+00 0.000000000000000000e+00 0.000000000000000000e+00 0.000000000000000000e+00 0.000000000000000000e+00
1.170528121292591095e-02 0.000000000000000000e+00 1.138263475149869919e-02 0.000000000000000000e+00 5.796110257506370544e-03 0.000000000000000000e+00 6.193716078996658325e-03 8.236174471676349640e-04 4.916242905892431736e-04 0.000000000000000000e+00 0.000000000000000000e+00
1.125059352489188313e-04 5.520668812096118927e-03 0.000000000000000000e+00 7.561494130641222000e-04 2.351214352529495955e-04 1.025012042373418808e-02 7.025422062724828720e-03 0.000000000000000000e+00 7.759440690279006958e-03 7.163097150623798370e-03 0.000000000000000000e+00
1.352410018444061279e-02 0.000000000000000000e+00 9.042037650942802429e-03 0.000000000000000000e+00 5.971735343337059021e-03 4.573589656502008438e-03 4.487240221351385117e-03 2.222391543909907341e-03 4.617663566023111343e-03 7.058901246637105942e-03 0.000000000000000000e+00
5.366915729609900154e-07 0.000000000000000000e+00 1.175880825030617416e-04 2.771126128209289163e-05 0.000000000000000000e+00 1.936755434144288301e-04 1.597098598722368479e-04 1.939166832016780972e-04 9.838182450039312243e-05 2.037700323853641748e-04 7.219195831567049026e-04
0.000000000000000000e+00 0.000000000000000000e+00 0.000000000000000000e+00 0.000000000000000000e+00 0.000000000000000000e+00 3.195015713572502136e-03 0.000000000000000000e+00 0.000000000000000000e+00 0.000000000000000000e+00 0.000000000000000000e+00 0.000000000000000000e+00
0.000000000000000000e+00 5.543771665543317795e-03 0.000000000000000000e+00 1.012496929615736008e-02 0.000000000000000000e+00 5.983000155538320541e-03 0.000000000000000000e+00 1.371513120830059052e-02 2.291535260155797005e-03 0.000000000000000000e+00 4.448017105460166931e-03
0.000000000000000000e+00 0.000000000000000000e+00 4.171723965555429459e-03 0.000000000000000000e+00 2.662090584635734558e-03 0.000000000000000000e+00 0.000000000000000000e+00 0.000000000000000000e+00 1.290392968803644180e-02 0.000000000000000000e+00 0.000000000000000000e+00
1.578138442710042000e-03 4.641590639948844910e-03 1.004608464427292347e-03 0.000000000000000000e+00 2.307232469320297241e-03 0.000000000000000000e+00 6.172775290906429291e-03 0.000000000000000000e+00 2.529396442696452141e-04 3.651175647974014282e-03 0.000000000000000000e+00
1.268875878304243088e-02 1.273648231290280819e-03 1.062948722392320633e-02 0.000000000000000000e+00 2.978318929672241211e-02 0.000000000000000000e+00 0.000000000000000000e+00 0.000000000000000000e+00 1.419678982347249985e-02 0.000000000000000000e+00 1.366173755377531052e-02
0.000000000000000000e+00 0.000000000000000000e+00 3.767109774344135076e-06 7.646003723493777215e-07 9.150421647063922137e-06 0.000000000000000000e+00 3.188118284924712498e-07 2.640986167534720153e-06 1.785162680789653677e-06 2.820449026330607012e-06 0.000000000000000000e+00
