0.000000000000000000e+00 3.404701995849609375e+01 1.246419525146484375e+01 0.000000000000000000e+00 0.000000000000000000e+00 0.000000000000000000e+00 2.218640747070312500e+02 2.425752734375000000e+04 2.389790625000000000e+04 5.158096551895141602e-01 0.000000000000000000e+00
3.207503906250000000e+04 1.948103545146295801e-08 1.218725967407226562e+02 5.880377343750000000e+04 6.747003197669982910e-01 1.335200390625000000e+04 2.542859765625000000e+04 6.313160705566406250e+01 2.974938281250000000e+04 6.807184696197509766e+00 9.307651562500000000e+04
2.009442260742187500e+03 5.070576477050781250e+01 1.118435859680175781e+00 1.133975143432617188e+02 4.186524414062500000e+03 2.997323828125000000e+04 1.822649023437500000e+04 1.686475830078125000e+02 6.439361572265625000e+02 1.092980859375000000e+04 1.163692285156250000e+04
6.810165625000000000e+04 2.203298437500000000e+04 3.170700073242187500e-01 3.088428497314453125e+00 1.443835601806640625e+02 9.639475345611572266e-01 3.421948437500000000e+04 1.044248144531250000e+04 5.797468359375000000e+04 7.545574218750000000e+04 4.531703948974609375e+00
7.893727779388427734e+00 1.825961303710937500e+01 1.250946807861328125e+01 6.255787849426269531e+00 4.323902430769521743e-06 7.149447917938232422e+00 8.339629173278808594e+00 1.007063674926757812e+01 1.069960975646972656e+01 1.896659088134765625e+01 3.721852111816406250e+01
0.000000000000000000e+00 0.000000000000000000e+00 0.000000000000000000e+00 0.000000000000000000e+00 0.000000000000000000e+00 0.000000000000000000e+00 0.000000000000000000e+00 0.000000000000000000e+00 0.000000000000000000e+00 0.000000000000000000e+00 0.000000000000000000e+00
5.069364843750000000e+04 3.975831640625000000e+04 2.623521089553833008e-01 7.391967187500000000e+04 0.000000000000000000e+00 4.433251562500000000e+04 1.427963066101074219e+01 4.262141406250000000e+04 3.281138281250000000e+04 4.220222265625000000e+04 1.552163238525390625e+02
0.000000000000000000e+00 2.055409812927246094e+01 2.062541875000000000e+05 1.476997043937444687e-03 3.111742500000000000e+05 2.099563281250000000e+04 1.673132812500000000e+05 1.498115156250000000e+05 5.138658125000000000e+05 4.932513281250000000e+04 2.700162500000000000e+05
2.355904507567174733e-05 1.918829296875000000e+04 3.084620703125000000e+04 5.949516601562500000e+03 1.710762786865234375e+01 9.696658935546875000e+02 7.628933715820312500e+01 3.489591836929321289e+00 1.890569686889648438e+01 9.704144531250000000e+03 6.565753173828125000e+01
0.000000000000000000e+00 0.000000000000000000e+00 0.000000000000000000e+00 0.000000000000000000e+00 1.705093383789062500e+01 0.000000000000000000e+00 0.000000000000000000e+00 0.000000000000000000e+00 0.000000000000000000e+00 0.000000000000000000e+00 4.969329529558308423e-05
0.000000000000000000e+00 7.043989899102598429e-05 6.591184437274932861e-02 1.787591725587844849e-02 2.275029718875885010e-01 0.000000000000000000e+00 2.604141831398010254e-02 3.229295462369918823e-02 5.027229121878917795e-07 1.727078482508659363e-02 6.393425865098834038e-04
