0.000000000000000000e+00 1.257424354553222656e+00 6.990921020507812500e+01 0.000000000000000000e+00 0.000000000000000000e+00 0.000000000000000000e+00 2.351161575317382812e+01 1.384869628906250000e+03 3.925132369995117188e+01 1.378576993942260742e+00 0.000000000000000000e+00
1.619684410095214844e+01 2.194649539887905121e-03 1.418368530273437500e+02 2.293610839843750000e+03 2.317556366324424744e-02 4.112828057259321213e-03 2.257507781982421875e+02 3.559395313262939453e+00 2.425215393304824829e-02 6.194876098632812500e+01 1.717681396484375000e+03
5.130527019500732422e-01 3.908183574676513672e+00 0.000000000000000000e+00 9.423230171203613281e+00 7.207812450360506773e-05 1.429848388671875000e+03 7.895028591156005859e+00 9.864291428129945416e-08 6.252133941650390625e+01 1.852157592773437500e+03 5.328025817871093750e+01
1.016190490722656250e+02 1.022145690917968750e+02 2.644449123181402683e-04 6.256632995605468750e+01 7.327363967895507812e+00 5.896075439453125000e+01 7.520228271484375000e+02 1.333867187500000000e+03 7.991002655029296875e+01 6.618849754333496094e+00 1.836558105468750000e+03
2.021540701389312744e-01 1.207856893539428711e+00 3.661566972732543945e-01 4.716486036777496338e-01 0.000000000000000000e+00 1.328703463077545166e-01 2.151439189910888672e-01 1.676516294479370117e+00 2.389661818742752075e-01 1.036253213882446289e+00 6.911696434020996094e+00
0.000000000000000000e+00 0.000000000000000000e+00 0.000000000000000000e+00 0.000000000000000000e+00 0.000000000000000000e+00 0.000000000000000000e+00 0.000000000000000000e+00 0.000000000000000000e+00 0.000000000000000000e+00 0.000000000000000000e+00 0.000000000000000000e+00
1.315259552001953125e+01 7.260446166992187500e+01 1.442945904273074120e-05 3.211182861328125000e+03 2.015269547700881958e-02 2.509990334510803223e-02 3.367905616760253906e+00 8.866348862648010254e-02 1.330742798745632172e-02 2.280952148437500000e+03 2.416280364990234375e+01
0.000000000000000000e+00 3.325053676962852478e-02 6.667973846197128296e-02 1.892555475234985352e+00 5.774095916748046875e+01 2.881991676986217499e-03 7.316012488445267081e-05 1.174292724609375000e+03 1.931304565429687500e+03 4.469695129394531250e+02 5.983759479022410233e-07
1.675663515925407410e-03 1.356959838867187500e+03 9.308953857421875000e+02 5.931282226562500000e+03 3.604814910888671875e+01 2.989148681640625000e+03 3.337682485580444336e+00 1.351151498965919018e-03 6.374293212890625000e+02 5.948145751953125000e+02 3.211614746093750000e+03
0.000000000000000000e+00 0.000000000000000000e+00 0.000000000000000000e+00 0.000000000000000000e+00 6.048505306243896484e+00 0.000000000000000000e+00 0.000000000000000000e+00 0.000000000000000000e+00 0.000000000000000000e+00 0.000000000000000000e+00 0.000000000000000000e+00
0.000000000000000000e+00 3.497857600450515747e-02 1.457404196262359619e-01 3.270648652687668800e-03 3.049887120723724365e-01 0.000000000000000000e+00 9.271302074193954468e-02 1.553727500140666962e-02 2.665612148120999336e-03 1.132794022560119629e-01 2.232975384686142206e-05
