0.000000000000000000e+00 1.836093288147822022e-04 1.164294546470046043e-03 0.000000000000000000e+00 0.000000000000000000e+00 0.000000000000000000e+00 5.967616452835500240e-04 3.332386258989572525e-03 0.000000000000000000e+00 0.000000000000000000e+00 0.000000000000000000e+00
2.450744388625025749e-03 0.000000000000000000e+00 3.502327715978026390e-03 2.107565291225910187e-03 0.000000000000000000e+00 1.076754531823098660e-03 3.144200891256332397e-04 1.027888269163668156e-03 0.000000000000000000e+00 0.000000000000000000e+00 0.000000000000000000e+00
9.464182076044380665e-04 1.194580690935254097e-03 2.098612952977418900e-03 0.000000000000000000e+00 1.612899941392242908e-03 4.815912339836359024e-03 1.603567856363952160e-03 0.000000000000000000e+00 0.000000000000000000e+00 2.086177002638578415e-03 4.592566110659390688e-04
6.024857982993125916e-03 0.000000000000000000e+00 0.000000000000000000e+00 1.526509004179388285e-04 5.534979864023625851e-04 0.000000000000000000e+00 5.438668187707662582e-03 3.002870944328606129e-04 0.000000000000000000e+00 2.829323522746562958e-03 0.000000000000000000e+00
7.992731843842193484e-05 9.969219536287710071e-05 6.165762897580862045e-05 1.172814882011152804e-04 0.000000000000000000e+00 1.733785902615636587e-04 1.409590331604704261e-04 4.451257700566202402e-05 1.273040543310344219e-04 2.099423290928825736e-04 2.823323884513229132e-04
0.000000000000000000e+00 0.000000000000000000e+00 4.405938088893890381e-03 1.269572996534407139e-03 0.000000000000000000e+00 1.063523720949888229e-02 0.000000000000000000e+00 0.000000000000000000e+00 0.000000000000000000e+00 4.020569031126797199e-04 1.759291999042034149e-02
1.645938260480761528e-03 0.000000000000000000e+00 0.000000000000000000e+00 0.000000000000000000e+00 0.000000000000000000e+00 6.610489217564463615e-04 1.857851981185376644e-03 5.266870837658643723e-03 1.642013434320688248e-03 5.330113694071769714e-03 3.680038964375853539e-03
0.000000000000000000e+00 2.274238038808107376e-03 0.000000000000000000e+00 0.000000000000000000e+00 0.000000000000000000e+00 2.330292481929063797e-04 1.238416065461933613e-03 0.000000000000000000e+00 3.502678358927369118e-03 0.000000000000000000e+00 1.880282536149024963e-03
1.416207232978194952e-04 1.917164423502981663e-03 0.000000000000000000e+00 0.000000000000000000e+00 0.000000000000000000e+00 1.033837557770311832e-03 6.485150079242885113e-04 0.000000000000000000e+00 0.000000000000000000e+00 5.743538495153188705e-04 0.000000000000000000e+00
3.866103012114763260e-03 1.156665384769439697e-03 6.505331024527549744e-03 0.000000000000000000e+00 1.362236123532056808e-02 0.000000000000000000e+00 0.000000000000000000e+00 0.000000000000000000e+00 1.518007367849349976e-03 0.000000000000000000e+00 4.537730477750301361e-03
0.000000000000000000e+00 1.430587985851161648e-07 3.673872924991883337e-06 1.538742594675568398e-06 3.749577899725409225e-06 0.000000000000000000e+00 6.893528166074247565e-07 1.670246092544402927e-06 0.000000000000000000e+00 1.777980514816590585e-06 0.000000000000000000e+00
