0.000000000000000000e+00 6.345278583467006683e-03 0.000000000000000000e+00 0.000000000000000000e+00 0.000000000000000000e+00 0.000000000000000000e+00 6.765902508050203323e-03 0.000000000000000000e+00 8.184643462300300598e-03 0.000000000000000000e+00 0.000000000000000000e+00
9.652723558247089386e-03 0.000000000000000000e+00 1.124487165361642838e-02 3.091653576120734215e-03 0.000000000000000000e+00 0.000000000000000000e+00 4.655259661376476288e-03 0.000000000000000000e+00 0.000000000000000000e+00 0.000000000000000000e+00 5.061618518084287643e-03
0.000000000000000000e+00 0.000000000000000000e+00 0.000000000000000000e+00 1.946817338466644287e-02 0.000000000000000000e+00 8.872784674167633057e-03 1.413855701684951782e-02 0.000000000000000000e+00 0.000000000000000000e+00 2.316999249160289764e-03 5.401932168751955032e-03
1.935457810759544373e-03 0.000000000000000000e+00 0.000000000000000000e+00 2.052623312920331955e-03 4.486075602471828461e-03 6.792272441089153290e-03 4.040329717099666595e-03 1.542466226965188980e-02 7.306696847081184387e-03 0.000000000000000000e+00 0.000000000000000000e+00
1.867762184701859951e-04 3.862598096020519733e-04 4.471919382922351360e-04 2.855932398233562708e-04 2.710505431213761085e-20 2.548697229940444231e-04 3.001091827172785997e-04 3.008618368767201900e-04 3.914721019100397825e-04 3.669451980385929346e-04 1.079119858331978321e-03
0.000000000000000000e+00 0.000000000000000000e+00 0.000000000000000000e+00 0.000000000000000000e+00 0.000000000000000000e+00 0.000000000000000000e+00 0.000000000000000000e+00 0.000000000000000000e+00 0.000000000000000000e+00 0.000000000000000000e+00 0.000000000000000000e+00
1.006101071834564209e-02 2.948636654764413834e-03 0.000000000000000000e+00 9.588442742824554443e-03 0.000000000000000000e+00 7.143611554056406021e-03 1.127107767388224602e-03 0.000000000000000000e+00 1.742233522236347198e-02 1.147609949111938477e-02 6.367875612340867519e-04
0.000000000000000000e+00 9.901657700538635254e-03 6.052204407751560211e-03 0.000000000000000000e+00 0.000000000000000000e+00 0.000000000000000000e+00 0.000000000000000000e+00 5.105428863316774368e-04 4.651743918657302856e-03 0.000000000000000000e+00 1.803343882784247398e-03
0.000000000000000000e+00 0.000000000000000000e+00 2.323048422113060951e-03 0.000000000000000000e+00 0.000000000000000000e+00 0.000000000000000000e+00 8.213760331273078918e-03 0.000000000000000000e+00 1.362981391139328480e-03 0.000000000000000000e+00 8.453856571577489376e-04
0.000000000000000000e+00 3.414284437894821167e-03 1.842697523534297943e-02 0.000000000000000000e+00 5.039847269654273987e-02 0.000000000000000000e+00 0.000000000000000000e+00 0.000000000000000000e+00 1.612685061991214752e-02 0.000000000000000000e+00 2.591906813904643059e-03
0.000000000000000000e+00 0.000000000000000000e+00 7.755093974992632866e-06 4.272159912943607196e-06 8.858354703988879919e-06 0.000000000000000000e+00 6.697790922771673650e-06 7.644051038369070739e-06 3.283843625467852689e-06 6.355931418511318043e-06 0.000000000000000000e+00
