0.000000000000000000e+00 2.246990101411938667e-03 0.000000000000000000e+00 0.000000000000000000e+00 0.000000000000000000e+00 0.000000000000000000e+00 4.303640220314264297e-03 0.000000000000000000e+00 2.603119472041726112e-03 0.000000000000000000e+00 0.000000000000000000e+00
9.612228604964911938e-04 0.000000000000000000e+00 0.000000000000000000e+00 1.651217462494969368e-03 1.375933934468775988e-04 0.000000000000000000e+00 5.090230144560337067e-03 0.000000000000000000e+00 0.000000000000000000e+00 0.000000000000000000e+00 3.037349786609411240e-03
1.775649026967585087e-03 0.000000000000000000e+00 0.000000000000000000e+00 0.000000000000000000e+00 0.000000000000000000e+00 5.297184688970446587e-04 0.000000000000000000e+00 4.233612213283777237e-03 0.000000000000000000e+00 0.000000000000000000e+00 0.000000000000000000e+00
2.277130028232932091e-03 0.000000000000000000e+00 0.000000000000000000e+00 0.000000000000000000e+00 7.424151059240102768e-03 0.000000000000000000e+00 2.830601530149579048e-03 5.892627872526645660e-03 2.098338212817907333e-03 0.000000000000000000e+00 0.000000000000000000e+00
2.681652586034033448e-05 4.044849993078969419e-05 4.882839493802748621e-05 4.403106868267059326e-05 0.000000000000000000e+00 1.531040470581501722e-05 5.499544386111665517e-06 0.000000000000000000e+00 8.597737178206443787e-06 6.444726750487461686e-05 1.912991574499756098e-04
0.000000000000000000e+00 0.000000000000000000e+00 0.000000000000000000e+00 0.000000000000000000e+00 0.000000000000000000e+00 0.000000000000000000e+00 0.000000000000000000e+00 0.000000000000000000e+00 0.000000000000000000e+00 0.000000000000000000e+00 0.000000000000000000e+00
8.257718873210251331e-04 0.000000000000000000e+00 0.000000000000000000e+00 2.322844229638576508e-03 0.000000000000000000e+00 0.000000000000000000e+00 3.081273287534713745e-03 0.000000000000000000e+00 5.543864099308848381e-04 1.164451590739190578e-03 4.503943957388401031e-03
0.000000000000000000e+00 0.000000000000000000e+00 1.174705830635502934e-04 1.237316871993243694e-03 1.185166300274431705e-03 0.000000000000000000e+00 0.000000000000000000e+00 4.770391387864947319e-04 7.310900255106389523e-04 1.877057482488453388e-03 0.000000000000000000e+00
0.000000000000000000e+00 6.020806729793548584e-03 0.000000000000000000e+00 0.000000000000000000e+00 1.647817785851657391e-03 0.000000000000000000e+00 0.000000000000000000e+00 1.297927461564540863e-03 1.721671316772699356e-03 4.226096440106630325e-03 6.403870647773146629e-04
1.873074565082788467e-03 4.418339114636182785e-03 9.143699891865253448e-03 0.000000000000000000e+00 1.494988612830638885e-02 0.000000000000000000e+00 0.000000000000000000e+00 1.329466584138572216e-03 2.812166057992726564e-04 0.000000000000000000e+00 1.135573349893093109e-02
0.000000000000000000e+00 0.000000000000000000e+00 3.847279970159434015e-07 0.000000000000000000e+00 1.727808012219611555e-06 0.000000000000000000e+00 2.579000693003763445e-07 8.356540774911991321e-07 0.000000000000000000e+00 2.735565374223369872e-07 0.000000000000000000e+00
