0.000000000000000000e+00 0.000000000000000000e+00 4.396952223032712936e-03 0.000000000000000000e+00 0.000000000000000000e+00 0.000000000000000000e+00 0.000000000000000000e+00 4.616943188011646271e-03 0.000000000000000000e+00 0.000000000000000000e+00 0.000000000000000000e+00
4.666160326451063156e-03 0.000000000000000000e+00 4.309992771595716476e-03 0.000000000000000000e+00 0.000000000000000000e+00 0.000000000000000000e+00 5.762446089647710323e-04 0.000000000000000000e+00 0.000000000000000000e+00 3.771345946006476879e-04 2.422975812805816531e-04
0.000000000000000000e+00 0.000000000000000000e+00 0.000000000000000000e+00 0.000000000000000000e+00 0.000000000000000000e+00 5.376265849918127060e-03 3.006301121786236763e-03 0.000000000000000000e+00 0.000000000000000000e+00 4.334866534918546677e-03 0.000000000000000000e+00
6.470651365816593170e-03 0.000000000000000000e+00 0.000000000000000000e+00 0.000000000000000000e+00 0.000000000000000000e+00 1.030631246976554394e-03 1.079532667063176632e-03 2.192585496231913567e-03 3.181372303515672684e-03 0.000000000000000000e+00 0.000000000000000000e+00
0.000000000000000000e+00 7.076300971675664186e-05 2.662591214175336063e-05 3.233579263905994594e-06 0.000000000000000000e+00 6.858941196696832776e-05 7.842152263037860394e-05 0.000000000000000000e+00 7.089773134794086218e-05 1.179852479253895581e-04 2.775304892566055059e-04
0.000000000000000000e+00 0.000000000000000000e+00 5.781647749245166779e-03 4.963939427398145199e-04 0.000000000000000000e+00 1.763989217579364777e-02 2.808649558573961258e-03 0.000000000000000000e+00 0.000000000000000000e+00 7.460655178874731064e-03 2.453641779720783234e-02
7.503315573558211327e-04 3.034388646483421326e-03 0.000000000000000000e+00 4.068707115948200226e-03 0.000000000000000000e+00 2.808649558573961258e-03 0.000000000000000000e+00 3.729706513695418835e-04 2.117726486176252365e-03 6.758751813322305679e-03 0.000000000000000000e+00
0.000000000000000000e+00 5.724719376303255558e-04 2.598968334496021271e-03 6.281414534896612167e-04 0.000000000000000000e+00 3.642544324975460768e-04 0.000000000000000000e+00 0.000000000000000000e+00 0.000000000000000000e+00 0.000000000000000000e+00 0.000000000000000000e+00
0.000000000000000000e+00 8.585753384977579117e-04 1.602000411367043853e-04 0.000000000000000000e+00 0.000000000000000000e+00 3.803108120337128639e-03 7.604908663779497147e-03 0.000000000000000000e+00 0.000000000000000000e+00 1.313988352194428444e-03 0.000000000000000000e+00
3.138476517051458359e-03 6.623449735343456268e-03 3.796066856011748314e-03 0.000000000000000000e+00 1.751857064664363861e-02 0.000000000000000000e+00 0.000000000000000000e+00 0.000000000000000000e+00 3.045880235731601715e-03 0.000000000000000000e+00 5.213535390794277191e-03
0.000000000000000000e+00 0.000000000000000000e+00 8.284823707072064281e-07 6.370966616486839484e-07 1.836902242757787462e-06 0.000000000000000000e+00 3.207155145901197102e-07 1.173991336145263631e-06 0.000000000000000000e+00 1.118428940571902785e-06 0.000000000000000000e+00
