0.000000000000000000e+00 1.066982280462980270e-02 0.000000000000000000e+00 0.000000000000000000e+00 0.000000000000000000e+00 0.000000000000000000e+00 6.148850079625844955e-03 0.000000000000000000e+00 0.000000000000000000e+00 0.000000000000000000e+00 0.000000000000000000e+00
5.497327074408531189e-03 0.000000000000000000e+00 0.000000000000000000e+00 3.294514492154121399e-03 0.000000000000000000e+00 0.000000000000000000e+00 1.744785229675471783e-03 0.000000000000000000e+00 2.536223968490958214e-03 0.000000000000000000e+00 0.000000000000000000e+00
2.637149067595601082e-03 4.427202977240085602e-03 0.000000000000000000e+00 0.000000000000000000e+00 3.169489558786153793e-03 2.012942545115947723e-02 1.403719745576381683e-02 0.000000000000000000e+00 9.879049845039844513e-03 4.352995310910046101e-04 8.228301070630550385e-03
1.314718089997768402e-02 0.000000000000000000e+00 0.000000000000000000e+00 0.000000000000000000e+00 5.419646855443716049e-03 0.000000000000000000e+00 0.000000000000000000e+00 1.537107396870851517e-03 0.000000000000000000e+00 6.576927378773689270e-03 0.000000000000000000e+00
1.972310201381333172e-05 6.883149762870743871e-05 1.233931834576651454e-04 2.788298006635159254e-04 0.000000000000000000e+00 1.442810462322086096e-04 1.239491248270496726e-04 7.985712727531790733e-05 1.737820712151005864e-04 2.599613799247890711e-04 6.846579490229487419e-04
0.000000000000000000e+00 0.000000000000000000e+00 0.000000000000000000e+00 0.000000000000000000e+00 0.000000000000000000e+00 0.000000000000000000e+00 0.000000000000000000e+00 0.000000000000000000e+00 0.000000000000000000e+00 0.000000000000000000e+00 0.000000000000000000e+00
7.368090562522411346e-03 4.443083889782428741e-03 0.000000000000000000e+00 9.468553471378982067e-04 0.000000000000000000e+00 3.458969993516802788e-03 3.224351909011602402e-03 6.316510960459709167e-03 5.173904355615377426e-03 1.969902310520410538e-03 4.359970800578594208e-03
0.000000000000000000e+00 0.000000000000000000e+00 0.000000000000000000e+00 0.000000000000000000e+00 0.000000000000000000e+00 0.000000000000000000e+00 0.000000000000000000e+00 2.215572865679860115e-03 1.466185878962278366e-02 0.000000000000000000e+00 2.285951282829046249e-03
0.000000000000000000e+00 6.148885469883680344e-03 0.000000000000000000e+00 0.000000000000000000e+00 0.000000000000000000e+00 0.000000000000000000e+00 0.000000000000000000e+00 0.000000000000000000e+00 0.000000000000000000e+00 0.000000000000000000e+00 2.205593045800924301e-03
2.388851717114448547e-03 1.125452807173132896e-03 1.504887919872999191e-02 0.000000000000000000e+00 4.381243884563446045e-02 5.032907705754041672e-03 0.000000000000000000e+00 8.810446597635746002e-04 6.199720315635204315e-03 3.229493973776698112e-03 1.368499640375375748e-02
0.000000000000000000e+00 0.000000000000000000e+00 7.514090611948631704e-06 1.302132091041130479e-06 1.186912231787573546e-05 0.000000000000000000e+00 5.412312930275220424e-06 4.700229510490316898e-06 1.906850798150117043e-06 5.120032710692612454e-06 0.000000000000000000e+00
