0.000000000000000000e+00 0.000000000000000000e+00 6.550057791173458099e-03 0.000000000000000000e+00 0.000000000000000000e+00 0.000000000000000000e+00 3.067689016461372375e-03 0.000000000000000000e+00 0.000000000000000000e+00 0.000000000000000000e+00 0.000000000000000000e+00
1.387604326009750366e-02 0.000000000000000000e+00 8.883485570549964905e-03 1.182060572318732738e-03 3.029500832781195641e-03 0.000000000000000000e+00 0.000000000000000000e+00 4.680157639086246490e-03 3.721087239682674408e-03 0.000000000000000000e+00 0.000000000000000000e+00
8.281075395643711090e-03 7.431128062307834625e-03 0.000000000000000000e+00 6.711262278258800507e-03 0.000000000000000000e+00 6.437852978706359863e-03 3.854981856420636177e-03 0.000000000000000000e+00 3.741995664313435555e-03 7.950240746140480042e-03 0.000000000000000000e+00
1.009922660887241364e-02 0.000000000000000000e+00 0.000000000000000000e+00 0.000000000000000000e+00 8.614873513579368591e-03 5.126517731696367264e-03 2.741368720307946205e-03 4.502517636865377426e-03 0.000000000000000000e+00 0.000000000000000000e+00 0.000000000000000000e+00
4.733721289085224271e-05 0.000000000000000000e+00 2.245397627120837569e-04 1.907713303808122873e-04 0.000000000000000000e+00 2.127259940607473254e-04 6.321429827949032187e-05 5.101626447867602110e-05 5.067860547569580376e-05 2.335054159630089998e-04 6.561558693647384644e-04
0.000000000000000000e+00 0.000000000000000000e+00 0.000000000000000000e+00 0.000000000000000000e+00 0.000000000000000000e+00 0.000000000000000000e+00 0.000000000000000000e+00 0.000000000000000000e+00 0.000000000000000000e+00 0.000000000000000000e+00 0.000000000000000000e+00
0.000000000000000000e+00 6.520237307995557785e-03 0.000000000000000000e+00 0.000000000000000000e+00 0.000000000000000000e+00 2.847262192517518997e-03 0.000000000000000000e+00 4.314437974244356155e-03 2.628673333674669266e-03 3.584650039556436241e-05 1.030637975782155991e-02
0.000000000000000000e+00 2.723073121160268784e-03 2.040288090938702226e-04 0.000000000000000000e+00 6.299946457147598267e-03 0.000000000000000000e+00 0.000000000000000000e+00 3.279956057667732239e-03 9.269183501601219177e-03 0.000000000000000000e+00 0.000000000000000000e+00
0.000000000000000000e+00 1.140961074270308018e-03 1.475341035984456539e-03 0.000000000000000000e+00 0.000000000000000000e+00 0.000000000000000000e+00 0.000000000000000000e+00 1.003815792500972748e-03 2.866331953555345535e-03 0.000000000000000000e+00 0.000000000000000000e+00
0.000000000000000000e+00 4.805574659258127213e-03 1.497661974281072617e-02 0.000000000000000000e+00 3.616062179207801819e-02 4.092936404049396515e-03 0.000000000000000000e+00 0.000000000000000000e+00 9.641139768064022064e-03 0.000000000000000000e+00 1.820634305477142334e-02
0.000000000000000000e+00 0.000000000000000000e+00 3.700004299389547668e-06 1.484345830249367282e-06 1.241591780853923410e-05 0.000000000000000000e+00 1.572016799400444143e-06 3.440936097831581719e-06 0.000000000000000000e+00 4.182056272838963196e-06 0.000000000000000000e+00
