0.000000000000000000e+00 0.000000000000000000e+00 7.217532955110073090e-03 0.000000000000000000e+00 0.000000000000000000e+00 0.000000000000000000e+00 0.000000000000000000e+00 0.000000000000000000e+00 2.561977598816156387e-03 0.000000000000000000e+00 0.000000000000000000e+00
1.082376670092344284e-02 0.000000000000000000e+00 0.000000000000000000e+00 0.000000000000000000e+00 0.000000000000000000e+00 9.813368087634444237e-04 0.000000000000000000e+00 0.000000000000000000e+00 0.000000000000000000e+00 2.670343674253672361e-04 0.000000000000000000e+00
0.000000000000000000e+00 3.037231974303722382e-03 0.000000000000000000e+00 0.000000000000000000e+00 8.451690082438290119e-04 1.089883851818740368e-03 6.075774785131216049e-03 0.000000000000000000e+00 2.290377393364906311e-03 4.880028776824474335e-03 0.000000000000000000e+00
1.211848016828298569e-02 0.000000000000000000e+00 0.000000000000000000e+00 0.000000000000000000e+00 6.199368275701999664e-03 0.000000000000000000e+00 0.000000000000000000e+00 1.199490949511528015e-02 0.000000000000000000e+00 0.000000000000000000e+00 0.000000000000000000e+00
1.421028428012505174e-04 2.403909311397001147e-04 2.594042161945253611e-04 3.279854718130081892e-04 0.000000000000000000e+00 2.755403111223131418e-04 9.945887723006308079e-05 2.022237167693674564e-04 2.176214038627222180e-04 4.584652197081595659e-04 6.711128517054021358e-04
0.000000000000000000e+00 0.000000000000000000e+00 0.000000000000000000e+00 0.000000000000000000e+00 0.000000000000000000e+00 0.000000000000000000e+00 0.000000000000000000e+00 0.000000000000000000e+00 0.000000000000000000e+00 0.000000000000000000e+00 0.000000000000000000e+00
5.454203113913536072e-03 5.288458894938230515e-03 0.000000000000000000e+00 0.000000000000000000e+00 0.000000000000000000e+00 6.823846488259732723e-04 4.002296365797519684e-03 4.474292800296097994e-04 2.419014228507876396e-03 7.398785091936588287e-03 1.275322120636701584e-02
0.000000000000000000e+00 0.000000000000000000e+00 0.000000000000000000e+00 1.642980845645070076e-03 3.523676190525293350e-03 0.000000000000000000e+00 0.000000000000000000e+00 2.709049731492996216e-03 1.317383535206317902e-02 5.696872714906930923e-03 0.000000000000000000e+00
0.000000000000000000e+00 7.869364693760871887e-03 0.000000000000000000e+00 0.000000000000000000e+00 0.000000000000000000e+00 0.000000000000000000e+00 4.758851602673530579e-03 0.000000000000000000e+00 0.000000000000000000e+00 2.092944923788309097e-03 4.402132704854011536e-03
4.659188911318778992e-03 0.000000000000000000e+00 1.703511807136237621e-03 0.000000000000000000e+00 3.592474758625030518e-02 0.000000000000000000e+00 3.170390380546450615e-03 8.400474907830357552e-04 0.000000000000000000e+00 0.000000000000000000e+00 1.835251972079277039e-02
0.000000000000000000e+00 0.000000000000000000e+00 1.137165145337348804e-05 0.000000000000000000e+00 1.853797766671050340e-05 0.000000000000000000e+00 0.000000000000000000e+00 3.511505610731546767e-07 0.000000000000000000e+00 3.150276597807533108e-06 0.000000000000000000e+00
