0.000000000000000000e+00 0.000000000000000000e+00 0.000000000000000000e+00 0.000000000000000000e+00 0.000000000000000000e+00 0.000000000000000000e+00 1.103901653550565243e-03 2.211891347542405128e-03 0.000000000000000000e+00 0.000000000000000000e+00 0.000000000000000000e+00
3.179793478921055794e-03 0.000000000000000000e+00 6.019005551934242249e-03 0.000000000000000000e+00 6.341718602925539017e-03 0.000000000000000000e+00 0.000000000000000000e+00 3.022922435775399208e-03 4.443733487278223038e-04 0.000000000000000000e+00 0.000000000000000000e+00
0.000000000000000000e+00 4.587224218994379044e-03 0.000000000000000000e+00 2.126638777554035187e-03 0.000000000000000000e+00 6.988166831433773041e-03 4.898572806268930435e-03 0.000000000000000000e+00 1.675706589594483376e-03 1.059809420257806778e-02 0.000000000000000000e+00
5.891943583264946938e-04 0.000000000000000000e+00 0.000000000000000000e+00 1.906051300466060638e-03 9.184007532894611359e-03 0.000000000000000000e+00 0.000000000000000000e+00 0.000000000000000000e+00 3.804071166086941957e-04 3.511480463203042746e-04 0.000000000000000000e+00
0.000000000000000000e+00 1.923890886246226728e-05 4.439674739842303097e-05 5.494085417012684047e-05 0.000000000000000000e+00 2.349819988012313843e-04 7.839846512069925666e-05 0.000000000000000000e+00 0.000000000000000000e+00 1.961993839358910918e-04 6.011164514347910881e-04
0.000000000000000000e+00 0.000000000000000000e+00 0.000000000000000000e+00 0.000000000000000000e+00 0.000000000000000000e+00 0.000000000000000000e+00 0.000000000000000000e+00 0.000000000000000000e+00 0.000000000000000000e+00 0.000000000000000000e+00 4.336808689942017736e-19
2.995081478729844093e-03 7.073398446664214134e-04 0.000000000000000000e+00 3.720850450918078423e-03 0.000000000000000000e+00 7.609412539750337601e-03 5.406937561929225922e-03 5.176267586648464203e-03 8.399154990911483765e-03 7.073644082993268967e-03 1.095783803611993790e-02
0.000000000000000000e+00 4.991645924746990204e-03 5.302296485751867294e-04 0.000000000000000000e+00 0.000000000000000000e+00 0.000000000000000000e+00 0.000000000000000000e+00 1.699515734799206257e-03 6.026619113981723785e-03 0.000000000000000000e+00 0.000000000000000000e+00
0.000000000000000000e+00 4.923235625028610229e-03 0.000000000000000000e+00 0.000000000000000000e+00 7.706312462687492371e-04 4.472660832107067108e-03 7.834605872631072998e-03 3.622100222855806351e-03 2.942478517070412636e-03 0.000000000000000000e+00 6.257479544728994370e-04
0.000000000000000000e+00 0.000000000000000000e+00 5.642621312290430069e-03 0.000000000000000000e+00 3.661881759762763977e-02 6.232198211364448071e-04 0.000000000000000000e+00 0.000000000000000000e+00 6.522172130644321442e-03 0.000000000000000000e+00 2.119711041450500488e-02
0.000000000000000000e+00 5.036911261413479224e-07 5.224192591413157061e-06 1.032070485962321982e-06 4.993542916054138914e-06 0.000000000000000000e+00 3.035086365343886428e-06 3.583832722142687999e-06 1.666173375269863755e-06 2.361544147788663395e-06 0.000000000000000000e+00
