1.417158126831054688e+01 7.380065917968750000e+01 8.332141113281250000e+01 1.013511085510253906e+01 5.330432951450347900e-02 1.208251205753185786e-06 7.692487335205078125e+01 8.725537109375000000e+01 7.219841003417968750e+01 6.956407165527343750e+01 8.086141586303710938e+00
1.081140625000000000e+04 0.000000000000000000e+00 2.304224609375000000e+03 1.128945800781250000e+03 2.145206604003906250e+02 2.204536437988281250e+00 2.739471484375000000e+04 6.838697753906250000e+03 2.113569527864456177e-01 1.775373828125000000e+04 1.678612695312500000e+04
6.616975097656250000e+02 1.464644287109375000e+03 2.358421369308416615e-07 4.543344497680664062e+00 2.033680200576782227e+00 4.380379882812500000e+03 2.515433349609375000e+03 8.214830607175827026e-02 3.383997070312500000e+03 3.567732812500000000e+04 6.987305823713541031e-04
8.832822265625000000e+03 5.346396484375000000e+02 2.459301269531250000e+03 7.090094604492187500e+02 1.622638867187500000e+04 1.030550308227539062e+02 4.807639160156250000e+03 1.818023828125000000e+04 8.550407226562500000e+03 6.217420043945312500e+02 1.002294011414051056e-03
3.838988876342773438e+01 7.888504028320312500e+01 4.403276062011718750e+01 5.055204391479492188e+01 4.169987732893787324e-06 2.894102668762207031e+01 2.725544166564941406e+01 4.256434631347656250e+01 1.628699111938476562e+01 7.607955932617187500e+01 1.734127502441406250e+02
0.000000000000000000e+00 0.000000000000000000e+00 0.000000000000000000e+00 0.000000000000000000e+00 0.000000000000000000e+00 0.000000000000000000e+00 0.000000000000000000e+00 0.000000000000000000e+00 0.000000000000000000e+00 0.000000000000000000e+00 3.215206909179687500e+01
1.861081250000000000e+04 9.084517578125000000e+03 1.038015991210937500e+03 1.033536132812500000e+04 4.552128295898437500e+02 7.666141113281250000e+03 3.161639648437500000e+03 2.245384826660156250e+02 1.332806250000000000e+04 1.257073046875000000e+04 2.827735107421875000e+03
0.000000000000000000e+00 4.750583984375000000e+03 2.499011718750000000e+03 5.825135742187500000e+03 4.053369531250000000e+04 6.147653808593750000e+02 6.201486328125000000e+03 7.767801269531250000e+03 2.310685546875000000e+04 1.274620898437500000e+04 1.972413208007812500e+03
1.538566470146179199e+00 1.387438183593750000e+04 4.390159667968750000e+03 3.166292114257812500e+02 4.969289398193359375e+01 1.586067993164062500e+03 1.942532592773437500e+03 1.013825134277343750e+03 1.267636523437500000e+04 2.669265307486057281e-02 1.782547070312500000e+04
0.000000000000000000e+00 0.000000000000000000e+00 0.000000000000000000e+00 0.000000000000000000e+00 1.385998687744140625e+02 0.000000000000000000e+00 0.000000000000000000e+00 0.000000000000000000e+00 0.000000000000000000e+00 0.000000000000000000e+00 9.962805052055045962e-06
0.000000000000000000e+00 1.884650941974541638e-06 5.449542403221130371e-01 2.734443172812461853e-02 7.510802745819091797e-01 0.000000000000000000e+00 2.729789912700653076e-02 3.559052050113677979e-01 4.017783794552087784e-06 3.293083012104034424e-01 9.443780299989157356e-07
