0.000000000000000000e+00 2.812574384734034538e-03 0.000000000000000000e+00 0.000000000000000000e+00 0.000000000000000000e+00 0.000000000000000000e+00 1.092877052724361420e-02 6.780259311199188232e-03 4.531772341579198837e-03 0.000000000000000000e+00 0.000000000000000000e+00
6.097964476794004440e-03 0.000000000000000000e+00 6.335972808301448822e-03 2.047014859272167087e-04 5.071302875876426697e-03 0.000000000000000000e+00 8.088141679763793945e-03 0.000000000000000000e+00 0.000000000000000000e+00 0.000000000000000000e+00 0.000000000000000000e+00
0.000000000000000000e+00 1.004095748066902161e-02 5.551977083086967468e-03 1.236368808895349503e-02 0.000000000000000000e+00 1.055266708135604858e-02 7.148348260670900345e-03 0.000000000000000000e+00 1.208182889968156815e-03 0.000000000000000000e+00 0.000000000000000000e+00
1.126205641776323318e-02 0.000000000000000000e+00 3.985452931374311447e-03 4.212209954857826233e-03 1.382189686410129070e-03 5.989307072013616562e-03 5.042559932917356491e-04 4.642685409635305405e-03 6.298352032899856567e-03 0.000000000000000000e+00 0.000000000000000000e+00
1.119897297030547634e-05 9.047958883456885815e-05 9.163141658063977957e-05 1.430683914804831147e-04 0.000000000000000000e+00 0.000000000000000000e+00 1.929665304487571120e-04 1.420122425770387053e-04 7.758993160678073764e-05 1.454932207707315683e-04 4.231815400999039412e-04
0.000000000000000000e+00 0.000000000000000000e+00 0.000000000000000000e+00 0.000000000000000000e+00 0.000000000000000000e+00 0.000000000000000000e+00 0.000000000000000000e+00 0.000000000000000000e+00 0.000000000000000000e+00 0.000000000000000000e+00 1.571367261931300163e-03
3.641255898401141167e-03 0.000000000000000000e+00 0.000000000000000000e+00 2.448931569233536720e-03 3.806590568274259567e-03 4.202737181913107634e-04 4.165540449321269989e-03 5.554973613470792770e-03 5.542552564293146133e-03 1.754972734488546848e-03 3.000683151185512543e-03
0.000000000000000000e+00 5.193591117858886719e-03 0.000000000000000000e+00 0.000000000000000000e+00 4.163309466093778610e-03 0.000000000000000000e+00 0.000000000000000000e+00 0.000000000000000000e+00 1.555047812871634960e-03 0.000000000000000000e+00 2.694443719519767910e-05
0.000000000000000000e+00 0.000000000000000000e+00 0.000000000000000000e+00 2.357080811634659767e-03 0.000000000000000000e+00 0.000000000000000000e+00 1.704179798252880573e-03 0.000000000000000000e+00 2.827028278261423111e-03 0.000000000000000000e+00 1.679618289927020669e-04
2.178824739530682564e-03 1.451399177312850952e-03 9.730531834065914154e-03 0.000000000000000000e+00 3.081815317273139954e-02 7.663413416594266891e-03 0.000000000000000000e+00 0.000000000000000000e+00 9.478921070694923401e-03 0.000000000000000000e+00 1.089304592460393906e-02
0.000000000000000000e+00 0.000000000000000000e+00 3.597003569666412659e-06 2.477975442616298096e-07 5.669495294569060206e-06 0.000000000000000000e+00 2.116818507147399941e-07 2.918359314207918942e-06 0.000000000000000000e+00 1.763537056831410155e-06 0.000000000000000000e+00
