0.000000000000000000e+00 4.596360027790069580e-03 5.028109066188335419e-03 0.000000000000000000e+00 0.000000000000000000e+00 0.000000000000000000e+00 0.000000000000000000e+00 1.145982742309570312e-02 0.000000000000000000e+00 0.000000000000000000e+00 0.000000000000000000e+00
5.850066896528005600e-03 0.000000000000000000e+00 6.901896093040704727e-03 0.000000000000000000e+00 0.000000000000000000e+00 0.000000000000000000e+00 1.685440423898398876e-03 1.270394190214574337e-03 0.000000000000000000e+00 0.000000000000000000e+00 0.000000000000000000e+00
0.000000000000000000e+00 2.750098472461104393e-03 0.000000000000000000e+00 0.000000000000000000e+00 0.000000000000000000e+00 2.741129603236913681e-03 0.000000000000000000e+00 0.000000000000000000e+00 8.923740242607891560e-04 5.796200595796108246e-03 0.000000000000000000e+00
5.452776327729225159e-03 0.000000000000000000e+00 0.000000000000000000e+00 1.175235956907272339e-03 5.052247084677219391e-03 4.619427956640720367e-03 3.097667591646313667e-03 1.324315741658210754e-02 0.000000000000000000e+00 0.000000000000000000e+00 0.000000000000000000e+00
1.620002149138599634e-04 4.419323231559246778e-04 1.526283449493348598e-04 2.595185360405594110e-04 0.000000000000000000e+00 1.167497975984588265e-04 1.818868040572851896e-04 5.754242010880261660e-05 1.835322764236479998e-04 4.876518796663731337e-04 5.539865815080702305e-04
0.000000000000000000e+00 0.000000000000000000e+00 0.000000000000000000e+00 0.000000000000000000e+00 0.000000000000000000e+00 0.000000000000000000e+00 0.000000000000000000e+00 0.000000000000000000e+00 0.000000000000000000e+00 0.000000000000000000e+00 0.000000000000000000e+00
4.176812712103128433e-03 5.874379537999629974e-03 0.000000000000000000e+00 7.353027351200580597e-03 0.000000000000000000e+00 1.229521539062261581e-02 1.034362893551588058e-02 0.000000000000000000e+00 1.437240839004516602e-02 9.139538742601871490e-03 8.380849845707416534e-03
0.000000000000000000e+00 1.236818730831146240e-03 2.541743917390704155e-03 0.000000000000000000e+00 3.512806026265025139e-03 0.000000000000000000e+00 0.000000000000000000e+00 7.648463943041861057e-04 3.792352741584181786e-03 0.000000000000000000e+00 2.195804379880428314e-03
0.000000000000000000e+00 3.386158961802721024e-03 1.997591927647590637e-03 1.313516404479742050e-03 0.000000000000000000e+00 3.272089175879955292e-03 8.441453799605369568e-03 8.812984451651573181e-03 0.000000000000000000e+00 0.000000000000000000e+00 2.911680610850453377e-03
7.397945970296859741e-03 0.000000000000000000e+00 8.660070598125457764e-04 0.000000000000000000e+00 3.865736350417137146e-02 8.524208096787333488e-04 0.000000000000000000e+00 0.000000000000000000e+00 3.489425638690590858e-03 0.000000000000000000e+00 1.154706813395023346e-02
0.000000000000000000e+00 0.000000000000000000e+00 6.954829586902633309e-06 2.274984808536828496e-06 1.234713909070705995e-05 0.000000000000000000e+00 2.994410124301793985e-06 5.583413440035656095e-06 0.000000000000000000e+00 8.018026164791081101e-06 2.023116167038097046e-06
