0.000000000000000000e+00 0.000000000000000000e+00 0.000000000000000000e+00 0.000000000000000000e+00 0.000000000000000000e+00 0.000000000000000000e+00 3.653069725260138512e-03 4.487685859203338623e-03 2.420346951112151146e-03 0.000000000000000000e+00 0.000000000000000000e+00
3.030998399481177330e-03 0.000000000000000000e+00 3.970489371567964554e-03 5.321122007444500923e-04 1.674177940003573895e-03 0.000000000000000000e+00 2.947183384094387293e-04 0.000000000000000000e+00 0.000000000000000000e+00 0.000000000000000000e+00 0.000000000000000000e+00
0.000000000000000000e+00 0.000000000000000000e+00 3.865183563902974129e-03 4.044029628857970238e-04 0.000000000000000000e+00 2.768881386145949364e-04 1.572498003952205181e-04 0.000000000000000000e+00 0.000000000000000000e+00 2.128300722688436508e-03 0.000000000000000000e+00
4.242197610437870026e-03 9.605700615793466568e-04 0.000000000000000000e+00 3.110867692157626152e-03 0.000000000000000000e+00 0.000000000000000000e+00 0.000000000000000000e+00 0.000000000000000000e+00 1.496280543506145477e-03 2.783927368000149727e-03 0.000000000000000000e+00
1.175345896626822650e-04 1.754646073095500469e-04 1.297139679081737995e-04 9.430165664525702596e-05 0.000000000000000000e+00 1.314575929427519441e-04 1.550978922750800848e-04 1.169841489172540605e-04 1.993739133467897773e-04 1.723392197163775563e-04 4.647171590477228165e-04
0.000000000000000000e+00 3.736912040039896965e-03 2.105630468577146530e-03 0.000000000000000000e+00 0.000000000000000000e+00 1.694777794182300568e-02 0.000000000000000000e+00 0.000000000000000000e+00 0.000000000000000000e+00 1.574512803927063942e-03 2.013008110225200653e-02
2.459702314808964729e-03 0.000000000000000000e+00 0.000000000000000000e+00 6.046478520147502422e-04 0.000000000000000000e+00 1.844830228947103024e-03 1.098012202419340611e-03 2.675822703167796135e-03 6.348004098981618881e-03 3.136154031381011009e-03 1.351489336229860783e-03
0.000000000000000000e+00 0.000000000000000000e+00 0.000000000000000000e+00 1.316467183642089367e-03 1.594357076101005077e-03 3.216637123841792345e-04 0.000000000000000000e+00 0.000000000000000000e+00 3.140663611702620983e-04 0.000000000000000000e+00 0.000000000000000000e+00
3.988747484982013702e-04 1.878271810710430145e-03 2.012228593230247498e-03 0.000000000000000000e+00 0.000000000000000000e+00 0.000000000000000000e+00 1.825441140681505203e-03 1.649569603614509106e-03 0.000000000000000000e+00 0.000000000000000000e+00 3.417767584323883057e-03
0.000000000000000000e+00 4.434717411641031504e-04 7.953653112053871155e-03 0.000000000000000000e+00 1.550541725009679794e-02 0.000000000000000000e+00 0.000000000000000000e+00 0.000000000000000000e+00 5.248496308922767639e-03 0.000000000000000000e+00 4.719299264252185822e-03
0.000000000000000000e+00 0.000000000000000000e+00 2.371498112552217208e-06 1.537698153697419912e-06 3.869494776154169813e-06 0.000000000000000000e+00 2.351531065869494341e-06 3.473695187494740821e-06 9.756975032360060140e-07 3.906063739123055711e-06 0.000000000000000000e+00
