0.000000000000000000e+00 0.000000000000000000e+00 0.000000000000000000e+00 0.000000000000000000e+00 0.000000000000000000e+00 0.000000000000000000e+00 1.491865376010537148e-03 2.397076226770877838e-03 6.216222420334815979e-03 0.000000000000000000e+00 0.000000000000000000e+00
6.872785743325948715e-03 0.000000000000000000e+00 0.000000000000000000e+00 3.361006034538149834e-03 0.000000000000000000e+00 0.000000000000000000e+00 5.270184017717838287e-03 1.291487552225589752e-02 0.000000000000000000e+00 0.000000000000000000e+00 5.881497636437416077e-03
1.192745286971330643e-03 5.067117046564817429e-03 1.860349089838564396e-03 3.443560097366571426e-03 5.039043724536895752e-03 5.202171392738819122e-03 2.294585341587662697e-03 0.000000000000000000e+00 3.608144586905837059e-03 1.785395853221416473e-02 0.000000000000000000e+00
3.006637329235672951e-03 0.000000000000000000e+00 1.556155504658818245e-03 0.000000000000000000e+00 0.000000000000000000e+00 0.000000000000000000e+00 2.782908501103520393e-03 0.000000000000000000e+00 1.080873887985944748e-02 5.234605167061090469e-03 0.000000000000000000e+00
0.000000000000000000e+00 1.443454384570941329e-04 1.394101709593087435e-04 1.472064323024824262e-04 0.000000000000000000e+00 1.770875242073088884e-04 1.151398901129141450e-04 1.083094466594047844e-04 1.670025812927633524e-04 2.654279232956469059e-04 5.390825681388378143e-04
0.000000000000000000e+00 0.000000000000000000e+00 0.000000000000000000e+00 0.000000000000000000e+00 0.000000000000000000e+00 0.000000000000000000e+00 0.000000000000000000e+00 0.000000000000000000e+00 0.000000000000000000e+00 0.000000000000000000e+00 1.574216585140675306e-04
1.046527922153472900e-02 0.000000000000000000e+00 0.000000000000000000e+00 6.124167237430810928e-03 0.000000000000000000e+00 4.382883198559284210e-03 0.000000000000000000e+00 9.490669704973697662e-03 1.590900123119354248e-02 0.000000000000000000e+00 0.000000000000000000e+00
0.000000000000000000e+00 2.551070181652903557e-03 4.772236105054616928e-03 0.000000000000000000e+00 4.285630770027637482e-03 0.000000000000000000e+00 2.271972829475998878e-03 2.408108208328485489e-03 1.116704661399126053e-02 0.000000000000000000e+00 1.109494478441774845e-03
0.000000000000000000e+00 0.000000000000000000e+00 1.454427023418247700e-03 0.000000000000000000e+00 0.000000000000000000e+00 0.000000000000000000e+00 0.000000000000000000e+00 0.000000000000000000e+00 0.000000000000000000e+00 0.000000000000000000e+00 4.387617576867341995e-03
8.963082917034626007e-03 7.721661822870373726e-04 5.810930393636226654e-03 0.000000000000000000e+00 4.161687940359115601e-02 3.919684793800115585e-03 0.000000000000000000e+00 0.000000000000000000e+00 1.038148999214172363e-02 2.393760485574603081e-03 1.237668003886938095e-02
0.000000000000000000e+00 0.000000000000000000e+00 3.539759063642122783e-06 9.030708270074683242e-07 5.251532456895802170e-06 0.000000000000000000e+00 1.194476681121159345e-06 1.410313302585564088e-06 0.000000000000000000e+00 2.440482148813316599e-06 0.000000000000000000e+00
