0.000000000000000000e+00 0.000000000000000000e+00 1.869827159680426121e-03 0.000000000000000000e+00 0.000000000000000000e+00 0.000000000000000000e+00 0.000000000000000000e+00 7.622371893376111984e-03 0.000000000000000000e+00 0.000000000000000000e+00 0.000000000000000000e+00
1.769626699388027191e-02 0.000000000000000000e+00 1.179885771125555038e-02 6.810447201132774353e-03 0.000000000000000000e+00 0.000000000000000000e+00 2.462308853864669800e-03 2.041250467300415039e-03 6.154500413686037064e-03 0.000000000000000000e+00 0.000000000000000000e+00
0.000000000000000000e+00 4.509325604885816574e-03 0.000000000000000000e+00 0.000000000000000000e+00 0.000000000000000000e+00 8.020454086363315582e-03 4.336135170888155699e-04 0.000000000000000000e+00 0.000000000000000000e+00 6.221837364137172699e-03 0.000000000000000000e+00
1.001583971083164215e-02 8.824341348372399807e-04 0.000000000000000000e+00 0.000000000000000000e+00 1.584939076565206051e-03 2.942016813904047012e-03 1.299053989350795746e-02 7.041613105684518814e-03 0.000000000000000000e+00 0.000000000000000000e+00 0.000000000000000000e+00
0.000000000000000000e+00 4.454269583220593631e-05 5.518443867913447320e-05 8.970066119218245149e-05 0.000000000000000000e+00 1.436886959709227085e-04 5.626372058031847700e-06 0.000000000000000000e+00 9.726131975185126066e-05 2.172210370190441608e-04 2.845726266968995333e-04
0.000000000000000000e+00 0.000000000000000000e+00 0.000000000000000000e+00 0.000000000000000000e+00 0.000000000000000000e+00 0.000000000000000000e+00 0.000000000000000000e+00 0.000000000000000000e+00 0.000000000000000000e+00 0.000000000000000000e+00 0.000000000000000000e+00
6.595474667847156525e-03 9.916138835251331329e-03 0.000000000000000000e+00 0.000000000000000000e+00 0.000000000000000000e+00 0.000000000000000000e+00 6.040664389729499817e-03 9.160254150629043579e-03 5.573268514126539230e-03 1.465064566582441330e-02 6.468479521572589874e-03
0.000000000000000000e+00 6.507259968202561140e-05 0.000000000000000000e+00 2.463984768837690353e-03 0.000000000000000000e+00 1.639983849599957466e-03 4.000443033874034882e-03 0.000000000000000000e+00 1.211133319884538651e-02 0.000000000000000000e+00 1.118947286158800125e-02
0.000000000000000000e+00 1.284642610698938370e-03 0.000000000000000000e+00 0.000000000000000000e+00 0.000000000000000000e+00 0.000000000000000000e+00 0.000000000000000000e+00 9.183537214994430542e-03 0.000000000000000000e+00 1.313209300860762596e-03 0.000000000000000000e+00
1.926627242937684059e-03 4.453158937394618988e-03 1.011844445019960403e-02 0.000000000000000000e+00 3.012660332024097443e-02 0.000000000000000000e+00 0.000000000000000000e+00 3.579274518415331841e-03 7.440465968102216721e-03 0.000000000000000000e+00 1.100787706673145294e-02
0.000000000000000000e+00 7.655791023353231139e-07 4.437382358446484432e-06 4.825438281841343269e-06 7.318654752452857792e-06 0.000000000000000000e+00 4.001833985967095941e-06 2.526897560528595932e-06 4.338367034506518394e-06 3.700655497596017085e-06 0.000000000000000000e+00
