0.000000000000000000e+00 0.000000000000000000e+00 0.000000000000000000e+00 0.000000000000000000e+00 0.000000000000000000e+00 0.000000000000000000e+00 6.721117533743381500e-03 5.327968974597752094e-04 0.000000000000000000e+00 0.000000000000000000e+00 0.000000000000000000e+00
2.822226146236062050e-03 0.000000000000000000e+00 0.000000000000000000e+00 0.000000000000000000e+00 3.622494870796799660e-03 6.722215330228209496e-04 0.000000000000000000e+00 0.000000000000000000e+00 0.000000000000000000e+00 0.000000000000000000e+00 4.656650591641664505e-03
8.350022835657000542e-04 0.000000000000000000e+00 0.000000000000000000e+00 0.000000000000000000e+00 0.000000000000000000e+00 0.000000000000000000e+00 4.229653161019086838e-03 0.000000000000000000e+00 0.000000000000000000e+00 5.625774618238210678e-03 8.180905715562403202e-04
1.082346122711896896e-02 3.220409853383898735e-03 0.000000000000000000e+00 0.000000000000000000e+00 2.945260610431432724e-03 0.000000000000000000e+00 6.941708852536976337e-05 3.483315696939826012e-03 1.686684903688728809e-03 0.000000000000000000e+00 0.000000000000000000e+00
2.347005647607147694e-04 4.146795254200696945e-04 5.611138185486197472e-04 4.408266686368733644e-04 0.000000000000000000e+00 5.648295627906918526e-04 5.746505339629948139e-04 3.261944511905312538e-04 6.187251419760286808e-04 8.381379302591085434e-04 1.243022154085338116e-03
0.000000000000000000e+00 0.000000000000000000e+00 0.000000000000000000e+00 0.000000000000000000e+00 0.000000000000000000e+00 1.073822379112243652e-03 0.000000000000000000e+00 0.000000000000000000e+00 0.000000000000000000e+00 0.000000000000000000e+00 0.000000000000000000e+00
0.000000000000000000e+00 1.572193810716271400e-03 0.000000000000000000e+00 0.000000000000000000e+00 0.000000000000000000e+00 1.070555415935814381e-03 1.140879117883741856e-03 2.083252882584929466e-03 8.642018656246364117e-04 2.024254295974969864e-03 7.448769174516201019e-03
0.000000000000000000e+00 5.147816147655248642e-03 0.000000000000000000e+00 5.321175791323184967e-03 0.000000000000000000e+00 0.000000000000000000e+00 0.000000000000000000e+00 0.000000000000000000e+00 4.250722471624612808e-03 0.000000000000000000e+00 2.108030952513217926e-03
1.100163557566702366e-03 5.301926285028457642e-03 0.000000000000000000e+00 2.654665848240256310e-03 0.000000000000000000e+00 6.071852985769510269e-04 5.691235885024070740e-03 1.523463433841243386e-04 0.000000000000000000e+00 0.000000000000000000e+00 6.648691371083259583e-03
7.376713678240776062e-03 0.000000000000000000e+00 8.382137864828109741e-03 0.000000000000000000e+00 2.483142167329788208e-02 0.000000000000000000e+00 0.000000000000000000e+00 0.000000000000000000e+00 3.194943303242325783e-03 0.000000000000000000e+00 1.816858723759651184e-02
0.000000000000000000e+00 2.929016091002267785e-06 4.906317371933255345e-06 3.554669319782988168e-06 1.067322045855689794e-05 0.000000000000000000e+00 1.315643544330669101e-06 5.666336164722451940e-06 0.000000000000000000e+00 7.174567144829779863e-06 0.000000000000000000e+00
