0.000000000000000000e+00 0.000000000000000000e+00 0.000000000000000000e+00 0.000000000000000000e+00 0.000000000000000000e+00 0.000000000000000000e+00 3.369034733623266220e-03 1.916715060360729694e-03 0.000000000000000000e+00 0.000000000000000000e+00 0.000000000000000000e+00
1.494977157562971115e-02 0.000000000000000000e+00 1.063103601336479187e-02 4.481648560613393784e-03 1.860334305092692375e-03 0.000000000000000000e+00 3.428680356591939926e-03 0.000000000000000000e+00 5.693303421139717102e-03 0.000000000000000000e+00 0.000000000000000000e+00
0.000000000000000000e+00 6.669685826636850834e-04 1.498548197560012341e-03 2.110266592353582382e-03 2.284007845446467400e-03 0.000000000000000000e+00 2.320916159078478813e-03 0.000000000000000000e+00 0.000000000000000000e+00 0.000000000000000000e+00 0.000000000000000000e+00
7.974390871822834015e-03 0.000000000000000000e+00 0.000000000000000000e+00 6.300987210124731064e-03 4.926844500005245209e-03 3.823341801762580872e-03 3.680341760627925396e-04 2.573159988969564438e-03 0.000000000000000000e+00 0.000000000000000000e+00 0.000000000000000000e+00
4.631297542800894007e-06 0.000000000000000000e+00 4.173705019638873637e-05 5.038336530560627580e-05 0.000000000000000000e+00 1.290527870878577232e-04 8.288263779832050204e-05 0.000000000000000000e+00 0.000000000000000000e+00 1.142370820161886513e-04 2.490582992322742939e-04
0.000000000000000000e+00 0.000000000000000000e+00 0.000000000000000000e+00 0.000000000000000000e+00 0.000000000000000000e+00 0.000000000000000000e+00 0.000000000000000000e+00 0.000000000000000000e+00 0.000000000000000000e+00 0.000000000000000000e+00 0.000000000000000000e+00
3.779749153181910515e-03 4.011397715657949448e-03 0.000000000000000000e+00 3.636150620877742767e-03 0.000000000000000000e+00 1.117015723139047623e-02 3.522128332406282425e-03 6.167838349938392639e-03 4.609251860529184341e-03 6.065471563488245010e-03 1.472448930144309998e-02
0.000000000000000000e+00 2.987225074321031570e-03 0.000000000000000000e+00 0.000000000000000000e+00 2.109638880938291550e-03 3.616663161665201187e-03 3.150260075926780701e-03 0.000000000000000000e+00 5.693418439477682114e-03 0.000000000000000000e+00 1.036889152601361275e-03
0.000000000000000000e+00 2.800068818032741547e-03 5.940829403698444366e-03 0.000000000000000000e+00 8.504709112457931042e-04 0.000000000000000000e+00 1.904765143990516663e-03 2.904549706727266312e-03 0.000000000000000000e+00 1.431149197742342949e-03 0.000000000000000000e+00
2.712814370170235634e-03 6.033941463101655245e-05 9.476769715547561646e-03 0.000000000000000000e+00 2.746339887380599976e-02 0.000000000000000000e+00 0.000000000000000000e+00 7.710181525908410549e-04 3.968995530158281326e-03 0.000000000000000000e+00 1.496207434684038162e-02
0.000000000000000000e+00 5.337488460099848453e-07 3.596959686547052115e-06 2.752799730387778254e-07 4.156512204644968733e-06 0.000000000000000000e+00 9.939948313331115060e-07 1.387582187817315571e-06 2.396396212134277448e-06 2.746503696471336298e-06 0.000000000000000000e+00
