0.000000000000000000e+00 0.000000000000000000e+00 0.000000000000000000e+00 0.000000000000000000e+00 0.000000000000000000e+00 0.000000000000000000e+00 1.701214001514017582e-03 5.993073806166648865e-03 6.140109151601791382e-03 0.000000000000000000e+00 0.000000000000000000e+00
1.362451445311307907e-02 0.000000000000000000e+00 1.114512514322996140e-02 0.000000000000000000e+00 0.000000000000000000e+00 3.274757764302194118e-04 1.450321986339986324e-03 0.000000000000000000e+00 0.000000000000000000e+00 0.000000000000000000e+00 1.595128560438752174e-03
2.001748653128743172e-03 1.262044534087181091e-02 1.788910012692213058e-04 0.000000000000000000e+00 3.034377470612525940e-03 0.000000000000000000e+00 4.063589032739400864e-03 0.000000000000000000e+00 5.980256013572216034e-03 4.295823164284229279e-03 6.182669196277856827e-03
8.481945842504501343e-03 0.000000000000000000e+00 0.000000000000000000e+00 0.000000000000000000e+00 1.042275596410036087e-02 0.000000000000000000e+00 0.000000000000000000e+00 1.087978947907686234e-02 6.732986075803637505e-04 2.130030887201428413e-03 0.000000000000000000e+00
5.741754284827038646e-05 1.228758628712967038e-04 4.067148984177038074e-05 1.820504839997738600e-04 0.000000000000000000e+00 2.939349724329076707e-05 7.447955431416630745e-05 2.454088644299190491e-05 7.103121606633067131e-05 1.251949870493263006e-04 4.221477138344198465e-04
0.000000000000000000e+00 0.000000000000000000e+00 0.000000000000000000e+00 0.000000000000000000e+00 0.000000000000000000e+00 1.008191495202481747e-03 0.000000000000000000e+00 0.000000000000000000e+00 0.000000000000000000e+00 0.000000000000000000e+00 0.000000000000000000e+00
2.884237561374902725e-03 0.000000000000000000e+00 0.000000000000000000e+00 3.903043223544955254e-03 0.000000000000000000e+00 4.461335265659727156e-05 1.545207016170024872e-02 7.213570643216371536e-03 0.000000000000000000e+00 7.558691781014204025e-03 1.025225128978490829e-02
0.000000000000000000e+00 8.578390814363956451e-03 0.000000000000000000e+00 0.000000000000000000e+00 0.000000000000000000e+00 0.000000000000000000e+00 1.996514154598116875e-03 0.000000000000000000e+00 0.000000000000000000e+00 0.000000000000000000e+00 0.000000000000000000e+00
0.000000000000000000e+00 0.000000000000000000e+00 0.000000000000000000e+00 1.217226032167673111e-02 1.882041106000542641e-03 0.000000000000000000e+00 8.015308529138565063e-03 0.000000000000000000e+00 1.135853584855794907e-03 0.000000000000000000e+00 9.377668611705303192e-03
7.465424947440624237e-03 0.000000000000000000e+00 8.808330632746219635e-03 5.538534373044967651e-03 4.342323169112205505e-02 0.000000000000000000e+00 4.109373316168785095e-03 0.000000000000000000e+00 6.009867880493402481e-03 0.000000000000000000e+00 1.566941291093826294e-02
0.000000000000000000e+00 2.271332732561859302e-06 7.609465228597400710e-06 1.511062805548135657e-06 6.187022790982155129e-06 0.000000000000000000e+00 2.791783117572776973e-06 3.271646164648700505e-06 1.369386041005782317e-06 3.545033905538730323e-06 0.000000000000000000e+00
