0.000000000000000000e+00 5.457720719277858734e-03 0.000000000000000000e+00 0.000000000000000000e+00 0.000000000000000000e+00 0.000000000000000000e+00 3.744675545021891594e-03 3.404101822525262833e-03 4.919411730952560902e-04 0.000000000000000000e+00 0.000000000000000000e+00
3.658353816717863083e-03 0.000000000000000000e+00 2.084661507979035378e-03 0.000000000000000000e+00 0.000000000000000000e+00 0.000000000000000000e+00 0.000000000000000000e+00 2.316003199666738510e-03 0.000000000000000000e+00 0.000000000000000000e+00 0.000000000000000000e+00
0.000000000000000000e+00 2.155189635232090950e-03 4.563418217003345490e-03 5.067882011644542217e-05 0.000000000000000000e+00 5.734311416745185852e-03 7.243004627525806427e-03 0.000000000000000000e+00 0.000000000000000000e+00 0.000000000000000000e+00 0.000000000000000000e+00
4.146025981754064560e-03 0.000000000000000000e+00 0.000000000000000000e+00 0.000000000000000000e+00 0.000000000000000000e+00 0.000000000000000000e+00 5.578621290624141693e-03 0.000000000000000000e+00 1.229596557095646858e-03 0.000000000000000000e+00 0.000000000000000000e+00
1.545218547107651830e-04 2.181243035010993481e-04 9.295865311287343502e-05 1.721633889246731997e-04 0.000000000000000000e+00 2.161510201403871179e-04 1.637238165130838752e-04 5.737896935897879303e-05 9.958208102034404874e-05 1.262170844711363316e-04 3.798959369305521250e-04
0.000000000000000000e+00 0.000000000000000000e+00 3.637128975242376328e-03 9.030983783304691315e-04 0.000000000000000000e+00 1.420600153505802155e-02 0.000000000000000000e+00 0.000000000000000000e+00 0.000000000000000000e+00 2.004549605771899223e-03 2.526304498314857483e-02
0.000000000000000000e+00 7.210745388874784112e-05 2.101223071804270148e-04 3.447589697316288948e-03 0.000000000000000000e+00 7.885982282459735870e-03 3.968764562159776688e-03 1.910004997625946999e-03 5.578259006142616272e-03 6.084895692765712738e-03 3.173288190737366676e-03
0.000000000000000000e+00 4.704714752733707428e-03 0.000000000000000000e+00 0.000000000000000000e+00 0.000000000000000000e+00 0.000000000000000000e+00 0.000000000000000000e+00 0.000000000000000000e+00 3.047619247809052467e-03 0.000000000000000000e+00 0.000000000000000000e+00
0.000000000000000000e+00 3.567144973203539848e-03 0.000000000000000000e+00 0.000000000000000000e+00 0.000000000000000000e+00 2.042168751358985901e-03 0.000000000000000000e+00 4.612031625583767891e-04 0.000000000000000000e+00 0.000000000000000000e+00 1.793127856217324734e-03
0.000000000000000000e+00 0.000000000000000000e+00 1.775304554030299187e-03 0.000000000000000000e+00 1.797292754054069519e-02 0.000000000000000000e+00 0.000000000000000000e+00 0.000000000000000000e+00 2.819189568981528282e-03 0.000000000000000000e+00 8.563150651752948761e-03
0.000000000000000000e+00 0.000000000000000000e+00 4.675000582210486755e-06 2.080017651451271377e-07 5.029708972870139405e-06 0.000000000000000000e+00 1.170866653410485014e-06 4.003917183581506833e-06 0.000000000000000000e+00 4.893523509963415563e-06 0.000000000000000000e+00
