0.000000000000000000e+00 0.000000000000000000e+00 1.742576365359127522e-03 0.000000000000000000e+00 0.000000000000000000e+00 0.000000000000000000e+00 1.478027738630771637e-02 0.000000000000000000e+00 0.000000000000000000e+00 0.000000000000000000e+00 0.000000000000000000e+00
6.094180513173341751e-03 0.000000000000000000e+00 2.672767266631126404e-03 4.566823132336139679e-03 0.000000000000000000e+00 4.571881610900163651e-03 0.000000000000000000e+00 0.000000000000000000e+00 3.190792165696620941e-03 0.000000000000000000e+00 0.000000000000000000e+00
5.177236162126064301e-04 5.265378393232822418e-03 2.325106645002961159e-03 4.054579418152570724e-03 0.000000000000000000e+00 1.349728647619485855e-02 3.448555944487452507e-03 0.000000000000000000e+00 2.868958050385117531e-03 8.462700061500072479e-03 6.233058404177427292e-03
1.346069853752851486e-02 0.000000000000000000e+00 0.000000000000000000e+00 0.000000000000000000e+00 9.501338005065917969e-03 0.000000000000000000e+00 2.040177583694458008e-03 5.685897078365087509e-03 1.764307846315205097e-03 2.963558305054903030e-03 0.000000000000000000e+00
0.000000000000000000e+00 2.255177823826670647e-04 4.551494203042238951e-04 4.335100238677114248e-04 0.000000000000000000e+00 2.676552394405007362e-04 5.259881145320832729e-04 1.629994949325919151e-04 3.428781928960233927e-04 7.164521375671029091e-04 1.285422942601144314e-03
0.000000000000000000e+00 0.000000000000000000e+00 0.000000000000000000e+00 0.000000000000000000e+00 0.000000000000000000e+00 0.000000000000000000e+00 0.000000000000000000e+00 0.000000000000000000e+00 0.000000000000000000e+00 0.000000000000000000e+00 0.000000000000000000e+00
1.865058322437107563e-03 4.480300005525350571e-03 0.000000000000000000e+00 0.000000000000000000e+00 0.000000000000000000e+00 9.023614227771759033e-03 1.324022538028657436e-03 8.451521396636962891e-03 1.256831176578998566e-02 1.159819657914340496e-03 5.497690755873918533e-03
0.000000000000000000e+00 7.736730622127652168e-04 0.000000000000000000e+00 0.000000000000000000e+00 1.028719171881675720e-02 4.510748665779829025e-03 0.000000000000000000e+00 6.089203059673309326e-03 7.535980083048343658e-03 0.000000000000000000e+00 0.000000000000000000e+00
0.000000000000000000e+00 9.325394406914710999e-03 8.679006714373826981e-04 0.000000000000000000e+00 0.000000000000000000e+00 0.000000000000000000e+00 0.000000000000000000e+00 9.309490560553967953e-04 0.000000000000000000e+00 0.000000000000000000e+00 2.138720126822590828e-03
0.000000000000000000e+00 1.225025858730077744e-03 2.316171675920486450e-02 0.000000000000000000e+00 4.241044819355010986e-02 0.000000000000000000e+00 0.000000000000000000e+00 0.000000000000000000e+00 1.327269617468118668e-02 2.947886707261204720e-03 2.050802670419216156e-02
0.000000000000000000e+00 0.000000000000000000e+00 1.404348404321353883e-05 1.273191810469143093e-05 2.356606455578003079e-05 0.000000000000000000e+00 9.265927474189084023e-06 1.012148186418926343e-05 2.171081632695859298e-06 7.904189260443672538e-06 0.000000000000000000e+00
