0.000000000000000000e+00 3.066578125000000000e+03 4.962827148437500000e+03 0.000000000000000000e+00 0.000000000000000000e+00 0.000000000000000000e+00 4.546893554687500000e+03 8.804623046875000000e+03 1.465690002441406250e+02 3.274458646774291992e+00 0.000000000000000000e+00
7.166474609375000000e+02 0.000000000000000000e+00 1.205166137695312500e+03 5.473300933837890625e+01 1.974862480163574219e+01 9.042997360229492188e+00 4.416600036621093750e+02 3.707402801513671875e+01 1.730697998046875000e+03 4.277030181884765625e+01 1.223379150390625000e+03
1.281510321859968826e-05 1.807936523437500000e+03 1.142734619140625000e+03 4.621689224243164062e+01 6.249819307413417846e-06 1.293381835937500000e+03 1.707217102050781250e+02 0.000000000000000000e+00 1.568651885986328125e+02 8.783084716796875000e+02 1.763933482834545430e-06
2.785944824218750000e+02 2.421718505859375000e+03 8.414625190198421478e-03 2.893525878906250000e+03 1.269689086914062500e+03 1.282783203125000000e+03 3.096011718750000000e+03 2.135886718750000000e+03 9.773292846679687500e+02 5.943673324584960938e+01 3.927177734375000000e+03
6.464677810668945312e+00 1.156623554229736328e+01 1.651783752441406250e+01 1.217816543579101562e+01 0.000000000000000000e+00 1.111873054504394531e+01 5.930739402770996094e+00 6.226087570190429688e+00 4.817977905273437500e+00 2.001878356933593750e+01 3.180615234375000000e+01
0.000000000000000000e+00 0.000000000000000000e+00 0.000000000000000000e+00 0.000000000000000000e+00 0.000000000000000000e+00 0.000000000000000000e+00 0.000000000000000000e+00 0.000000000000000000e+00 0.000000000000000000e+00 0.000000000000000000e+00 0.000000000000000000e+00
7.890568847656250000e+02 6.217370605468750000e+02 9.366483688354492188e-01 3.093152465820312500e+02 2.944000720977783203e+00 9.766282653808593750e+01 1.280612792968750000e+03 1.954631042480468750e+02 6.730126190185546875e+01 1.978526916503906250e+02 2.006375610351562500e+03
1.841024754867248703e-06 4.822568664550781250e+02 2.054906845092773438e+01 3.339937448501586914e+00 2.373980255126953125e+02 9.677787780761718750e+00 3.034196777343750000e+03 6.513476562500000000e+02 2.290981689453125000e+03 1.631540679931640625e+01 1.038288574218750000e+02
4.583063125610351562e+01 3.342578735351562500e+02 1.963852539062500000e+03 3.700471639633178711e+00 7.612043457031250000e+02 1.452174949645996094e+01 2.545094482421875000e+03 2.565693969726562500e+02 1.921817016601562500e+02 1.955099487304687500e+02 1.731599998474121094e+01
2.956756591796875000e+00 1.307443332672119141e+01 4.312935285270214081e-03 0.000000000000000000e+00 3.699706054687500000e+03 2.470496416091918945e+00 0.000000000000000000e+00 0.000000000000000000e+00 5.425600433349609375e+01 2.663112878799438477e-01 3.676152954101562500e+02
0.000000000000000000e+00 2.903831191360950470e-03 1.576848924160003662e-01 1.924001052975654602e-02 2.519959211349487305e-01 0.000000000000000000e+00 7.552288472652435303e-02 1.893202960491180420e-02 1.919429487315937877e-04 6.732217967510223389e-02 0.000000000000000000e+00
