0.000000000000000000e+00 4.052183590829372406e-03 2.336773276329040527e-02 0.000000000000000000e+00 0.000000000000000000e+00 0.000000000000000000e+00 4.344351124018430710e-03 2.943463623523712158e-01 7.231020927429199219e-02 7.521990919485688210e-04 0.000000000000000000e+00
1.428335458040237427e-01 0.000000000000000000e+00 1.553072035312652588e-02 1.101599335670471191e-01 0.000000000000000000e+00 0.000000000000000000e+00 6.327693350613117218e-03 1.511883921921253204e-03 1.447942014783620834e-02 1.457710191607475281e-02 1.096434891223907471e-03
1.170226745307445526e-02 4.532764852046966553e-02 1.504326984286308289e-02 5.921321921050548553e-03 6.593293510377407074e-04 1.510943472385406494e-02 1.133583411574363708e-01 2.283606864511966705e-02 9.408021345734596252e-03 8.670845627784729004e-02 0.000000000000000000e+00
1.571658067405223846e-02 4.575980827212333679e-02 7.853244896978139877e-04 8.603132516145706177e-02 3.939590975642204285e-02 0.000000000000000000e+00 1.329816281795501709e-01 1.402071565389633179e-01 3.905604407191276550e-02 7.334586698561906815e-03 5.409524217247962952e-02
3.588070685509592295e-04 7.552141323685646057e-04 4.860819317400455475e-04 2.345055982004851103e-04 0.000000000000000000e+00 3.797867684625089169e-04 5.130166537128388882e-04 1.877835456980392337e-04 2.407015563221648335e-04 5.595945985987782478e-04 1.831279951147735119e-03
0.000000000000000000e+00 0.000000000000000000e+00 0.000000000000000000e+00 0.000000000000000000e+00 0.000000000000000000e+00 2.631783951073884964e-03 0.000000000000000000e+00 0.000000000000000000e+00 0.000000000000000000e+00 0.000000000000000000e+00 4.000596902642428176e-07
2.383206225931644440e-02 0.000000000000000000e+00 0.000000000000000000e+00 0.000000000000000000e+00 0.000000000000000000e+00 0.000000000000000000e+00 2.655487740412354469e-03 0.000000000000000000e+00 4.958976805210113525e-02 3.388492465019226074e-01 1.003401936031877995e-03
0.000000000000000000e+00 1.648162007331848145e-01 6.343505382537841797e-01 2.663224935531616211e+00 1.874472379684448242e+00 0.000000000000000000e+00 2.575912475585937500e+00 1.377319931983947754e+00 2.553374739363789558e-03 3.108342289924621582e-01 6.253326535224914551e-01
0.000000000000000000e+00 4.470244981348514557e-03 5.282971262931823730e-02 5.720782279968261719e-02 0.000000000000000000e+00 0.000000000000000000e+00 3.878096351400017738e-03 0.000000000000000000e+00 0.000000000000000000e+00 0.000000000000000000e+00 1.243762448430061340e-01
3.269682871177792549e-03 6.679503712803125381e-03 5.701523274183273315e-03 0.000000000000000000e+00 1.691021025180816650e-01 3.511295421048998833e-03 2.527740725781768560e-04 4.466386511921882629e-03 8.802091702818870544e-03 0.000000000000000000e+00 1.079090218991041183e-02
0.000000000000000000e+00 0.000000000000000000e+00 6.910420324857113883e-06 7.421363790172108565e-08 9.065987796930130571e-06 0.000000000000000000e+00 1.262991872863494791e-06 3.428156333029619418e-06 0.000000000000000000e+00 4.373082447273191065e-06 0.000000000000000000e+00
