0.000000000000000000e+00 0.000000000000000000e+00 6.499907467514276505e-04 0.000000000000000000e+00 0.000000000000000000e+00 0.000000000000000000e+00 8.186547085642814636e-03 1.641289447434246540e-03 6.450904067605733871e-03 0.000000000000000000e+00 0.000000000000000000e+00
1.225290703587234020e-03 0.000000000000000000e+00 9.023431688547134399e-03 3.055814420804381371e-03 0.000000000000000000e+00 1.164433415397070348e-04 2.099637640640139580e-03 0.000000000000000000e+00 6.701999227516353130e-04 0.000000000000000000e+00 0.000000000000000000e+00
0.000000000000000000e+00 1.075299549847841263e-02 6.872354075312614441e-03 0.000000000000000000e+00 0.000000000000000000e+00 5.823693238198757172e-03 0.000000000000000000e+00 0.000000000000000000e+00 2.318973885849118233e-03 6.221191957592964172e-03 0.000000000000000000e+00
3.573294030502438545e-03 0.000000000000000000e+00 0.000000000000000000e+00 0.000000000000000000e+00 4.288998898118734360e-03 1.361777656711637974e-03 1.483925036154687405e-03 5.346579942852258682e-03 8.696744218468666077e-03 8.572697639465332031e-03 0.000000000000000000e+00
0.000000000000000000e+00 9.431460784981027246e-05 1.024371667881496251e-04 8.855695341480895877e-05 0.000000000000000000e+00 2.826997115334961563e-05 1.104023831430822611e-04 7.111018931027501822e-05 3.781116902246139944e-05 1.287898776354268193e-04 3.683308023028075695e-04
0.000000000000000000e+00 0.000000000000000000e+00 0.000000000000000000e+00 0.000000000000000000e+00 0.000000000000000000e+00 0.000000000000000000e+00 0.000000000000000000e+00 0.000000000000000000e+00 0.000000000000000000e+00 0.000000000000000000e+00 0.000000000000000000e+00
2.607930582598783076e-05 1.796414260752499104e-03 0.000000000000000000e+00 1.076634507626295090e-03 0.000000000000000000e+00 1.980830449610948563e-03 9.694961830973625183e-03 8.266885764896869659e-03 7.869362831115722656e-03 4.178774543106555939e-03 1.038450375199317932e-02
0.000000000000000000e+00 0.000000000000000000e+00 0.000000000000000000e+00 4.467347171157598495e-04 6.678939796984195709e-03 0.000000000000000000e+00 0.000000000000000000e+00 0.000000000000000000e+00 6.956605240702629089e-03 0.000000000000000000e+00 0.000000000000000000e+00
0.000000000000000000e+00 4.049646668136119843e-03 2.587958239018917084e-03 4.245899617671966553e-03 0.000000000000000000e+00 0.000000000000000000e+00 1.791963353753089905e-03 2.055837772786617279e-03 7.954286411404609680e-03 0.000000000000000000e+00 0.000000000000000000e+00
4.202087875455617905e-03 0.000000000000000000e+00 8.770821616053581238e-03 0.000000000000000000e+00 3.753716871142387390e-02 0.000000000000000000e+00 1.358254463411867619e-03 0.000000000000000000e+00 8.271596394479274750e-03 0.000000000000000000e+00 1.554270181804895401e-02
0.000000000000000000e+00 0.000000000000000000e+00 4.093286861461820081e-06 0.000000000000000000e+00 6.292541002039797604e-06 0.000000000000000000e+00 6.813091601998166880e-08 1.488768077706481563e-07 0.000000000000000000e+00 1.558638814458390698e-06 0.000000000000000000e+00
