0.000000000000000000e+00 4.683850420406088233e-05 0.000000000000000000e+00 0.000000000000000000e+00 0.000000000000000000e+00 0.000000000000000000e+00 6.804864387959241867e-03 4.504124633967876434e-03 1.074243453331291676e-03 0.000000000000000000e+00 0.000000000000000000e+00
0.000000000000000000e+00 0.000000000000000000e+00 1.220285426825284958e-03 5.266391206532716751e-03 2.369574736803770065e-03 0.000000000000000000e+00 0.000000000000000000e+00 0.000000000000000000e+00 6.378385704010725021e-03 0.000000000000000000e+00 0.000000000000000000e+00
4.399457015097141266e-03 1.123378635384142399e-03 0.000000000000000000e+00 0.000000000000000000e+00 0.000000000000000000e+00 9.193064644932746887e-03 7.999282330274581909e-03 9.310629102401435375e-04 0.000000000000000000e+00 2.401840174570679665e-03 2.225266071036458015e-04
3.825088497251272202e-04 0.000000000000000000e+00 0.000000000000000000e+00 1.118453778326511383e-02 3.296405076980590820e-03 3.905491437762975693e-03 7.071943487972021103e-03 5.483030807226896286e-03 0.000000000000000000e+00 0.000000000000000000e+00 0.000000000000000000e+00
1.792021066648885608e-05 5.078485992271453142e-05 5.409060759120620787e-05 6.065688285161741078e-05 0.000000000000000000e+00 6.020510045345872641e-05 5.771350697614252567e-05 0.000000000000000000e+00 2.427474282740149647e-05 3.928798105334863067e-05 1.282416487811133265e-04
0.000000000000000000e+00 0.000000000000000000e+00 0.000000000000000000e+00 0.000000000000000000e+00 0.000000000000000000e+00 0.000000000000000000e+00 0.000000000000000000e+00 0.000000000000000000e+00 0.000000000000000000e+00 0.000000000000000000e+00 4.526076081674546003e-04
2.890146570280194283e-03 0.000000000000000000e+00 2.827278804033994675e-03 6.235427223145961761e-03 0.000000000000000000e+00 5.214157048612833023e-03 2.533635124564170837e-03 0.000000000000000000e+00 2.022384433075785637e-03 1.132260169833898544e-02 9.051650762557983398e-03
0.000000000000000000e+00 1.831370987929403782e-03 1.639093505218625069e-03 2.934564836323261261e-04 0.000000000000000000e+00 0.000000000000000000e+00 0.000000000000000000e+00 4.065795335918664932e-03 5.969407968223094940e-03 2.892332151532173157e-03 0.000000000000000000e+00
0.000000000000000000e+00 0.000000000000000000e+00 0.000000000000000000e+00 4.848361946642398834e-03 0.000000000000000000e+00 6.921418476849794388e-03 0.000000000000000000e+00 0.000000000000000000e+00 2.123170066624879837e-03 1.590872532688081264e-03 8.591434918344020844e-03
7.828979752957820892e-03 5.175821948796510696e-03 1.379352342337369919e-02 3.498362144455313683e-03 3.349850326776504517e-02 8.566394448280334473e-03 0.000000000000000000e+00 0.000000000000000000e+00 0.000000000000000000e+00 0.000000000000000000e+00 7.059847004711627960e-03
0.000000000000000000e+00 0.000000000000000000e+00 6.999063657531223726e-07 0.000000000000000000e+00 1.407200556968746241e-06 0.000000000000000000e+00 4.492055154514673632e-07 3.405264976663602283e-07 0.000000000000000000e+00 7.140298521335353144e-07 0.000000000000000000e+00
