0.000000000000000000e+00 0.000000000000000000e+00 0.000000000000000000e+00 0.000000000000000000e+00 0.000000000000000000e+00 0.000000000000000000e+00 4.197875037789344788e-03 1.686944859102368355e-03 1.418759813532233238e-03 0.000000000000000000e+00 0.000000000000000000e+00
1.569339889101684093e-03 0.000000000000000000e+00 4.874329082667827606e-03 0.000000000000000000e+00 1.763189793564379215e-04 0.000000000000000000e+00 0.000000000000000000e+00 0.000000000000000000e+00 2.413616457488387823e-04 0.000000000000000000e+00 0.000000000000000000e+00
0.000000000000000000e+00 2.238089218735694885e-03 1.316993380896747112e-03 0.000000000000000000e+00 0.000000000000000000e+00 2.855805214494466782e-03 1.379707595333456993e-03 0.000000000000000000e+00 0.000000000000000000e+00 6.666570552624762058e-04 1.998812193050980568e-03
5.422225221991539001e-03 0.000000000000000000e+00 0.000000000000000000e+00 6.275777705013751984e-04 2.358050318434834480e-03 0.000000000000000000e+00 0.000000000000000000e+00 1.990000717341899872e-03 5.560532445088028908e-04 1.508723478764295578e-03 0.000000000000000000e+00
5.251160473562777042e-05 1.993098849197849631e-04 6.024365939083509147e-05 9.509344090474769473e-05 0.000000000000000000e+00 5.682169285137206316e-05 2.885767898987978697e-04 8.495897054672241211e-05 1.387823867844417691e-04 1.512400922365486622e-04 5.854266346432268620e-04
0.000000000000000000e+00 7.234741933643817902e-04 2.535101026296615601e-03 5.084064905531704426e-04 0.000000000000000000e+00 1.438915170729160309e-02 0.000000000000000000e+00 0.000000000000000000e+00 0.000000000000000000e+00 7.168722338974475861e-03 1.762983575463294983e-02
0.000000000000000000e+00 1.131464377976953983e-03 0.000000000000000000e+00 2.615866716951131821e-03 0.000000000000000000e+00 2.323017222806811333e-03 0.000000000000000000e+00 8.594688843004405499e-04 1.858633244410157204e-03 1.865267986431717873e-03 1.322093419730663300e-03
0.000000000000000000e+00 2.814610721543431282e-03 1.701695873634889722e-05 0.000000000000000000e+00 0.000000000000000000e+00 0.000000000000000000e+00 0.000000000000000000e+00 2.267939125886186957e-04 0.000000000000000000e+00 0.000000000000000000e+00 0.000000000000000000e+00
0.000000000000000000e+00 1.591426407685503364e-04 3.011269494891166687e-03 1.323948381468653679e-03 0.000000000000000000e+00 2.100905403494834900e-03 1.885021221823990345e-03 0.000000000000000000e+00 1.838708180002868176e-03 0.000000000000000000e+00 1.714454847387969494e-03
2.802100032567977905e-03 0.000000000000000000e+00 5.457067396491765976e-03 0.000000000000000000e+00 1.511449366807937622e-02 6.221872754395008087e-04 0.000000000000000000e+00 0.000000000000000000e+00 1.045942190103232861e-03 0.000000000000000000e+00 4.785858094692230225e-03
0.000000000000000000e+00 0.000000000000000000e+00 7.282544629561016336e-06 3.780364068006747402e-06 1.170603809441672638e-05 0.000000000000000000e+00 5.212214546190807596e-06 7.059348263283027336e-06 0.000000000000000000e+00 8.836927008815109730e-06 1.113670236918551382e-06
