0.000000000000000000e+00 5.845765699632465839e-04 1.296322210691869259e-03 0.000000000000000000e+00 0.000000000000000000e+00 0.000000000000000000e+00 1.881012576632201672e-03 3.446742193773388863e-03 0.000000000000000000e+00 0.000000000000000000e+00 0.000000000000000000e+00
2.328264294192194939e-03 0.000000000000000000e+00 1.689051277935504913e-03 0.000000000000000000e+00 0.000000000000000000e+00 0.000000000000000000e+00 0.000000000000000000e+00 7.194541103672236204e-05 0.000000000000000000e+00 0.000000000000000000e+00 0.000000000000000000e+00
8.880691602826118469e-04 9.143807110376656055e-04 1.388457167195156217e-04 0.000000000000000000e+00 0.000000000000000000e+00 1.613385538803413510e-04 0.000000000000000000e+00 0.000000000000000000e+00 0.000000000000000000e+00 4.806542303413152695e-03 0.000000000000000000e+00
7.095345063135027885e-04 0.000000000000000000e+00 0.000000000000000000e+00 0.000000000000000000e+00 8.783566590864211321e-05 4.370504175312817097e-04 0.000000000000000000e+00 1.920493436045944691e-03 2.984914928674697876e-03 0.000000000000000000e+00 0.000000000000000000e+00
4.131155219511128962e-05 1.996225328184664249e-04 1.451114076189696789e-04 1.416812301613390446e-04 0.000000000000000000e+00 1.284916215809062123e-04 1.719783176667988300e-04 1.089728903025388718e-05 1.957439089892432094e-04 2.298306790180504322e-04 4.244273004587739706e-04
0.000000000000000000e+00 1.107815769501030445e-03 1.877316855825483799e-03 5.773407174274325371e-04 0.000000000000000000e+00 1.090587675571441650e-02 1.439611776731908321e-03 2.387803542660549283e-04 0.000000000000000000e+00 3.310817992314696312e-03 1.486671715974807739e-02
2.723752753809094429e-03 0.000000000000000000e+00 0.000000000000000000e+00 0.000000000000000000e+00 0.000000000000000000e+00 1.050051883794367313e-03 0.000000000000000000e+00 2.203281270340085030e-03 5.087412893772125244e-03 1.743306056596338749e-03 2.798537898343056440e-04
0.000000000000000000e+00 2.354944357648491859e-03 1.816090662032365799e-03 0.000000000000000000e+00 0.000000000000000000e+00 8.206031634472310543e-04 0.000000000000000000e+00 0.000000000000000000e+00 0.000000000000000000e+00 0.000000000000000000e+00 1.289655454456806183e-03
0.000000000000000000e+00 3.125188231933861971e-04 1.392764504998922348e-03 0.000000000000000000e+00 0.000000000000000000e+00 0.000000000000000000e+00 3.293199464678764343e-03 0.000000000000000000e+00 1.426602713763713837e-03 1.333321211859583855e-03 2.642009872943162918e-03
7.662619282200466841e-06 3.034014254808425903e-03 3.858782816678285599e-03 0.000000000000000000e+00 1.087654568254947662e-02 2.772122854366898537e-03 0.000000000000000000e+00 9.381124400533735752e-04 6.795708904974162579e-04 0.000000000000000000e+00 1.607468468137085438e-03
0.000000000000000000e+00 0.000000000000000000e+00 1.023311938297410961e-06 8.192232030523882713e-07 5.725366463593672961e-06 0.000000000000000000e+00 2.847662472049705684e-06 4.781996267411159351e-06 0.000000000000000000e+00 2.269365722895599902e-06 0.000000000000000000e+00
