0.000000000000000000e+00 0.000000000000000000e+00 0.000000000000000000e+00 0.000000000000000000e+00 0.000000000000000000e+00 0.000000000000000000e+00 3.296549431979656219e-03 5.976639804430305958e-04 2.042969223111867905e-03 0.000000000000000000e+00 0.000000000000000000e+00
1.777653023600578308e-02 0.000000000000000000e+00 3.604746656492352486e-03 0.000000000000000000e+00 0.000000000000000000e+00 0.000000000000000000e+00 2.360097598284482956e-03 0.000000000000000000e+00 4.675858654081821442e-03 0.000000000000000000e+00 0.000000000000000000e+00
0.000000000000000000e+00 2.564221853390336037e-03 2.342542633414268494e-03 0.000000000000000000e+00 1.167625933885574341e-02 0.000000000000000000e+00 2.079061232507228851e-03 0.000000000000000000e+00 2.410155953839421272e-03 9.972090832889080048e-03 3.069617552682757378e-03
1.380868721753358841e-02 0.000000000000000000e+00 1.882573269540444016e-05 0.000000000000000000e+00 1.296702399849891663e-02 0.000000000000000000e+00 3.272471483796834946e-03 1.758839585818350315e-03 6.192416884005069733e-03 0.000000000000000000e+00 0.000000000000000000e+00
6.159946497064083815e-05 1.681785797700285912e-04 2.248389791930094361e-04 1.256392133655026555e-04 0.000000000000000000e+00 2.227616787422448397e-04 1.668647309998050332e-04 8.390537550440058112e-05 1.010708510875701904e-04 2.724392688833177090e-04 5.952227511443197727e-04
0.000000000000000000e+00 0.000000000000000000e+00 0.000000000000000000e+00 0.000000000000000000e+00 0.000000000000000000e+00 2.929229289293289185e-03 0.000000000000000000e+00 0.000000000000000000e+00 0.000000000000000000e+00 0.000000000000000000e+00 0.000000000000000000e+00
8.759791962802410126e-03 8.427166612818837166e-04 0.000000000000000000e+00 9.158480912446975708e-03 0.000000000000000000e+00 6.087410729378461838e-03 2.135905437171459198e-03 1.403866428881883621e-02 3.171940799802541733e-03 7.828635280020534992e-04 3.839127486571669579e-03
0.000000000000000000e+00 7.018861942924559116e-04 0.000000000000000000e+00 2.448013750836253166e-03 1.091906614601612091e-02 3.432985395193099976e-04 2.506461925804615021e-03 0.000000000000000000e+00 4.589406773447990417e-03 0.000000000000000000e+00 0.000000000000000000e+00
0.000000000000000000e+00 3.455217229202389717e-03 6.839936599135398865e-03 2.765717450529336929e-03 6.887369090691208839e-04 0.000000000000000000e+00 8.504370925948023796e-04 0.000000000000000000e+00 1.937914523296058178e-03 0.000000000000000000e+00 1.441635424271225929e-03
1.145798619836568832e-02 3.707782365381717682e-03 9.333151392638683319e-03 0.000000000000000000e+00 3.480682522058486938e-02 0.000000000000000000e+00 0.000000000000000000e+00 0.000000000000000000e+00 8.612471632659435272e-03 0.000000000000000000e+00 1.232947316020727158e-02
0.000000000000000000e+00 0.000000000000000000e+00 5.783729193353792652e-06 4.521612595453916583e-07 8.509724466421175748e-06 0.000000000000000000e+00 2.196529976572492160e-06 7.781584372423822060e-07 1.008166009341948666e-06 2.013025323321926408e-06 0.000000000000000000e+00
