4.896875381469726562e+00 2.016951179504394531e+01 2.018146133422851562e+01 2.452421188354492188e+00 1.219759215018711984e-04 1.965873479843139648e+00 1.967395019531250000e+01 2.317887878417968750e+01 1.667682075500488281e+01 1.576996135711669922e+01 1.848671078681945801e+00
5.649180175781250000e+03 0.000000000000000000e+00 2.210863342285156250e+02 1.037011413574218750e+02 2.334884033203125000e+03 9.141646484375000000e+03 1.988573913574218750e+02 9.756356477737426758e-01 1.600456542968750000e+02 4.872239746093750000e+03 5.096635742187500000e+03
9.348410367965698242e-01 3.509062500000000000e+03 6.936724609375000000e+03 1.123950195312500000e+04 1.483937072753906250e+02 6.574873657226562500e+02 4.641571289062500000e+03 7.051690673828125000e+01 4.238465309143066406e+00 9.164662109375000000e+03 5.647041320800781250e+01
8.370034790039062500e+02 9.007034301757812500e+01 2.038090209960937500e+03 7.829017578125000000e+03 1.381686523437500000e+03 3.480355834960937500e+01 5.064593750000000000e+03 3.635507080078125000e+03 1.768733276367187500e+03 7.812362670898437500e+01 6.865424346923828125e+01
7.947246551513671875e+00 2.711277770996093750e+01 1.908263206481933594e+01 1.364998149871826172e+01 3.324445742691750638e-06 1.956486701965332031e+01 1.452198600769042969e+01 5.390882015228271484e+00 1.608921813964843750e+01 3.939576339721679688e+01 7.433854675292968750e+01
0.000000000000000000e+00 0.000000000000000000e+00 0.000000000000000000e+00 0.000000000000000000e+00 0.000000000000000000e+00 6.273311097174882889e-03 0.000000000000000000e+00 0.000000000000000000e+00 0.000000000000000000e+00 0.000000000000000000e+00 5.838760757446289062e+01
2.259087524414062500e+02 2.144241943359375000e+02 1.689482814981602132e-05 5.620688964843750000e+03 2.605913639068603516e+00 6.749934082031250000e+03 3.215184020996093750e+02 2.260487318038940430e+00 5.901140136718750000e+03 7.299032592773437500e+02 1.295413085937500000e+03
0.000000000000000000e+00 2.194372656250000000e+04 1.627415332031250000e+04 6.840255737304687500e+01 9.430336914062500000e+03 1.452969726562500000e+04 7.327015136718750000e+03 7.379456054687500000e+03 5.997393608093261719e+00 9.666572570800781250e+01 1.035351367187500000e+04
6.610215454101562500e+02 3.332843627929687500e+02 9.612278747558593750e+01 3.435149192810058594e-01 9.251081792172044516e-05 2.985790039062500000e+03 1.189037695312500000e+04 5.670321583747863770e-01 3.025912475585937500e+01 9.152788519859313965e-01 6.241759277343750000e+03
4.009056091308593750e+01 2.786442184448242188e+01 1.714413604736328125e+02 0.000000000000000000e+00 1.088764062500000000e+04 1.780518341064453125e+01 0.000000000000000000e+00 5.113527923822402954e-02 0.000000000000000000e+00 0.000000000000000000e+00 1.976018920898437500e+03
0.000000000000000000e+00 1.644712639972567558e-03 2.653983235359191895e-01 1.338587142527103424e-02 4.912993907928466797e-01 0.000000000000000000e+00 1.207870803773403168e-02 2.843415439128875732e-01 6.818566471338272095e-03 1.404184401035308838e-01 9.548623580712956027e-08
