0.000000000000000000e+00 2.322569722309708595e-03 0.000000000000000000e+00 0.000000000000000000e+00 0.000000000000000000e+00 0.000000000000000000e+00 6.782168988138437271e-03 1.938580884598195553e-03 1.589786610566079617e-03 0.000000000000000000e+00 0.000000000000000000e+00
2.263347618281841278e-03 0.000000000000000000e+00 0.000000000000000000e+00 0.000000000000000000e+00 3.672975115478038788e-03 0.000000000000000000e+00 0.000000000000000000e+00 0.000000000000000000e+00 1.037129433825612068e-03 0.000000000000000000e+00 0.000000000000000000e+00
0.000000000000000000e+00 1.851285807788372040e-03 2.916825236752629280e-03 3.603464690968394279e-03 0.000000000000000000e+00 4.389236215502023697e-03 1.114331418648362160e-03 0.000000000000000000e+00 0.000000000000000000e+00 3.242095466703176498e-03 0.000000000000000000e+00
3.724742680788040161e-03 0.000000000000000000e+00 1.398578984662890434e-03 1.849266118369996548e-03 0.000000000000000000e+00 3.210078924894332886e-03 0.000000000000000000e+00 3.416763385757803917e-03 3.011603606864809990e-03 1.476772595196962357e-04 0.000000000000000000e+00
7.210233161458745599e-05 1.638944813748821616e-04 1.104044495150446892e-04 1.859208568930625916e-04 0.000000000000000000e+00 1.513051538495346904e-04 1.923352683661505580e-04 1.565356069477275014e-04 1.427602546755224466e-04 1.679234555922448635e-04 4.346764762885868549e-04
0.000000000000000000e+00 7.273000082932412624e-04 0.000000000000000000e+00 0.000000000000000000e+00 0.000000000000000000e+00 1.574056036770343781e-02 0.000000000000000000e+00 1.055952277965843678e-03 3.373636573087424040e-04 2.722208388149738312e-03 2.094275690615177155e-02
1.572675653733313084e-03 0.000000000000000000e+00 0.000000000000000000e+00 1.015860703773796558e-03 0.000000000000000000e+00 4.745948594063520432e-03 0.000000000000000000e+00 2.475851913914084435e-03 3.484070999547839165e-03 3.245547646656632423e-03 2.808886114507913589e-03
0.000000000000000000e+00 1.582401222549378872e-03 3.222513245418667793e-03 0.000000000000000000e+00 6.146848318167030811e-04 0.000000000000000000e+00 0.000000000000000000e+00 0.000000000000000000e+00 1.774121308699250221e-03 0.000000000000000000e+00 1.683664275333285332e-03
1.197006902657449245e-03 4.510055005084723234e-04 1.527101150713860989e-03 0.000000000000000000e+00 0.000000000000000000e+00 2.219313522800803185e-03 0.000000000000000000e+00 0.000000000000000000e+00 3.427778603509068489e-03 0.000000000000000000e+00 3.618780057877302170e-03
2.141446107998490334e-03 0.000000000000000000e+00 9.299729950726032257e-03 0.000000000000000000e+00 1.555046718567609787e-02 6.335701327770948410e-04 0.000000000000000000e+00 0.000000000000000000e+00 4.649928305298089981e-03 0.000000000000000000e+00 1.579848118126392365e-03
0.000000000000000000e+00 0.000000000000000000e+00 1.768510742294893134e-07 3.227447109566128347e-07 2.987080279126530513e-06 0.000000000000000000e+00 1.716913402560749091e-06 2.465704483256558888e-06 0.000000000000000000e+00 1.137467052103602327e-06 0.000000000000000000e+00
