3.426307521294802427e-04 2.108870539814233780e-03 1.850436790846288204e-03 5.057164817117154598e-04 0.000000000000000000e+00 4.308699571993201971e-04 1.878157723695039749e-03 2.095965901389718056e-03 2.098599681630730629e-03 1.367770251818001270e-03 5.070162005722522736e-04
1.634038537740707397e-01 0.000000000000000000e+00 1.688612252473831177e-01 8.180246222764253616e-04 1.397455576807260513e-02 1.455672383308410645e-01 6.207277183420956135e-04 7.164562121033668518e-04 0.000000000000000000e+00 0.000000000000000000e+00 0.000000000000000000e+00
0.000000000000000000e+00 3.176471963524818420e-02 0.000000000000000000e+00 6.896512932144105434e-04 2.174360603094100952e-01 6.806713063269853592e-04 0.000000000000000000e+00 0.000000000000000000e+00 0.000000000000000000e+00 3.664281666278839111e-01 0.000000000000000000e+00
6.909046769142150879e-01 0.000000000000000000e+00 2.506939768791198730e-01 1.696388721466064453e-01 2.008187025785446167e-01 0.000000000000000000e+00 7.745329639874398708e-04 8.183053135871887207e-02 3.285105631221085787e-04 4.820199012756347656e-01 0.000000000000000000e+00
9.335250797448679805e-05 3.073905245400965214e-04 1.533603062853217125e-04 1.808552187867462635e-04 0.000000000000000000e+00 2.114040689775720239e-04 2.583014429546892643e-04 7.528839341830462217e-05 2.115346142090857029e-04 2.601828600745648146e-04 5.483748391270637512e-04
0.000000000000000000e+00 6.048154900781810284e-04 6.031635566614568233e-04 5.287572857923805714e-04 0.000000000000000000e+00 8.874753862619400024e-02 4.118813085369765759e-04 0.000000000000000000e+00 0.000000000000000000e+00 2.268053125590085983e-03 1.521593034267425537e-01
2.913852035999298096e-02 0.000000000000000000e+00 0.000000000000000000e+00 2.551319301128387451e-01 0.000000000000000000e+00 1.755235046148300171e-01 4.155572131276130676e-02 6.699705868959426880e-02 7.928356528282165527e-02 1.325111719779670238e-03 3.447884023189544678e-01
0.000000000000000000e+00 6.425236463546752930e-01 7.837028503417968750e-01 3.443127498030662537e-04 0.000000000000000000e+00 4.496322870254516602e-01 0.000000000000000000e+00 2.918895781040191650e-01 6.129235262051224709e-04 0.000000000000000000e+00 6.101987138390541077e-02
0.000000000000000000e+00 1.428547650575637817e-01 1.491190050728619099e-04 6.467195926234126091e-04 0.000000000000000000e+00 4.780093133449554443e-01 7.438210397958755493e-02 0.000000000000000000e+00 0.000000000000000000e+00 6.150929839350283146e-04 8.081329287961125374e-04
3.211604780517518520e-05 0.000000000000000000e+00 5.733858415624126792e-05 0.000000000000000000e+00 3.187334223184734583e-04 0.000000000000000000e+00 0.000000000000000000e+00 0.000000000000000000e+00 0.000000000000000000e+00 0.000000000000000000e+00 1.994841295527294278e-05
0.000000000000000000e+00 0.000000000000000000e+00 3.066310455324128270e-06 1.401952658852678724e-06 4.865802111453376710e-06 0.000000000000000000e+00 1.402607040290604346e-06 2.668004981387639418e-06 2.662086444615852088e-07 3.005014150403439999e-06 0.000000000000000000e+00
