0.000000000000000000e+00 0.000000000000000000e+00 7.005506660789251328e-03 0.000000000000000000e+00 0.000000000000000000e+00 0.000000000000000000e+00 0.000000000000000000e+00 3.070006379857659340e-03 0.000000000000000000e+00 0.000000000000000000e+00 0.000000000000000000e+00
1.566873304545879364e-02 0.000000000000000000e+00 1.252258196473121643e-02 3.944580443203449249e-03 0.000000000000000000e+00 0.000000000000000000e+00 1.046566851437091827e-02 0.000000000000000000e+00 0.000000000000000000e+00 0.000000000000000000e+00 0.000000000000000000e+00
0.000000000000000000e+00 2.753145759925246239e-03 0.000000000000000000e+00 0.000000000000000000e+00 0.000000000000000000e+00 9.073284454643726349e-03 0.000000000000000000e+00 0.000000000000000000e+00 1.007266342639923096e-02 6.133934017270803452e-03 6.045885384082794189e-03
1.665258221328258514e-02 0.000000000000000000e+00 0.000000000000000000e+00 0.000000000000000000e+00 1.707178354263305664e-02 0.000000000000000000e+00 0.000000000000000000e+00 1.155505981296300888e-02 1.715704565867781639e-03 0.000000000000000000e+00 0.000000000000000000e+00
0.000000000000000000e+00 6.660446524620056152e-05 8.252492261817678809e-05 1.530958834337070584e-04 0.000000000000000000e+00 1.448151306249201298e-04 7.124213152565062046e-05 2.216246002717525698e-06 4.429702676134184003e-05 1.209765905514359474e-04 6.956818397156894207e-04
0.000000000000000000e+00 0.000000000000000000e+00 0.000000000000000000e+00 0.000000000000000000e+00 0.000000000000000000e+00 1.463696360588073730e-03 0.000000000000000000e+00 0.000000000000000000e+00 0.000000000000000000e+00 0.000000000000000000e+00 0.000000000000000000e+00
5.834911949932575226e-03 1.539471559226512909e-02 0.000000000000000000e+00 0.000000000000000000e+00 0.000000000000000000e+00 1.674861647188663483e-03 7.720961235463619232e-03 6.101155653595924377e-03 4.863374400883913040e-03 1.116024330258369446e-02 4.280054010450839996e-03
0.000000000000000000e+00 0.000000000000000000e+00 0.000000000000000000e+00 4.447246319614350796e-04 0.000000000000000000e+00 0.000000000000000000e+00 2.090333029627799988e-03 0.000000000000000000e+00 8.003791794180870056e-03 0.000000000000000000e+00 2.083996776491403580e-03
0.000000000000000000e+00 3.638913854956626892e-03 3.311128821223974228e-04 9.311970206908881664e-04 0.000000000000000000e+00 0.000000000000000000e+00 4.100583959370851517e-03 0.000000000000000000e+00 0.000000000000000000e+00 7.736366387689486146e-05 1.246250118128955364e-03
2.458156319335103035e-03 7.106309756636619568e-03 1.717615686357021332e-02 0.000000000000000000e+00 3.634479641914367676e-02 0.000000000000000000e+00 4.094600153621286154e-04 0.000000000000000000e+00 1.118813827633857727e-02 0.000000000000000000e+00 1.184078399091959000e-02
0.000000000000000000e+00 0.000000000000000000e+00 9.203374247590545565e-06 1.155728455159987789e-06 1.332130614173365757e-05 0.000000000000000000e+00 3.645365723059512675e-06 3.133749032713240013e-06 9.514774887975363526e-07 5.366899131331592798e-06 0.000000000000000000e+00
