0.000000000000000000e+00 0.000000000000000000e+00 3.010890213772654533e-03 0.000000000000000000e+00 0.000000000000000000e+00 0.000000000000000000e+00 2.081426559016108513e-03 2.417590003460645676e-03 1.636347849853336811e-03 0.000000000000000000e+00 0.000000000000000000e+00
0.000000000000000000e+00 0.000000000000000000e+00 1.062054187059402466e-03 0.000000000000000000e+00 0.000000000000000000e+00 0.000000000000000000e+00 1.454667304642498493e-03 0.000000000000000000e+00 2.510275226086378098e-03 0.000000000000000000e+00 0.000000000000000000e+00
0.000000000000000000e+00 6.028211209923028946e-03 1.961351605132222176e-03 0.000000000000000000e+00 1.223680446855723858e-03 6.643824744969606400e-03 7.233111187815666199e-03 0.000000000000000000e+00 0.000000000000000000e+00 8.579944842495024204e-04 0.000000000000000000e+00
6.618511863052845001e-03 0.000000000000000000e+00 0.000000000000000000e+00 0.000000000000000000e+00 5.996508843963965774e-05 1.569775748066604137e-03 3.459805389866232872e-03 4.533114843070507050e-03 2.263818867504596710e-03 0.000000000000000000e+00 0.000000000000000000e+00
8.874291233951225877e-05 2.222993061877787113e-04 1.514398318249732256e-04 1.962678070412948728e-04 0.000000000000000000e+00 2.349734713789075613e-04 2.306577662238851190e-04 6.857658445369452238e-05 1.866551319835707545e-04 2.500916307326406240e-04 5.324476514942944050e-04
0.000000000000000000e+00 0.000000000000000000e+00 8.914239588193595409e-04 8.422976359724998474e-03 0.000000000000000000e+00 1.799141615629196167e-02 0.000000000000000000e+00 0.000000000000000000e+00 0.000000000000000000e+00 6.547955796122550964e-03 2.538355998694896698e-02
5.000249366275966167e-04 0.000000000000000000e+00 5.145269446074962616e-03 7.402941584587097168e-03 0.000000000000000000e+00 5.327301099896430969e-03 1.021674601361155510e-03 0.000000000000000000e+00 0.000000000000000000e+00 9.902162477374076843e-03 3.747575217857956886e-03
0.000000000000000000e+00 3.127473639324307442e-03 0.000000000000000000e+00 0.000000000000000000e+00 2.863411791622638702e-04 0.000000000000000000e+00 1.920784357935190201e-03 0.000000000000000000e+00 0.000000000000000000e+00 0.000000000000000000e+00 1.025871606543660164e-03
0.000000000000000000e+00 0.000000000000000000e+00 0.000000000000000000e+00 6.193579174578189850e-03 0.000000000000000000e+00 1.589502207934856415e-03 4.234070656821131706e-04 9.572656126692891121e-04 0.000000000000000000e+00 0.000000000000000000e+00 2.286635804921388626e-03
5.373618565499782562e-03 2.522047143429517746e-04 4.446875769644975662e-03 0.000000000000000000e+00 2.034457772970199585e-02 0.000000000000000000e+00 6.658936035819351673e-04 0.000000000000000000e+00 4.702628590166568756e-03 0.000000000000000000e+00 1.060910709202289581e-02
0.000000000000000000e+00 1.235760123563522939e-06 6.848157227068440989e-06 1.637019749978207983e-06 8.064069334068335593e-06 0.000000000000000000e+00 2.506257487766561098e-06 6.981027127039851621e-06 0.000000000000000000e+00 3.891004780598450452e-06 0.000000000000000000e+00
