0.000000000000000000e+00 4.088035784661769867e-03 6.256594788283109665e-03 0.000000000000000000e+00 0.000000000000000000e+00 0.000000000000000000e+00 5.797858815640211105e-03 0.000000000000000000e+00 1.271495595574378967e-03 0.000000000000000000e+00 0.000000000000000000e+00
1.100787706673145294e-02 0.000000000000000000e+00 2.066263463348150253e-03 6.560952868312597275e-03 0.000000000000000000e+00 0.000000000000000000e+00 0.000000000000000000e+00 0.000000000000000000e+00 0.000000000000000000e+00 0.000000000000000000e+00 0.000000000000000000e+00
0.000000000000000000e+00 6.880882196128368378e-03 3.928614314645528793e-03 2.241593087092041969e-03 0.000000000000000000e+00 1.127260271459817886e-02 2.380234422162175179e-03 0.000000000000000000e+00 0.000000000000000000e+00 0.000000000000000000e+00 1.308032544329762459e-03
1.516806986182928085e-02 0.000000000000000000e+00 2.477624919265508652e-03 0.000000000000000000e+00 8.175771683454513550e-03 0.000000000000000000e+00 7.166471332311630249e-04 3.056154819205403328e-03 6.676710676401853561e-03 0.000000000000000000e+00 0.000000000000000000e+00
1.267622337763896212e-06 8.909814641810953617e-05 5.098670226288959384e-05 6.398119876394048333e-05 0.000000000000000000e+00 6.684014806523919106e-05 1.474258606322109699e-04 0.000000000000000000e+00 1.092028323910199106e-04 2.702676574699580669e-04 5.687850061804056168e-04
0.000000000000000000e+00 0.000000000000000000e+00 0.000000000000000000e+00 0.000000000000000000e+00 0.000000000000000000e+00 0.000000000000000000e+00 0.000000000000000000e+00 0.000000000000000000e+00 0.000000000000000000e+00 0.000000000000000000e+00 6.072410382330417633e-03
2.402016194537281990e-03 9.401660412549972534e-03 0.000000000000000000e+00 1.094282255508005619e-03 0.000000000000000000e+00 5.901608150452375412e-03 0.000000000000000000e+00 5.328160710632801056e-03 4.021842498332262039e-03 4.238649853505194187e-05 4.894924350082874298e-04
0.000000000000000000e+00 1.235907711088657379e-02 0.000000000000000000e+00 0.000000000000000000e+00 5.275903968140482903e-04 0.000000000000000000e+00 0.000000000000000000e+00 1.611604588106274605e-03 0.000000000000000000e+00 0.000000000000000000e+00 2.427881816402077675e-03
1.635157153941690922e-03 7.246834691613912582e-03 2.475796034559607506e-03 1.402456429786980152e-03 0.000000000000000000e+00 2.190242055803537369e-03 7.223040796816349030e-03 0.000000000000000000e+00 8.089361945167183876e-04 1.415455713868141174e-03 0.000000000000000000e+00
3.309415420517325401e-03 7.538772653788328171e-03 8.910265751183032990e-03 0.000000000000000000e+00 2.742115780711174011e-02 4.434006754308938980e-03 0.000000000000000000e+00 0.000000000000000000e+00 5.748666357249021530e-03 4.989043343812227249e-03 8.041467517614364624e-03
0.000000000000000000e+00 0.000000000000000000e+00 5.001034878659993410e-06 2.652671128089423291e-06 7.567381089756963775e-06 0.000000000000000000e+00 2.702527808651211672e-06 3.464214159976108931e-06 0.000000000000000000e+00 3.176223344780737534e-06 0.000000000000000000e+00
