1.739717049531463999e-06 1.713544952508527786e-05 2.233197665191255510e-05 7.209242539829574525e-06 0.000000000000000000e+00 2.771217623376287520e-06 1.657754182815551758e-05 2.269495598739013076e-05 2.180442425014916807e-05 1.318706108577316627e-05 3.685633828354184516e-06
3.588496940210461617e-03 0.000000000000000000e+00 4.544704570434987545e-04 0.000000000000000000e+00 3.615551104303449392e-04 0.000000000000000000e+00 0.000000000000000000e+00 0.000000000000000000e+00 0.000000000000000000e+00 0.000000000000000000e+00 0.000000000000000000e+00
0.000000000000000000e+00 5.111121572554111481e-03 0.000000000000000000e+00 0.000000000000000000e+00 0.000000000000000000e+00 3.354990622028708458e-03 0.000000000000000000e+00 0.000000000000000000e+00 6.417870754376053810e-04 4.940450191497802734e-03 0.000000000000000000e+00
1.455517369322478771e-03 0.000000000000000000e+00 0.000000000000000000e+00 0.000000000000000000e+00 3.175978781655430794e-03 4.043498542159795761e-03 0.000000000000000000e+00 4.956229822710156441e-04 0.000000000000000000e+00 0.000000000000000000e+00 0.000000000000000000e+00
5.580403012572787702e-05 1.582917611813172698e-04 7.085155084496363997e-05 8.202117169275879860e-05 0.000000000000000000e+00 1.230139314429834485e-04 7.505056419176980853e-05 4.340955456427764148e-06 5.396395863499492407e-05 1.431678683729842305e-04 1.565789279993623495e-04
0.000000000000000000e+00 0.000000000000000000e+00 0.000000000000000000e+00 0.000000000000000000e+00 0.000000000000000000e+00 0.000000000000000000e+00 0.000000000000000000e+00 0.000000000000000000e+00 0.000000000000000000e+00 0.000000000000000000e+00 0.000000000000000000e+00
9.276975761167705059e-04 2.545309020206332207e-03 0.000000000000000000e+00 1.349778147414326668e-03 0.000000000000000000e+00 3.270093817263841629e-03 3.840229706838726997e-03 2.351621864363551140e-03 5.612362176179885864e-03 1.004388742148876190e-02 6.183661054819822311e-03
0.000000000000000000e+00 6.253658328205347061e-03 5.337312359188217670e-06 0.000000000000000000e+00 1.112144556827843189e-03 1.973728183656930923e-03 0.000000000000000000e+00 0.000000000000000000e+00 0.000000000000000000e+00 2.357823359488975257e-05 0.000000000000000000e+00
0.000000000000000000e+00 0.000000000000000000e+00 0.000000000000000000e+00 0.000000000000000000e+00 0.000000000000000000e+00 0.000000000000000000e+00 4.235156811773777008e-03 0.000000000000000000e+00 6.801450508646667004e-04 3.693740582093596458e-03 0.000000000000000000e+00
2.040198072791099548e-03 7.218885701149702072e-03 1.778697595000267029e-03 8.528036996722221375e-04 2.593911811709403992e-02 0.000000000000000000e+00 2.168488455936312675e-03 0.000000000000000000e+00 1.704426016658544540e-03 0.000000000000000000e+00 2.418180694803595543e-03
0.000000000000000000e+00 0.000000000000000000e+00 2.283069306940888055e-06 0.000000000000000000e+00 2.434358520986279473e-06 0.000000000000000000e+00 7.586373840240412392e-07 8.390554739889921620e-07 2.984337044154017349e-08 0.000000000000000000e+00 0.000000000000000000e+00
