0.000000000000000000e+00 0.000000000000000000e+00 3.253644332289695740e-03 0.000000000000000000e+00 0.000000000000000000e+00 0.000000000000000000e+00 9.043857571668922901e-04 1.161850057542324066e-03 0.000000000000000000e+00 0.000000000000000000e+00 0.000000000000000000e+00
2.924236003309488297e-03 0.000000000000000000e+00 2.456262242048978806e-03 3.420290013309568167e-04 0.000000000000000000e+00 0.000000000000000000e+00 6.375153316184878349e-04 0.000000000000000000e+00 0.000000000000000000e+00 0.000000000000000000e+00 0.000000000000000000e+00
0.000000000000000000e+00 4.481212701648473740e-03 1.348265446722507477e-03 9.203685476677492261e-05 0.000000000000000000e+00 1.100339344702661037e-03 6.639680941589176655e-05 0.000000000000000000e+00 0.000000000000000000e+00 1.909161219373345375e-03 2.894525532610714436e-04
2.473592991009354591e-03 0.000000000000000000e+00 1.075245163519866765e-04 0.000000000000000000e+00 0.000000000000000000e+00 1.928232377395033836e-03 1.595004578121006489e-03 4.774779081344604492e-03 8.660338353365659714e-04 7.291793008334934711e-04 0.000000000000000000e+00
0.000000000000000000e+00 2.788861747831106186e-04 1.291089720325544477e-04 1.901967480080202222e-04 0.000000000000000000e+00 9.794141806196421385e-05 1.608478341950103641e-04 3.760806430364027619e-05 1.836336887208744884e-04 2.190199447795748711e-04 5.897603114135563374e-04
0.000000000000000000e+00 0.000000000000000000e+00 2.724525984376668930e-03 4.787306243088096380e-04 0.000000000000000000e+00 1.062954962253570557e-02 4.421673947945237160e-04 0.000000000000000000e+00 0.000000000000000000e+00 2.036634134128689766e-03 1.533550955355167389e-02
4.606412549037486315e-04 7.274096133187413216e-04 0.000000000000000000e+00 2.085224958136677742e-03 0.000000000000000000e+00 6.697076605632901192e-04 1.198265235871076584e-03 0.000000000000000000e+00 1.251295208930969238e-03 6.052185199223458767e-04 0.000000000000000000e+00
0.000000000000000000e+00 3.228949615731835365e-03 0.000000000000000000e+00 0.000000000000000000e+00 0.000000000000000000e+00 0.000000000000000000e+00 0.000000000000000000e+00 0.000000000000000000e+00 0.000000000000000000e+00 0.000000000000000000e+00 1.439932239009067416e-04
0.000000000000000000e+00 4.301898879930377007e-04 8.881650865077972412e-04 1.693533384241163731e-03 0.000000000000000000e+00 0.000000000000000000e+00 0.000000000000000000e+00 0.000000000000000000e+00 0.000000000000000000e+00 0.000000000000000000e+00 0.000000000000000000e+00
1.884751254692673683e-04 0.000000000000000000e+00 3.934924956411123276e-03 0.000000000000000000e+00 1.045507472008466721e-02 0.000000000000000000e+00 0.000000000000000000e+00 0.000000000000000000e+00 3.546665888279676437e-03 0.000000000000000000e+00 4.534713458269834518e-03
0.000000000000000000e+00 0.000000000000000000e+00 1.544159931654576212e-05 1.060771137417759746e-05 2.200393100793007761e-05 0.000000000000000000e+00 8.745918421482201666e-06 1.297500966757070273e-05 3.980966994276968762e-06 1.457552843930898234e-05 4.473660283110802993e-06
