0.000000000000000000e+00 0.000000000000000000e+00 0.000000000000000000e+00 0.000000000000000000e+00 0.000000000000000000e+00 0.000000000000000000e+00 6.737844087183475494e-04 0.000000000000000000e+00 0.000000000000000000e+00 5.553642404265701771e-04 0.000000000000000000e+00
4.993709269911050797e-03 0.000000000000000000e+00 2.351703587919473648e-03 0.000000000000000000e+00 8.192822569981217384e-04 0.000000000000000000e+00 0.000000000000000000e+00 0.000000000000000000e+00 0.000000000000000000e+00 0.000000000000000000e+00 9.962779004126787186e-04
0.000000000000000000e+00 7.979553192853927612e-03 3.437089268118143082e-03 0.000000000000000000e+00 0.000000000000000000e+00 6.677101831883192062e-03 0.000000000000000000e+00 0.000000000000000000e+00 7.299379911273717880e-03 8.541389368474483490e-03 0.000000000000000000e+00
0.000000000000000000e+00 0.000000000000000000e+00 0.000000000000000000e+00 0.000000000000000000e+00 1.551414956338703632e-03 8.771786815486848354e-04 0.000000000000000000e+00 3.017057431861758232e-03 1.541333505883812904e-03 2.885993337258696556e-03 5.338384071364998817e-04
0.000000000000000000e+00 2.249858880531974137e-05 8.064112626016139984e-05 3.658520290628075600e-05 0.000000000000000000e+00 1.283294477616436779e-05 1.447073555027600378e-05 1.060058857547119260e-04 3.488250877126120031e-05 1.587824372109025717e-04 3.509667876642197371e-04
0.000000000000000000e+00 0.000000000000000000e+00 0.000000000000000000e+00 0.000000000000000000e+00 0.000000000000000000e+00 0.000000000000000000e+00 0.000000000000000000e+00 0.000000000000000000e+00 0.000000000000000000e+00 0.000000000000000000e+00 4.336808689942017736e-19
1.288625295273959637e-03 3.521791193634271622e-03 0.000000000000000000e+00 4.505721386522054672e-03 0.000000000000000000e+00 0.000000000000000000e+00 2.654357813298702240e-03 5.694388877600431442e-03 2.790609374642372131e-03 0.000000000000000000e+00 5.186120513826608658e-03
0.000000000000000000e+00 0.000000000000000000e+00 0.000000000000000000e+00 0.000000000000000000e+00 5.226060748100280762e-03 0.000000000000000000e+00 0.000000000000000000e+00 3.059940179809927940e-03 6.649033166468143463e-03 0.000000000000000000e+00 0.000000000000000000e+00
0.000000000000000000e+00 0.000000000000000000e+00 4.170835949480533600e-03 0.000000000000000000e+00 0.000000000000000000e+00 0.000000000000000000e+00 4.871297627687454224e-03 0.000000000000000000e+00 1.285577192902565002e-03 0.000000000000000000e+00 2.236757893115282059e-03
1.996417297050356865e-03 0.000000000000000000e+00 1.680919318459928036e-03 0.000000000000000000e+00 2.886456623673439026e-02 2.802084432914853096e-03 1.072776620276272297e-03 0.000000000000000000e+00 3.081932431086897850e-03 0.000000000000000000e+00 1.598473638296127319e-02
0.000000000000000000e+00 0.000000000000000000e+00 3.552551788743585348e-06 1.311846062890253961e-06 7.430452569678891450e-06 0.000000000000000000e+00 0.000000000000000000e+00 0.000000000000000000e+00 0.000000000000000000e+00 1.928137862705625594e-06 0.000000000000000000e+00
