0.000000000000000000e+00 6.203411519527435303e-02 1.330878376960754395e+00 0.000000000000000000e+00 0.000000000000000000e+00 0.000000000000000000e+00 2.856953382492065430e+00 2.911458253860473633e+00 1.624037265777587891e+00 0.000000000000000000e+00 0.000000000000000000e+00
2.197352647781372070e-01 0.000000000000000000e+00 3.906114771962165833e-02 1.001026630401611328e+00 0.000000000000000000e+00 3.155127342324703932e-04 1.981947757303714752e-02 1.028216723352670670e-02 1.954987645149230957e-02 0.000000000000000000e+00 3.114664554595947266e-01
7.241977727971971035e-04 2.390428483486175537e-01 8.229994215071201324e-03 3.290042281150817871e-03 5.252152681350708008e-03 4.814562499523162842e-01 2.747554145753383636e-02 2.491466142237186432e-02 0.000000000000000000e+00 5.408723354339599609e-01 1.674188524484634399e-01
3.256792128086090088e-01 3.882185816764831543e-01 0.000000000000000000e+00 0.000000000000000000e+00 1.453862190246582031e-01 1.324106812477111816e+00 2.609698288142681122e-02 2.206772804260253906e+00 7.254751920700073242e-01 2.560736536979675293e-01 1.253746263682842255e-02
1.284079393371939659e-03 4.852590151131153107e-03 1.239868230186402798e-03 7.675189408473670483e-05 0.000000000000000000e+00 4.119841381907463074e-03 2.969538560137152672e-03 4.207502643112093210e-04 5.367327947169542313e-03 4.093164578080177307e-03 1.527786627411842346e-02
0.000000000000000000e+00 0.000000000000000000e+00 1.004545018076896667e-03 0.000000000000000000e+00 0.000000000000000000e+00 1.979168131947517395e-02 0.000000000000000000e+00 0.000000000000000000e+00 0.000000000000000000e+00 0.000000000000000000e+00 7.315871119499206543e-02
2.993058562278747559e-01 2.097609490156173706e-01 0.000000000000000000e+00 1.875266805291175842e-02 0.000000000000000000e+00 2.539965212345123291e-01 1.976671256124973297e-02 8.323916047811508179e-02 4.916456937789916992e-01 7.929611206054687500e-01 3.927876353263854980e-01
0.000000000000000000e+00 3.031895756721496582e-01 1.226651947945356369e-02 1.713101868517696857e-03 2.660477757453918457e-01 2.077121054753661156e-03 7.635695338249206543e-01 9.171297550201416016e-01 3.924026787281036377e-01 1.553898453712463379e-01 2.769561707973480225e-01
4.223016090691089630e-03 6.809182465076446533e-02 4.037981986999511719e+00 1.944068193435668945e+00 0.000000000000000000e+00 6.482201814651489258e-01 1.747178077697753906e+00 6.558549124747514725e-03 2.557416200637817383e+00 1.246592760086059570e+00 2.148406982421875000e+00
2.397560700774192810e-02 1.626525074243545532e-03 0.000000000000000000e+00 0.000000000000000000e+00 1.852096080780029297e+00 0.000000000000000000e+00 0.000000000000000000e+00 9.260436519980430603e-03 1.729257637634873390e-03 1.689345762133598328e-02 3.280953690409660339e-02
0.000000000000000000e+00 6.930103154445532709e-06 1.157055303337983787e-04 4.130732850171625614e-05 1.428307878086343408e-04 0.000000000000000000e+00 6.884086178615689278e-05 3.530670437612570822e-05 1.344301836070371792e-05 7.335018744925037026e-05 1.900499000839772634e-06
