0.000000000000000000e+00 3.193968772888183594e+01 2.253381103515625000e+03 0.000000000000000000e+00 0.000000000000000000e+00 0.000000000000000000e+00 2.127947021484375000e+03 4.386359375000000000e+03 3.221496826171875000e+03 6.272976684570312500e+01 0.000000000000000000e+00
1.561237792968750000e+03 0.000000000000000000e+00 1.998038330078125000e+03 3.332789794921875000e+03 2.152808105468750000e+03 1.085795654296875000e+03 2.008837280273437500e+03 4.992201995849609375e+01 3.947472095489501953e+00 1.208165161132812500e+03 1.804637695312500000e+03
9.075731277465820312e+00 2.163554077148437500e+02 1.005332565307617188e+02 6.129269027709960938e+01 1.634615783691406250e+02 1.412792358398437500e+02 5.354880371093750000e+02 1.797848968505859375e+02 9.047375991940498352e-03 1.931579589843750000e+02 1.425776672363281250e+02
1.244814941406250000e+03 3.896437287330627441e-01 3.731063461303710938e+01 3.686239942908287048e-02 1.236246490478515625e+02 6.345786094665527344e+00 1.678877563476562500e+03 7.020641479492187500e+02 7.913864135742187500e+02 5.007918701171875000e+02 3.827468566894531250e+02
8.546312451362609863e-01 4.999804973602294922e+00 3.889090538024902344e+00 2.736854314804077148e+00 4.253532097209244967e-06 2.676381111145019531e+00 2.936635732650756836e+00 2.692265987396240234e+00 3.811177730560302734e+00 5.938221454620361328e+00 1.024905300140380859e+01
0.000000000000000000e+00 0.000000000000000000e+00 0.000000000000000000e+00 0.000000000000000000e+00 0.000000000000000000e+00 0.000000000000000000e+00 0.000000000000000000e+00 0.000000000000000000e+00 0.000000000000000000e+00 0.000000000000000000e+00 1.382436370849609375e+01
7.366434478759765625e+01 5.071524353027343750e+02 2.344318962097167969e+01 9.811594848632812500e+02 0.000000000000000000e+00 7.465012207031250000e+02 2.374822692871093750e+02 4.307049560546875000e+02 9.591908569335937500e+02 9.130169677734375000e+02 5.774381103515625000e+02
0.000000000000000000e+00 2.047103881835937500e+02 7.618410587310791016e+00 2.548754537201602943e-06 1.974494323730468750e+02 5.511710205078125000e+02 4.271379671990871429e-03 3.985234375000000000e+02 2.441277008056640625e+02 1.944128274917602539e+00 3.151877820491790771e-01
1.968414916992187500e+02 1.473130493164062500e+02 3.488259887695312500e+02 1.647042541503906250e+02 3.266797866672277451e-03 4.202381591796875000e+02 3.094179077148437500e+02 2.296054687500000000e+02 3.311823730468750000e+02 1.419890289306640625e+02 2.738256225585937500e+02
0.000000000000000000e+00 0.000000000000000000e+00 1.221487236022949219e+01 0.000000000000000000e+00 1.091597656250000000e+03 9.111695289611816406e+00 0.000000000000000000e+00 0.000000000000000000e+00 4.971135139465332031e+00 1.435087084770202637e+00 3.639270019531250000e+02
0.000000000000000000e+00 3.238650236880857847e-08 3.634218871593475342e-02 1.502862293273210526e-02 6.546209752559661865e-02 0.000000000000000000e+00 1.240166835486888885e-02 6.676276028156280518e-02 9.522370447712091845e-08 3.359023854136466980e-02 3.229881636798381805e-03
