0.000000000000000000e+00 0.000000000000000000e+00 0.000000000000000000e+00 0.000000000000000000e+00 0.000000000000000000e+00 0.000000000000000000e+00 0.000000000000000000e+00 5.109171848744153976e-03 0.000000000000000000e+00 0.000000000000000000e+00 0.000000000000000000e+00
1.594662293791770935e-02 0.000000000000000000e+00 0.000000000000000000e+00 5.968295590719208121e-05 2.843392081558704376e-03 0.000000000000000000e+00 0.000000000000000000e+00 0.000000000000000000e+00 3.295168280601501465e-03 0.000000000000000000e+00 0.000000000000000000e+00
2.973642433062195778e-03 5.018615163862705231e-03 0.000000000000000000e+00 0.000000000000000000e+00 0.000000000000000000e+00 2.139182994142174721e-03 8.603378664702177048e-04 0.000000000000000000e+00 0.000000000000000000e+00 9.377298876643180847e-03 6.001546862535178661e-04
8.914573118090629578e-03 0.000000000000000000e+00 0.000000000000000000e+00 0.000000000000000000e+00 8.289983496069908142e-03 0.000000000000000000e+00 0.000000000000000000e+00 1.382318325340747833e-02 0.000000000000000000e+00 0.000000000000000000e+00 0.000000000000000000e+00
1.821994737838394940e-05 3.032643580809235573e-04 3.987012023571878672e-04 4.398036107886582613e-04 5.421010862427522170e-20 2.507813333068042994e-04 2.749838749878108501e-04 1.999538071686401963e-04 3.013139648828655481e-04 6.046550115570425987e-04 1.014503301121294498e-03
0.000000000000000000e+00 0.000000000000000000e+00 0.000000000000000000e+00 0.000000000000000000e+00 0.000000000000000000e+00 0.000000000000000000e+00 0.000000000000000000e+00 0.000000000000000000e+00 0.000000000000000000e+00 0.000000000000000000e+00 0.000000000000000000e+00
4.967666696757078171e-03 0.000000000000000000e+00 0.000000000000000000e+00 0.000000000000000000e+00 0.000000000000000000e+00 0.000000000000000000e+00 1.037644594907760620e-02 9.538474492728710175e-03 1.040648669004440308e-02 1.293603423982858658e-02 6.981340702623128891e-03
0.000000000000000000e+00 4.210851620882749557e-03 0.000000000000000000e+00 2.388151595368981361e-03 1.119104446843266487e-03 8.265990763902664185e-04 0.000000000000000000e+00 7.243710570037364960e-04 7.832462899386882782e-03 1.278429641388356686e-03 0.000000000000000000e+00
1.045315898954868317e-02 1.471182703971862793e-02 0.000000000000000000e+00 0.000000000000000000e+00 0.000000000000000000e+00 1.939973793923854828e-03 1.658672466874122620e-03 0.000000000000000000e+00 0.000000000000000000e+00 4.186970181763172150e-03 8.046454750001430511e-03
6.358808372169733047e-03 0.000000000000000000e+00 1.293973345309495926e-02 0.000000000000000000e+00 4.705788567662239075e-02 0.000000000000000000e+00 0.000000000000000000e+00 0.000000000000000000e+00 1.154974917881190777e-03 0.000000000000000000e+00 1.594862155616283417e-02
0.000000000000000000e+00 0.000000000000000000e+00 7.960876246215775609e-06 2.389426299487240613e-06 2.055948789347894490e-05 0.000000000000000000e+00 8.773225772529258393e-07 4.465907295525539666e-06 0.000000000000000000e+00 4.270929821359459311e-06 0.000000000000000000e+00
