0.000000000000000000e+00 0.000000000000000000e+00 3.963523078709840775e-03 0.000000000000000000e+00 0.000000000000000000e+00 0.000000000000000000e+00 3.502445295453071594e-03 4.101888334844261408e-04 3.594050882384181023e-03 0.000000000000000000e+00 0.000000000000000000e+00
8.648745715618133545e-04 0.000000000000000000e+00 2.884638262912631035e-03 2.988325897604227066e-03 0.000000000000000000e+00 0.000000000000000000e+00 6.577569292858242989e-04 0.000000000000000000e+00 0.000000000000000000e+00 0.000000000000000000e+00 3.745200810953974724e-03
0.000000000000000000e+00 0.000000000000000000e+00 0.000000000000000000e+00 0.000000000000000000e+00 0.000000000000000000e+00 7.749405223876237869e-03 0.000000000000000000e+00 0.000000000000000000e+00 2.941938349977135658e-03 1.096340361982584000e-03 3.423265879973769188e-04
7.104095071554183960e-03 0.000000000000000000e+00 0.000000000000000000e+00 0.000000000000000000e+00 2.106742467731237411e-03 1.368885976262390614e-03 0.000000000000000000e+00 3.001066390424966812e-03 0.000000000000000000e+00 0.000000000000000000e+00 0.000000000000000000e+00
0.000000000000000000e+00 1.119018725148634985e-05 6.197248148964717984e-05 0.000000000000000000e+00 0.000000000000000000e+00 0.000000000000000000e+00 0.000000000000000000e+00 0.000000000000000000e+00 0.000000000000000000e+00 0.000000000000000000e+00 2.423106197966262698e-04
0.000000000000000000e+00 0.000000000000000000e+00 0.000000000000000000e+00 0.000000000000000000e+00 0.000000000000000000e+00 2.772748470306396484e-03 0.000000000000000000e+00 0.000000000000000000e+00 0.000000000000000000e+00 0.000000000000000000e+00 0.000000000000000000e+00
0.000000000000000000e+00 1.104951743036508560e-02 0.000000000000000000e+00 1.353786559775471687e-03 0.000000000000000000e+00 0.000000000000000000e+00 1.979933353140950203e-03 0.000000000000000000e+00 2.744404133409261703e-03 5.493978038430213928e-03 9.482862078584730625e-04
0.000000000000000000e+00 0.000000000000000000e+00 0.000000000000000000e+00 0.000000000000000000e+00 0.000000000000000000e+00 0.000000000000000000e+00 0.000000000000000000e+00 6.634091958403587341e-03 2.949358662590384483e-03 8.295483421534299850e-04 0.000000000000000000e+00
0.000000000000000000e+00 8.687971159815788269e-03 6.032319739460945129e-03 0.000000000000000000e+00 0.000000000000000000e+00 1.559962867759168148e-03 3.419319109525531530e-04 0.000000000000000000e+00 4.401336424052715302e-03 1.528499182313680649e-03 2.079746918752789497e-03
0.000000000000000000e+00 1.883797580376267433e-03 6.353757344186306000e-03 0.000000000000000000e+00 2.083465456962585449e-02 0.000000000000000000e+00 3.621843410655856133e-03 0.000000000000000000e+00 7.818880258128046989e-04 0.000000000000000000e+00 4.302837885916233063e-03
0.000000000000000000e+00 0.000000000000000000e+00 2.812367483784328215e-06 0.000000000000000000e+00 4.988722594134742394e-06 0.000000000000000000e+00 1.219734826918283943e-06 0.000000000000000000e+00 4.001974218681425555e-07 1.697543439149740152e-06 0.000000000000000000e+00
