0.000000000000000000e+00 5.117717199027538300e-03 5.828578650834970176e-05 0.000000000000000000e+00 0.000000000000000000e+00 0.000000000000000000e+00 5.500955041497945786e-03 0.000000000000000000e+00 0.000000000000000000e+00 0.000000000000000000e+00 0.000000000000000000e+00
1.048988383263349533e-02 0.000000000000000000e+00 9.504404850304126740e-03 0.000000000000000000e+00 0.000000000000000000e+00 5.952939856797456741e-03 0.000000000000000000e+00 0.000000000000000000e+00 7.830391637980937958e-03 0.000000000000000000e+00 0.000000000000000000e+00
8.118385449051856995e-03 1.039753202348947525e-02 5.101641174405813217e-03 7.747491355985403061e-03 0.000000000000000000e+00 6.610248237848281860e-03 0.000000000000000000e+00 0.000000000000000000e+00 0.000000000000000000e+00 1.672669127583503723e-02 3.650245955213904381e-03
2.397534204646945000e-03 0.000000000000000000e+00 0.000000000000000000e+00 2.524222014471888542e-03 0.000000000000000000e+00 8.708961308002471924e-03 1.021373551338911057e-02 0.000000000000000000e+00 0.000000000000000000e+00 1.170333358459174633e-03 0.000000000000000000e+00
4.694025556091219187e-04 8.589865756221115589e-04 6.360260304063558578e-04 8.104876033030450344e-04 0.000000000000000000e+00 6.767913000658154488e-04 8.853514445945620537e-04 6.770092295482754707e-04 6.860718713141977787e-04 9.133929270319640636e-04 1.778812031261622906e-03
0.000000000000000000e+00 0.000000000000000000e+00 0.000000000000000000e+00 0.000000000000000000e+00 0.000000000000000000e+00 0.000000000000000000e+00 0.000000000000000000e+00 0.000000000000000000e+00 0.000000000000000000e+00 0.000000000000000000e+00 0.000000000000000000e+00
4.926939029246568680e-03 0.000000000000000000e+00 0.000000000000000000e+00 1.095794048160314560e-02 0.000000000000000000e+00 4.672106355428695679e-03 0.000000000000000000e+00 1.200447045266628265e-02 2.139653079211711884e-02 0.000000000000000000e+00 8.113710209727287292e-03
0.000000000000000000e+00 1.700521260499954224e-02 1.144807599484920502e-02 0.000000000000000000e+00 3.279372351244091988e-03 0.000000000000000000e+00 0.000000000000000000e+00 3.236702876165509224e-03 7.510715164244174957e-03 0.000000000000000000e+00 0.000000000000000000e+00
0.000000000000000000e+00 8.956813253462314606e-04 8.788494393229484558e-03 0.000000000000000000e+00 0.000000000000000000e+00 1.590638654306530952e-03 0.000000000000000000e+00 1.400555833242833614e-03 1.612442778423428535e-03 0.000000000000000000e+00 0.000000000000000000e+00
1.564111444167792797e-03 0.000000000000000000e+00 2.344679646193981171e-02 0.000000000000000000e+00 5.246590077877044678e-02 5.533551797270774841e-03 0.000000000000000000e+00 0.000000000000000000e+00 6.861681118607521057e-03 7.211326155811548233e-03 1.727822609245777130e-02
0.000000000000000000e+00 0.000000000000000000e+00 6.761022632417734712e-06 0.000000000000000000e+00 2.080111698887776583e-05 0.000000000000000000e+00 0.000000000000000000e+00 8.443695151072461158e-06 0.000000000000000000e+00 8.265999895229469985e-06 0.000000000000000000e+00
