0.000000000000000000e+00 9.852482080459594727e-01 4.130562591552734375e+01 0.000000000000000000e+00 0.000000000000000000e+00 0.000000000000000000e+00 6.087235839843750000e+03 4.994479064941406250e+02 2.196598876953125000e+03 0.000000000000000000e+00 0.000000000000000000e+00
3.475771331787109375e+01 6.215189785052643856e-08 7.410169921875000000e+03 1.089104101562500000e+04 2.009731250000000000e+04 3.782672119140625000e+01 8.951280975341796875e+01 9.231728515625000000e+03 8.797162628173828125e+01 1.658728790283203125e+01 5.468573730468750000e+03
1.470990562438964844e+01 5.154846093750000000e+04 2.395010960754007101e-04 1.620723046875000000e+04 1.915931582450866699e+00 4.379181250000000000e+04 1.057241535186767578e+01 4.383696615695953369e-02 9.556810379028320312e+00 9.185798828125000000e+03 1.888151168823242188e-01
1.772499511718750000e+03 1.770524597167968750e+02 5.495358398437500000e+03 1.509727783203125000e+02 7.892572021484375000e+02 2.850981201171875000e+03 3.623850097656250000e+03 6.617730712890625000e+02 1.627770507812500000e+03 2.869499588012695312e+01 3.710331420898437500e+02
1.003700256347656250e+01 7.514864921569824219e+00 6.284719467163085938e+00 2.634195327758789062e+00 0.000000000000000000e+00 7.307061553001403809e-02 1.330850481986999512e+00 6.424919366836547852e-01 4.183433577418327332e-02 8.937343597412109375e+00 2.093945121765136719e+01
0.000000000000000000e+00 0.000000000000000000e+00 0.000000000000000000e+00 0.000000000000000000e+00 0.000000000000000000e+00 2.400464582024142146e-04 0.000000000000000000e+00 0.000000000000000000e+00 0.000000000000000000e+00 0.000000000000000000e+00 1.381984839099459350e-05
2.689626220703125000e+03 6.128739356994628906e+00 4.230102896690368652e-01 7.031791687011718750e+01 5.454457031250000000e+03 3.535747558593750000e+03 9.914552307128906250e+01 1.248190760612487793e+00 1.001122851562500000e+04 2.962876953125000000e+03 6.476643554687500000e+03
0.000000000000000000e+00 5.464839935302734375e+00 1.936124023437500000e+03 4.846546649932861328e+00 8.205411132812500000e+03 1.168590545654296875e+00 7.349972534179687500e+01 8.861815185546875000e+02 3.407594604492187500e+02 5.075592041015625000e+01 9.671419143676757812e+00
8.988581612356938422e-07 3.566188049316406250e+01 8.333217773437500000e+03 9.572898864746093750e+01 2.236460494995117188e+01 6.143521484375000000e+03 1.036966781616210938e+02 4.955725744366645813e-03 8.937945312500000000e+03 7.004441070556640625e+01 1.027569351196289062e+02
0.000000000000000000e+00 0.000000000000000000e+00 0.000000000000000000e+00 0.000000000000000000e+00 1.691483116149902344e+01 0.000000000000000000e+00 0.000000000000000000e+00 0.000000000000000000e+00 0.000000000000000000e+00 0.000000000000000000e+00 0.000000000000000000e+00
0.000000000000000000e+00 4.122959580854512751e-05 1.871410012245178223e-02 0.000000000000000000e+00 1.170864850282669067e-01 0.000000000000000000e+00 1.967277377843856812e-03 1.956182159483432770e-02 1.523581204310175963e-06 3.056338056921958923e-02 1.653501158216386102e-06
