0.000000000000000000e+00 0.000000000000000000e+00 0.000000000000000000e+00 0.000000000000000000e+00 0.000000000000000000e+00 0.000000000000000000e+00 0.000000000000000000e+00 8.032632060348987579e-03 0.000000000000000000e+00 0.000000000000000000e+00 0.000000000000000000e+00
1.818486489355564117e-02 0.000000000000000000e+00 4.982884507626295090e-03 0.000000000000000000e+00 0.000000000000000000e+00 0.000000000000000000e+00 0.000000000000000000e+00 0.000000000000000000e+00 0.000000000000000000e+00 0.000000000000000000e+00 0.000000000000000000e+00
0.000000000000000000e+00 4.614328499883413315e-03 0.000000000000000000e+00 1.066333497874438763e-03 4.520033951848745346e-03 3.776618978008627892e-03 2.537501510232686996e-03 0.000000000000000000e+00 1.441668253391981125e-03 1.353229489177465439e-02 0.000000000000000000e+00
7.160642649978399277e-03 0.000000000000000000e+00 0.000000000000000000e+00 3.464815963525325060e-04 8.620735257863998413e-03 0.000000000000000000e+00 4.479385446757078171e-03 8.175728842616081238e-03 2.231303835287690163e-03 0.000000000000000000e+00 0.000000000000000000e+00
0.000000000000000000e+00 1.211835115100257099e-04 1.169848910649307072e-04 1.432782300980761647e-05 0.000000000000000000e+00 1.237194956047460437e-04 0.000000000000000000e+00 1.125497965404065326e-05 2.223494630015920848e-05 1.490056747570633888e-04 3.059072187170386314e-04
0.000000000000000000e+00 0.000000000000000000e+00 0.000000000000000000e+00 0.000000000000000000e+00 0.000000000000000000e+00 0.000000000000000000e+00 0.000000000000000000e+00 0.000000000000000000e+00 0.000000000000000000e+00 0.000000000000000000e+00 4.060566425323486328e-07
1.482440065592527390e-02 1.796767581254243851e-03 0.000000000000000000e+00 2.394564216956496239e-03 0.000000000000000000e+00 0.000000000000000000e+00 0.000000000000000000e+00 6.259377114474773407e-03 0.000000000000000000e+00 1.019741035997867584e-02 0.000000000000000000e+00
0.000000000000000000e+00 5.379299167543649673e-03 5.075916415080428123e-04 2.399376360699534416e-03 0.000000000000000000e+00 0.000000000000000000e+00 0.000000000000000000e+00 4.320410371292382479e-04 9.808942675590515137e-03 2.682773862034082413e-03 0.000000000000000000e+00
0.000000000000000000e+00 1.203084015287458897e-03 0.000000000000000000e+00 1.078582368791103363e-03 0.000000000000000000e+00 0.000000000000000000e+00 9.681547060608863831e-03 0.000000000000000000e+00 2.397748176008462906e-03 7.442785426974296570e-04 6.974628660827875137e-03
1.375478412955999374e-02 1.330056460574269295e-03 8.094810880720615387e-03 0.000000000000000000e+00 4.470651224255561829e-02 0.000000000000000000e+00 0.000000000000000000e+00 0.000000000000000000e+00 4.864607471972703934e-03 0.000000000000000000e+00 1.051028072834014893e-02
0.000000000000000000e+00 9.982487654269789346e-07 2.279011823702603579e-06 1.413533368577191141e-06 2.690604560484644026e-06 0.000000000000000000e+00 1.072261852641531732e-06 1.893322178148082457e-06 5.205279762776626740e-07 1.706070179352536798e-06 0.000000000000000000e+00
