6.151220986794214696e-06 2.125474384229164571e-05 1.729983341647312045e-05 8.154958663908473682e-07 0.000000000000000000e+00 2.835066652551176958e-06 1.670361234573647380e-05 2.117125040967948735e-05 1.681319554336369038e-05 1.447866088710725307e-05 1.628290306143753696e-06
5.162519868463277817e-03 0.000000000000000000e+00 1.044559525325894356e-03 1.100035384297370911e-03 0.000000000000000000e+00 0.000000000000000000e+00 0.000000000000000000e+00 0.000000000000000000e+00 3.776439698413014412e-03 0.000000000000000000e+00 7.903930963948369026e-04
0.000000000000000000e+00 3.339899238198995590e-03 3.318016882985830307e-03 0.000000000000000000e+00 0.000000000000000000e+00 7.811651099473237991e-03 1.212604809552431107e-03 0.000000000000000000e+00 0.000000000000000000e+00 7.705888245254755020e-03 0.000000000000000000e+00
4.515366163104772568e-03 0.000000000000000000e+00 0.000000000000000000e+00 2.678224351257085800e-03 0.000000000000000000e+00 1.567371538840234280e-03 4.582316149026155472e-03 0.000000000000000000e+00 1.123817870393395424e-03 0.000000000000000000e+00 0.000000000000000000e+00
1.275467298000876326e-06 3.682156602735631168e-05 4.946939225192181766e-05 1.918087218655273318e-05 0.000000000000000000e+00 3.185674358974210918e-05 3.509154339553788304e-05 0.000000000000000000e+00 9.561660590406972915e-06 7.057779293972998857e-05 1.391905243508517742e-04
0.000000000000000000e+00 0.000000000000000000e+00 0.000000000000000000e+00 0.000000000000000000e+00 0.000000000000000000e+00 0.000000000000000000e+00 0.000000000000000000e+00 0.000000000000000000e+00 0.000000000000000000e+00 0.000000000000000000e+00 1.658193214097991586e-04
4.364316700957715511e-04 0.000000000000000000e+00 0.000000000000000000e+00 4.258511587977409363e-03 0.000000000000000000e+00 7.374532870016992092e-04 4.946426954120397568e-03 9.974628686904907227e-03 4.348500631749629974e-03 4.633312579244375229e-03 6.459962576627731323e-03
0.000000000000000000e+00 2.357686636969447136e-03 3.058316186070442200e-03 0.000000000000000000e+00 1.129047246649861336e-03 1.573276007547974586e-03 0.000000000000000000e+00 0.000000000000000000e+00 1.880079274997115135e-03 0.000000000000000000e+00 5.214864388108253479e-03
0.000000000000000000e+00 0.000000000000000000e+00 0.000000000000000000e+00 0.000000000000000000e+00 0.000000000000000000e+00 3.277217037975788116e-03 0.000000000000000000e+00 0.000000000000000000e+00 3.579240292310714722e-03 0.000000000000000000e+00 0.000000000000000000e+00
4.138722550123929977e-03 1.043873024173080921e-03 6.397837772965431213e-03 0.000000000000000000e+00 2.214281074702739716e-02 0.000000000000000000e+00 0.000000000000000000e+00 0.000000000000000000e+00 4.143508849665522575e-04 0.000000000000000000e+00 7.652777712792158127e-03
0.000000000000000000e+00 0.000000000000000000e+00 7.266272632477921434e-07 1.500816466659671278e-07 1.227914822266029660e-06 0.000000000000000000e+00 0.000000000000000000e+00 2.856419882846239489e-07 0.000000000000000000e+00 2.377540937459343695e-07 0.000000000000000000e+00
