2.364441797908511944e-06 5.705508010578341782e-05 6.555502477567642927e-05 1.519891884527169168e-05 3.639182523329509422e-06 8.429242370766587555e-06 6.403028964996337891e-05 5.788457929156720638e-05 5.516558303497731686e-05 4.198144233669154346e-05 1.022425112751079723e-05
2.482996582984924316e-01 0.000000000000000000e+00 6.766079664230346680e-01 5.678869783878326416e-03 0.000000000000000000e+00 6.175484508275985718e-03 2.794690057635307312e-02 0.000000000000000000e+00 0.000000000000000000e+00 0.000000000000000000e+00 7.864650338888168335e-03
1.132837729528546333e-03 2.268529264256358147e-03 8.715742267668247223e-03 2.796492874622344971e-01 1.704325084574520588e-03 5.016558170318603516e-01 1.230150580406188965e+00 2.349918242543935776e-03 0.000000000000000000e+00 3.497269237414002419e-03 5.662976764142513275e-03
1.487835764884948730e+00 1.806901535019278526e-03 3.121953568552271463e-06 1.632481336593627930e+00 3.097901586443185806e-03 7.315674424171447754e-01 2.721431665122509003e-03 1.200068950653076172e+00 3.582994220778346062e-03 2.135598566383123398e-03 0.000000000000000000e+00
3.217027988284826279e-04 6.405734457075595856e-04 3.143993671983480453e-04 4.077752819284796715e-04 0.000000000000000000e+00 5.268267123028635979e-04 5.556223914027214050e-04 3.024767502211034298e-04 5.915857618674635887e-04 5.697580054402351379e-04 1.446328824386000633e-03
0.000000000000000000e+00 1.023137447191402316e-04 1.974784769117832184e-03 3.826377505902200937e-04 0.000000000000000000e+00 3.368636369705200195e-01 1.034058746881783009e-03 3.434937971178442240e-04 8.539577538613229990e-05 2.510052639991044998e-03 6.003184318542480469e-01
2.371931215748190880e-03 9.084949493408203125e-01 0.000000000000000000e+00 3.523889608914032578e-05 0.000000000000000000e+00 6.884768009185791016e-01 2.945853769779205322e-01 5.368703859858214855e-04 3.680211957544088364e-03 1.357335686683654785e+00 1.662889242172241211e+00
0.000000000000000000e+00 4.576261520385742188e+00 5.110103607177734375e+00 7.586507797241210938e-01 1.689727067947387695e+00 1.468379497528076172e+00 2.220836933702230453e-03 3.487495422363281250e+00 2.074836986139416695e-03 1.232232809066772461e+00 1.163835171610116959e-03
2.932929247617721558e-02 2.431464195251464844e-02 2.951932884752750397e-02 3.926368802785873413e-02 0.000000000000000000e+00 2.167773433029651642e-02 5.851266533136367798e-02 2.404989860951900482e-02 2.183021232485771179e-02 2.245367318391799927e-02 2.281397767364978790e-02
3.273602342233061790e-04 1.558092917548492551e-04 3.698465647175908089e-03 0.000000000000000000e+00 9.473176598548889160e-01 1.708653988316655159e-03 0.000000000000000000e+00 0.000000000000000000e+00 1.936055719852447510e-03 0.000000000000000000e+00 1.575870672240853310e-03
0.000000000000000000e+00 1.800137169993831776e-06 3.037116948689799756e-05 1.043690463120583445e-05 3.807185566984117031e-05 0.000000000000000000e+00 1.369878282275749370e-05 1.753524338710121810e-05 0.000000000000000000e+00 2.618077996885403991e-05 9.689287026048987173e-07
