0.000000000000000000e+00 9.986118413507938385e-03 2.344076521694660187e-03 0.000000000000000000e+00 0.000000000000000000e+00 0.000000000000000000e+00 5.345056764781475067e-03 5.173727404326200485e-03 4.674036055803298950e-03 0.000000000000000000e+00 0.000000000000000000e+00
2.170169027522206306e-03 0.000000000000000000e+00 2.072067698463797569e-03 1.308764331042766571e-03 0.000000000000000000e+00 2.799650654196739197e-03 8.404448628425598145e-03 5.100381677038967609e-04 0.000000000000000000e+00 0.000000000000000000e+00 0.000000000000000000e+00
0.000000000000000000e+00 1.051230635493993759e-02 0.000000000000000000e+00 1.937576103955507278e-03 1.342586474493145943e-03 7.246946450322866440e-03 8.341653738170862198e-04 0.000000000000000000e+00 9.905013255774974823e-03 8.228447986766695976e-04 1.179229700937867165e-03
5.210233852267265320e-03 0.000000000000000000e+00 1.804799656383693218e-03 0.000000000000000000e+00 4.069912713021039963e-03 2.367042936384677887e-03 0.000000000000000000e+00 1.167343836277723312e-02 0.000000000000000000e+00 1.788096502423286438e-03 0.000000000000000000e+00
1.866903585323598236e-05 9.033305832417681813e-05 1.158423619926907122e-04 2.180654555559158325e-04 0.000000000000000000e+00 7.701697177253663540e-05 7.495791214751079679e-05 1.428765681339427829e-04 9.227642294717952609e-05 2.238023007521405816e-04 3.653419844340533018e-04
0.000000000000000000e+00 0.000000000000000000e+00 0.000000000000000000e+00 0.000000000000000000e+00 0.000000000000000000e+00 0.000000000000000000e+00 0.000000000000000000e+00 0.000000000000000000e+00 0.000000000000000000e+00 0.000000000000000000e+00 0.000000000000000000e+00
6.878493353724479675e-03 7.745585404336452484e-03 0.000000000000000000e+00 0.000000000000000000e+00 0.000000000000000000e+00 0.000000000000000000e+00 2.080672653391957283e-03 3.720353357493877411e-03 3.450893564149737358e-03 0.000000000000000000e+00 0.000000000000000000e+00
0.000000000000000000e+00 2.092466922476887703e-03 0.000000000000000000e+00 0.000000000000000000e+00 7.751727825962007046e-04 0.000000000000000000e+00 0.000000000000000000e+00 0.000000000000000000e+00 4.066088702529668808e-03 0.000000000000000000e+00 0.000000000000000000e+00
0.000000000000000000e+00 4.806732758879661560e-03 0.000000000000000000e+00 0.000000000000000000e+00 0.000000000000000000e+00 0.000000000000000000e+00 0.000000000000000000e+00 0.000000000000000000e+00 0.000000000000000000e+00 0.000000000000000000e+00 3.915656358003616333e-03
4.768201615661382675e-03 3.720484208315610886e-03 8.923647925257682800e-03 0.000000000000000000e+00 2.216547541320323944e-02 6.845911033451557159e-03 0.000000000000000000e+00 0.000000000000000000e+00 7.025111466646194458e-03 1.114262886403594166e-05 6.435402203351259232e-03
0.000000000000000000e+00 0.000000000000000000e+00 1.340055632681469433e-06 0.000000000000000000e+00 6.497698905150173232e-06 0.000000000000000000e+00 0.000000000000000000e+00 3.035485178770613857e-06 0.000000000000000000e+00 1.308666810473368969e-06 0.000000000000000000e+00
