0.000000000000000000e+00 0.000000000000000000e+00 0.000000000000000000e+00 0.000000000000000000e+00 0.000000000000000000e+00 0.000000000000000000e+00 0.000000000000000000e+00 7.907049730420112610e-03 0.000000000000000000e+00 0.000000000000000000e+00 0.000000000000000000e+00
9.163904935121536255e-03 0.000000000000000000e+00 0.000000000000000000e+00 7.137627340853214264e-03 0.000000000000000000e+00 0.000000000000000000e+00 0.000000000000000000e+00 3.983690403401851654e-03 6.986659485846757889e-03 0.000000000000000000e+00 0.000000000000000000e+00
0.000000000000000000e+00 2.572045777924358845e-04 8.546893484890460968e-03 0.000000000000000000e+00 1.213457784615457058e-03 1.047893054783344269e-02 2.502449788153171539e-04 0.000000000000000000e+00 1.457095146179199219e-03 1.317548193037509918e-02 3.768758615478873253e-03
5.958265159279108047e-03 0.000000000000000000e+00 0.000000000000000000e+00 0.000000000000000000e+00 4.649479407817125320e-03 0.000000000000000000e+00 4.324195906519889832e-03 3.401015186682343483e-03 0.000000000000000000e+00 3.114556602668017149e-04 0.000000000000000000e+00
0.000000000000000000e+00 1.366682990919798613e-04 5.774315650342032313e-05 2.357999801461119205e-05 0.000000000000000000e+00 5.322288416209630668e-05 3.783292413572780788e-05 0.000000000000000000e+00 7.712487422395497561e-05 2.714742731768637896e-04 5.066978628747165203e-04
0.000000000000000000e+00 0.000000000000000000e+00 0.000000000000000000e+00 0.000000000000000000e+00 0.000000000000000000e+00 3.038812428712844849e-05 0.000000000000000000e+00 0.000000000000000000e+00 0.000000000000000000e+00 0.000000000000000000e+00 0.000000000000000000e+00
4.949111025780439377e-03 3.033180022612214088e-03 0.000000000000000000e+00 1.031251158565282822e-04 0.000000000000000000e+00 0.000000000000000000e+00 3.448325907811522484e-03 8.618639782071113586e-03 5.707796197384595871e-03 3.125211922451853752e-03 3.662836097646504641e-04
0.000000000000000000e+00 0.000000000000000000e+00 4.012365825474262238e-03 0.000000000000000000e+00 0.000000000000000000e+00 0.000000000000000000e+00 2.921544015407562256e-03 6.906268652528524399e-03 9.283591061830520630e-04 1.012892811559140682e-03 9.070640429854393005e-03
0.000000000000000000e+00 9.656732901930809021e-03 1.379468245431780815e-03 2.592917066067457199e-03 0.000000000000000000e+00 6.557458546012639999e-03 0.000000000000000000e+00 6.280021276324987411e-03 0.000000000000000000e+00 0.000000000000000000e+00 2.264614158775657415e-04
1.303257979452610016e-02 5.899032112210988998e-03 1.200734917074441910e-02 0.000000000000000000e+00 3.967086598277091980e-02 2.591915428638458252e-03 0.000000000000000000e+00 1.358748646453022957e-03 4.757307469844818115e-03 0.000000000000000000e+00 1.575434021651744843e-02
0.000000000000000000e+00 5.747095315200567711e-07 3.455150135778239928e-06 9.439206110073428135e-07 5.910971594857983291e-06 0.000000000000000000e+00 1.378744173052837141e-06 3.932202119472094637e-08 0.000000000000000000e+00 3.982026441917696502e-07 0.000000000000000000e+00
