0.000000000000000000e+00 0.000000000000000000e+00 7.177408318966627121e-03 0.000000000000000000e+00 0.000000000000000000e+00 0.000000000000000000e+00 0.000000000000000000e+00 0.000000000000000000e+00 0.000000000000000000e+00 0.000000000000000000e+00 0.000000000000000000e+00
1.541889645159244537e-02 0.000000000000000000e+00 3.388955257833003998e-03 1.723676105029881001e-04 0.000000000000000000e+00 0.000000000000000000e+00 7.295208051800727844e-03 0.000000000000000000e+00 0.000000000000000000e+00 0.000000000000000000e+00 0.000000000000000000e+00
0.000000000000000000e+00 5.444551818072795868e-03 0.000000000000000000e+00 0.000000000000000000e+00 4.293038509786128998e-04 1.534623373299837112e-02 4.190421197563409805e-03 0.000000000000000000e+00 2.928617177531123161e-03 5.637557245790958405e-03 3.249928122386336327e-04
1.640058495104312897e-02 0.000000000000000000e+00 0.000000000000000000e+00 0.000000000000000000e+00 1.227580755949020386e-02 0.000000000000000000e+00 0.000000000000000000e+00 1.936841872520744801e-03 0.000000000000000000e+00 0.000000000000000000e+00 0.000000000000000000e+00
0.000000000000000000e+00 1.054138556355610490e-04 1.185503424494527280e-04 0.000000000000000000e+00 0.000000000000000000e+00 1.232307113241404295e-04 1.899790368042886257e-05 0.000000000000000000e+00 2.666920408955775201e-05 1.304627949139103293e-04 5.206710775382816792e-04
0.000000000000000000e+00 0.000000000000000000e+00 0.000000000000000000e+00 0.000000000000000000e+00 0.000000000000000000e+00 0.000000000000000000e+00 0.000000000000000000e+00 0.000000000000000000e+00 0.000000000000000000e+00 0.000000000000000000e+00 0.000000000000000000e+00
8.105729706585407257e-03 4.089084919542074203e-03 0.000000000000000000e+00 2.071130089461803436e-03 6.336792139336466789e-04 0.000000000000000000e+00 3.547969972714781761e-04 9.102711373998317868e-06 1.684170681983232498e-03 6.683216895908117294e-03 0.000000000000000000e+00
0.000000000000000000e+00 0.000000000000000000e+00 0.000000000000000000e+00 0.000000000000000000e+00 1.246610772795975208e-03 0.000000000000000000e+00 0.000000000000000000e+00 2.383311977609992027e-03 2.450369720463640988e-05 0.000000000000000000e+00 0.000000000000000000e+00
0.000000000000000000e+00 4.143428988754749298e-03 1.804285566322505474e-03 0.000000000000000000e+00 0.000000000000000000e+00 5.089650396257638931e-03 2.417596057057380676e-03 0.000000000000000000e+00 0.000000000000000000e+00 7.162397261708974838e-03 0.000000000000000000e+00
0.000000000000000000e+00 2.968077082186937332e-03 1.694771647453308105e-02 0.000000000000000000e+00 3.665769845247268677e-02 2.541730180382728577e-03 0.000000000000000000e+00 1.953757164301350713e-04 8.333904668688774109e-03 0.000000000000000000e+00 1.833621971309185028e-02
0.000000000000000000e+00 0.000000000000000000e+00 2.748488668657955714e-06 0.000000000000000000e+00 6.679860689473571256e-06 0.000000000000000000e+00 1.081354980669857468e-06 3.037832129848538898e-06 0.000000000000000000e+00 9.960717761714477092e-07 0.000000000000000000e+00
