0.000000000000000000e+00 1.787382178008556366e-03 0.000000000000000000e+00 0.000000000000000000e+00 0.000000000000000000e+00 0.000000000000000000e+00 0.000000000000000000e+00 7.894383743405342102e-03 4.076986107975244522e-03 0.000000000000000000e+00 0.000000000000000000e+00
1.481471210718154907e-02 0.000000000000000000e+00 0.000000000000000000e+00 0.000000000000000000e+00 0.000000000000000000e+00 0.000000000000000000e+00 2.113757189363241196e-03 1.337113673798739910e-03 2.107230480760335922e-03 0.000000000000000000e+00 0.000000000000000000e+00
2.121066674590110779e-03 0.000000000000000000e+00 0.000000000000000000e+00 0.000000000000000000e+00 6.141080986708402634e-03 6.042994093149900436e-03 7.355004083365201950e-03 0.000000000000000000e+00 5.187586648389697075e-04 5.146782379597425461e-03 0.000000000000000000e+00
1.252819411456584930e-02 0.000000000000000000e+00 0.000000000000000000e+00 0.000000000000000000e+00 6.703170016407966614e-03 0.000000000000000000e+00 0.000000000000000000e+00 4.094115924090147018e-03 0.000000000000000000e+00 0.000000000000000000e+00 0.000000000000000000e+00
3.867135819746181369e-05 1.095381740015000105e-04 2.220828318968415260e-04 1.404320028086658567e-05 0.000000000000000000e+00 7.483844092348590493e-05 6.077744546928443015e-05 0.000000000000000000e+00 1.295308029511943460e-04 2.035591751337051392e-04 7.020454504527151585e-04
0.000000000000000000e+00 0.000000000000000000e+00 0.000000000000000000e+00 0.000000000000000000e+00 0.000000000000000000e+00 0.000000000000000000e+00 0.000000000000000000e+00 0.000000000000000000e+00 0.000000000000000000e+00 0.000000000000000000e+00 1.734723475976807094e-18
4.452045541256666183e-03 4.497257061302661896e-03 0.000000000000000000e+00 0.000000000000000000e+00 0.000000000000000000e+00 9.327346924692392349e-04 0.000000000000000000e+00 0.000000000000000000e+00 1.376149011775851250e-03 1.323512569069862366e-02 5.492066498845815659e-03
0.000000000000000000e+00 0.000000000000000000e+00 0.000000000000000000e+00 0.000000000000000000e+00 0.000000000000000000e+00 3.551760921254754066e-03 0.000000000000000000e+00 0.000000000000000000e+00 3.395105944946408272e-03 2.373032504692673683e-03 0.000000000000000000e+00
0.000000000000000000e+00 6.251152604818344116e-03 6.468706851592287421e-05 0.000000000000000000e+00 0.000000000000000000e+00 1.737075857818126678e-03 0.000000000000000000e+00 0.000000000000000000e+00 0.000000000000000000e+00 1.216775178909301758e-02 7.553249131888151169e-03
8.455111645162105560e-03 8.621414192020893097e-03 9.346980601549148560e-03 0.000000000000000000e+00 4.721549525856971741e-02 0.000000000000000000e+00 0.000000000000000000e+00 1.482012332417070866e-03 0.000000000000000000e+00 0.000000000000000000e+00 1.124007906764745712e-02
0.000000000000000000e+00 0.000000000000000000e+00 2.380342721153283492e-06 0.000000000000000000e+00 8.419769073952920735e-06 0.000000000000000000e+00 3.397143018446513452e-06 3.085707248828839511e-06 0.000000000000000000e+00 2.887292112063732930e-06 0.000000000000000000e+00
