0.000000000000000000e+00 0.000000000000000000e+00 4.130803048610687256e-03 0.000000000000000000e+00 0.000000000000000000e+00 0.000000000000000000e+00 7.485668640583753586e-03 8.977674879133701324e-03 5.246209329925477505e-04 0.000000000000000000e+00 0.000000000000000000e+00
0.000000000000000000e+00 0.000000000000000000e+00 6.065204739570617676e-03 3.622602962423115969e-04 3.141855588182806969e-03 3.766099456697702408e-03 0.000000000000000000e+00 0.000000000000000000e+00 0.000000000000000000e+00 0.000000000000000000e+00 0.000000000000000000e+00
1.311669242568314075e-03 0.000000000000000000e+00 0.000000000000000000e+00 0.000000000000000000e+00 0.000000000000000000e+00 3.142323577776551247e-03 0.000000000000000000e+00 3.478643717244267464e-03 0.000000000000000000e+00 6.232468876987695694e-03 4.701352736447006464e-04
3.069426398724317551e-03 0.000000000000000000e+00 3.594703506678342819e-03 0.000000000000000000e+00 2.030154224485158920e-03 0.000000000000000000e+00 6.205360870808362961e-03 5.674299784004688263e-03 0.000000000000000000e+00 0.000000000000000000e+00 0.000000000000000000e+00
0.000000000000000000e+00 1.297523267567157745e-04 3.624145028879866004e-05 1.116358907893300056e-04 0.000000000000000000e+00 4.532943057711236179e-05 1.431586570106446743e-04 7.198592356871813536e-05 4.005174560006707907e-05 1.018241382553242147e-04 3.304392157588154078e-04
0.000000000000000000e+00 2.508179750293493271e-03 3.375330474227666855e-03 2.209905767813324928e-03 0.000000000000000000e+00 3.073261864483356476e-02 2.833410166203975677e-03 0.000000000000000000e+00 0.000000000000000000e+00 1.178481150418519974e-02 3.947151452302932739e-02
0.000000000000000000e+00 0.000000000000000000e+00 0.000000000000000000e+00 6.005863659083843231e-03 1.230308320373296738e-03 6.135293282568454742e-03 0.000000000000000000e+00 2.490978455170989037e-03 1.839800388552248478e-03 5.176591221243143082e-03 7.476497907191514969e-03
0.000000000000000000e+00 2.902557607740163803e-03 0.000000000000000000e+00 0.000000000000000000e+00 0.000000000000000000e+00 0.000000000000000000e+00 0.000000000000000000e+00 0.000000000000000000e+00 0.000000000000000000e+00 0.000000000000000000e+00 1.515731913968920708e-03
0.000000000000000000e+00 1.509168534539639950e-03 0.000000000000000000e+00 2.834406681358814240e-03 1.987444004043936729e-03 0.000000000000000000e+00 0.000000000000000000e+00 1.455883728340268135e-03 5.258554592728614807e-04 0.000000000000000000e+00 3.400593297556042671e-03
0.000000000000000000e+00 0.000000000000000000e+00 6.709096282975224312e-07 0.000000000000000000e+00 2.592571718196268193e-06 0.000000000000000000e+00 0.000000000000000000e+00 0.000000000000000000e+00 3.010549392001848901e-07 0.000000000000000000e+00 8.982397616819071118e-07
0.000000000000000000e+00 0.000000000000000000e+00 2.368733476032502949e-07 0.000000000000000000e+00 4.123067810724023730e-06 0.000000000000000000e+00 0.000000000000000000e+00 1.977599140445818193e-06 0.000000000000000000e+00 1.010298660730768461e-06 0.000000000000000000e+00
