0.000000000000000000e+00 0.000000000000000000e+00 0.000000000000000000e+00 0.000000000000000000e+00 0.000000000000000000e+00 0.000000000000000000e+00 0.000000000000000000e+00 5.182009655982255936e-03 0.000000000000000000e+00 0.000000000000000000e+00 0.000000000000000000e+00
1.005197223275899887e-02 0.000000000000000000e+00 3.557123476639389992e-03 0.000000000000000000e+00 0.000000000000000000e+00 0.000000000000000000e+00 2.029275288805365562e-03 0.000000000000000000e+00 4.417698364704847336e-03 0.000000000000000000e+00 0.000000000000000000e+00
0.000000000000000000e+00 1.401510275900363922e-02 2.041392493993043900e-03 0.000000000000000000e+00 0.000000000000000000e+00 2.238644519820809364e-03 3.029473300557583570e-04 0.000000000000000000e+00 2.963621867820620537e-03 1.221571490168571472e-02 6.394606549292802811e-03
1.421541557647287846e-03 0.000000000000000000e+00 0.000000000000000000e+00 7.764768088236451149e-04 4.281245637685060501e-03 0.000000000000000000e+00 0.000000000000000000e+00 8.695324882864952087e-03 0.000000000000000000e+00 0.000000000000000000e+00 0.000000000000000000e+00
7.072551670717075467e-05 1.667915785219520330e-04 1.063612289726734161e-04 1.215894444612786174e-04 0.000000000000000000e+00 2.338500416954047978e-05 9.360747935716062784e-05 3.864458267344161868e-05 1.167186637758277357e-04 1.522339880466461182e-04 5.163904279470443726e-04
0.000000000000000000e+00 0.000000000000000000e+00 0.000000000000000000e+00 0.000000000000000000e+00 0.000000000000000000e+00 8.146763138938695192e-05 0.000000000000000000e+00 0.000000000000000000e+00 0.000000000000000000e+00 0.000000000000000000e+00 0.000000000000000000e+00
5.092708859592676163e-03 1.399321015924215317e-03 0.000000000000000000e+00 8.289429359138011932e-03 0.000000000000000000e+00 0.000000000000000000e+00 4.443096462637186050e-03 7.835330441594123840e-03 5.506679415702819824e-03 3.592194290831685066e-03 1.142318919301033020e-02
0.000000000000000000e+00 5.930736660957336426e-03 4.874139092862606049e-03 0.000000000000000000e+00 0.000000000000000000e+00 0.000000000000000000e+00 0.000000000000000000e+00 0.000000000000000000e+00 9.403749369084835052e-03 0.000000000000000000e+00 8.361135609447956085e-03
0.000000000000000000e+00 0.000000000000000000e+00 0.000000000000000000e+00 0.000000000000000000e+00 0.000000000000000000e+00 3.639387432485818863e-03 6.526380777359008789e-03 0.000000000000000000e+00 7.238241378217935562e-04 1.928888494148850441e-03 3.025552025064826012e-03
1.457630377262830734e-02 0.000000000000000000e+00 6.314960774034261703e-03 0.000000000000000000e+00 4.511227086186408997e-02 1.379792927764356136e-03 0.000000000000000000e+00 0.000000000000000000e+00 0.000000000000000000e+00 0.000000000000000000e+00 1.462817937135696411e-02
0.000000000000000000e+00 0.000000000000000000e+00 2.720825932556181215e-06 0.000000000000000000e+00 7.071368600009009242e-06 0.000000000000000000e+00 1.466390699533803854e-06 1.196977109430008568e-06 0.000000000000000000e+00 1.362348712063976564e-06 0.000000000000000000e+00
