1.208119283546693623e-05 3.055141639709472656e+01 1.750091857910156250e+02 0.000000000000000000e+00 0.000000000000000000e+00 0.000000000000000000e+00 2.246309375000000000e+04 4.329789550781250000e+03 8.513056640625000000e+03 3.133370208740234375e+01 0.000000000000000000e+00
1.164508300781250000e+04 2.344444510526955128e-05 8.950851440429687500e+01 4.176908493041992188e+01 2.443351984024047852e+00 3.640199661254882812e+01 5.589146614074707031e+00 5.639275908470153809e-01 2.646003341674804688e+01 5.730887889862060547e+00 3.381966796875000000e+04
2.227069335937500000e+04 4.152481250000000000e+04 8.380123046875000000e+03 1.228341210937500000e+04 3.000929296875000000e+04 4.839053125000000000e+04 5.050177343750000000e+04 3.181562721729278564e-01 1.190167773437500000e+04 4.859955078125000000e+03 8.905191040039062500e+01
1.541430078125000000e+04 2.608860778808593750e+01 1.839759277343750000e+03 4.062850097656250000e+03 2.306543426513671875e+02 3.590478897094726562e+01 5.942680664062500000e+03 1.858083343505859375e+02 2.637621337890625000e+03 1.625825585937500000e+04 1.251192169189453125e+02
4.654694557189941406e+00 9.141887664794921875e+00 6.214115142822265625e+00 3.899923324584960938e+00 1.532291626915593952e-08 4.746088027954101562e+00 5.237593650817871094e+00 6.634172439575195312e+00 5.672424316406250000e+00 1.199904155731201172e+01 2.109699249267578125e+01
0.000000000000000000e+00 0.000000000000000000e+00 0.000000000000000000e+00 0.000000000000000000e+00 0.000000000000000000e+00 2.199838459491729736e-01 0.000000000000000000e+00 0.000000000000000000e+00 0.000000000000000000e+00 0.000000000000000000e+00 1.129483644035644829e-05
1.947852343750000000e+04 5.464144134521484375e+01 0.000000000000000000e+00 1.629338867187500000e+04 0.000000000000000000e+00 2.067989587783813477e+00 6.096605468750000000e+03 5.465655517578125000e+01 6.776852416992187500e+02 6.924713378906250000e+03 1.884274658203125000e+03
1.207364872097969055e-01 2.241158593750000000e+04 1.686889257812500000e+04 1.919959259033203125e+01 1.430240936279296875e+02 2.168676171875000000e+04 9.901894569396972656e+00 5.969571777343750000e+03 1.231901367187500000e+03 1.081586914062500000e+02 1.781186645507812500e+03
2.308855764567852020e-02 1.816596984863281250e+02 8.106695800781250000e+03 1.146783142089843750e+02 3.353815525770187378e-02 1.550263769531250000e+04 1.206496582031250000e+03 4.886836624145507812e+01 2.365501098632812500e+02 4.927430664062500000e+03 1.448500488281250000e+04
0.000000000000000000e+00 0.000000000000000000e+00 0.000000000000000000e+00 0.000000000000000000e+00 2.200214767456054688e+01 0.000000000000000000e+00 0.000000000000000000e+00 0.000000000000000000e+00 0.000000000000000000e+00 0.000000000000000000e+00 6.623568424402037635e-06
0.000000000000000000e+00 6.274609040701761842e-05 9.186094999313354492e-02 1.618526177480816841e-03 2.068100273609161377e-01 0.000000000000000000e+00 8.802548050880432129e-03 6.805634498596191406e-02 2.876677353924605995e-05 9.942175447940826416e-02 1.071227052307222039e-05
