0.000000000000000000e+00 0.000000000000000000e+00 0.000000000000000000e+00 0.000000000000000000e+00 0.000000000000000000e+00 0.000000000000000000e+00 0.000000000000000000e+00 5.046795587986707687e-03 3.083029529079794884e-03 0.000000000000000000e+00 0.000000000000000000e+00
1.159315649420022964e-02 0.000000000000000000e+00 3.371686441823840141e-03 0.000000000000000000e+00 1.211717491969466209e-03 0.000000000000000000e+00 2.035374520346522331e-03 1.789986621588468552e-03 0.000000000000000000e+00 0.000000000000000000e+00 0.000000000000000000e+00
0.000000000000000000e+00 3.369146725162863731e-04 0.000000000000000000e+00 0.000000000000000000e+00 0.000000000000000000e+00 3.322744974866509438e-03 1.186885591596364975e-02 0.000000000000000000e+00 3.863158053718507290e-04 3.373318759258836508e-04 0.000000000000000000e+00
1.304615009576082230e-02 1.380835892632603645e-04 0.000000000000000000e+00 5.808304995298385620e-03 1.509448885917663574e-02 0.000000000000000000e+00 7.681336719542741776e-04 7.330608088523149490e-03 0.000000000000000000e+00 0.000000000000000000e+00 0.000000000000000000e+00
2.091076748911291361e-04 3.900208394043147564e-04 3.471638483460992575e-04 1.157778242486529052e-04 0.000000000000000000e+00 2.518958353903144598e-04 1.341989700449630618e-04 0.000000000000000000e+00 1.086181437131017447e-04 3.757767844945192337e-04 8.287514210678637028e-04
0.000000000000000000e+00 0.000000000000000000e+00 0.000000000000000000e+00 0.000000000000000000e+00 0.000000000000000000e+00 2.458170056343078613e-04 0.000000000000000000e+00 0.000000000000000000e+00 0.000000000000000000e+00 0.000000000000000000e+00 0.000000000000000000e+00
6.810704246163368225e-03 6.312598474323749542e-03 0.000000000000000000e+00 3.290002234280109406e-03 0.000000000000000000e+00 7.425882387906312943e-03 2.107535721734166145e-03 1.941413735039532185e-03 2.583697438240051270e-03 1.713607087731361389e-02 4.146212711930274963e-03
0.000000000000000000e+00 0.000000000000000000e+00 0.000000000000000000e+00 0.000000000000000000e+00 1.295680413022637367e-03 6.352195050567388535e-03 1.112294732592999935e-03 1.031497376970946789e-03 6.698090583086013794e-03 0.000000000000000000e+00 0.000000000000000000e+00
0.000000000000000000e+00 2.272271376568824053e-04 0.000000000000000000e+00 3.199282335117459297e-03 0.000000000000000000e+00 0.000000000000000000e+00 5.073315929621458054e-03 0.000000000000000000e+00 0.000000000000000000e+00 3.980994690209627151e-03 1.777926110662519932e-03
6.292607635259628296e-03 3.991541918367147446e-03 4.288979806005954742e-03 0.000000000000000000e+00 4.762522876262664795e-02 0.000000000000000000e+00 3.386844182386994362e-04 1.091796322725713253e-03 1.060121506452560425e-02 0.000000000000000000e+00 1.196124404668807983e-02
0.000000000000000000e+00 0.000000000000000000e+00 5.226371740718604997e-06 1.351304831587185618e-06 6.818961082899477333e-06 0.000000000000000000e+00 3.009994543390348554e-06 2.410258957752375863e-06 1.156011308012239169e-06 2.276573923154501244e-06 0.000000000000000000e+00
