0.000000000000000000e+00 1.389393997192382812e+01 4.136464062500000000e+04 0.000000000000000000e+00 0.000000000000000000e+00 0.000000000000000000e+00 2.223738281250000000e+04 1.408396148681640625e+02 9.975462913513183594e+00 3.941775146484375000e+03 0.000000000000000000e+00
2.586643359375000000e+04 0.000000000000000000e+00 1.173983001708984375e+02 4.417093750000000000e+04 5.875629901885986328e+00 9.763665161132812500e+02 2.319401562500000000e+04 9.113288116455078125e+01 3.856275146484375000e+03 5.763305664062500000e+03 2.315342187500000000e+04
8.656304687500000000e+03 1.756234375000000000e+04 3.635711669921875000e+01 6.526416778564453125e+01 1.109421386718750000e+04 1.657086328125000000e+04 4.156024169921875000e+01 1.671977588557638228e-05 1.756371093750000000e+03 1.882266693115234375e+02 5.238858032226562500e+01
2.618360937500000000e+04 9.034967041015625000e+02 8.486864257812500000e+03 9.170835113525390625e+01 8.243500518798828125e+01 2.403324707031250000e+03 7.364915039062500000e+03 1.004231872558593750e+02 4.637654304504394531e+00 7.149616210937500000e+03 1.345951538085937500e+02
6.824921965599060059e-01 3.983420848846435547e+00 3.165214538574218750e+00 3.185247182846069336e-01 0.000000000000000000e+00 6.049479998182505369e-05 3.266684412956237793e-01 1.942472415976226330e-03 1.623724820092320442e-04 1.057794094085693359e+01 1.948975372314453125e+01
0.000000000000000000e+00 0.000000000000000000e+00 0.000000000000000000e+00 0.000000000000000000e+00 0.000000000000000000e+00 4.350091330707073212e-06 0.000000000000000000e+00 0.000000000000000000e+00 0.000000000000000000e+00 0.000000000000000000e+00 6.766402022018169760e-11
1.434043066406250000e+04 4.603337500000000000e+04 3.722998352050781250e+02 2.686335546875000000e+04 9.577000000000000000e+03 5.671323394775390625e+01 4.408531738281250000e+03 8.611001968383789062e+00 2.536183166503906250e+01 1.058650360107421875e+02 1.343809936523437500e+03
2.743773460388183594e+00 3.310869140625000000e+04 2.471251757812500000e+04 2.849891853332519531e+01 5.019773483276367188e+01 1.358139550781250000e+04 1.025574218750000000e+04 1.189519628906250000e+04 2.913738281250000000e+04 2.459470367431640625e+02 5.547904586791992188e+01
0.000000000000000000e+00 1.846249414062500000e+04 8.453945159912109375e+01 2.705432812500000000e+04 1.600215196609497070e+00 1.592313476562500000e+04 1.173704528808593750e+02 1.228534698486328125e+01 8.766423797607421875e+01 2.034976562500000000e+04 1.879825210571289062e+01
0.000000000000000000e+00 0.000000000000000000e+00 0.000000000000000000e+00 0.000000000000000000e+00 1.290212345123291016e+01 0.000000000000000000e+00 0.000000000000000000e+00 0.000000000000000000e+00 2.907254383899271488e-04 0.000000000000000000e+00 1.791056129150092602e-04
0.000000000000000000e+00 8.599020540714263916e-03 9.152083098888397217e-02 8.160022553056478500e-04 1.884530931711196899e-01 0.000000000000000000e+00 3.307761624455451965e-03 4.945630580186843872e-02 3.741568326950073242e-02 5.650153756141662598e-02 0.000000000000000000e+00
