4.001400470733642578e+00 4.148981857299804688e+01 4.697896957397460938e+01 8.929866790771484375e+00 6.826104521751403809e-01 8.975141644477844238e-01 5.262571716308593750e+01 5.200386428833007812e+01 4.755488586425781250e+01 3.222428894042968750e+01 8.872317075729370117e-01
3.419400390625000000e+03 0.000000000000000000e+00 7.147282031250000000e+04 1.208978593750000000e+05 1.060846541076898575e-02 9.780146181583404541e-02 2.799049804687500000e+04 8.593357421875000000e+03 9.960606384277343750e+01 2.289229202270507812e+01 1.367049218750000000e+05
3.804322265625000000e+04 1.203973144531250000e+03 1.045378320312500000e+04 2.606756835937500000e+04 3.075044140625000000e+04 3.442685058593750000e+03 2.379814062500000000e+04 1.219160351562500000e+04 8.236014842987060547e-01 5.298684375000000000e+04 8.213898539543151855e-01
5.099792578125000000e+04 0.000000000000000000e+00 1.968384861946105957e+00 4.592467880249023438e+01 5.757430419921875000e+02 2.376622656250000000e+04 9.001490625000000000e+04 2.707112890625000000e+04 2.473811187744140625e+02 3.210376953125000000e+04 9.332836914062500000e+01
1.430540561676025391e+01 7.850507354736328125e+01 3.981850051879882812e+01 3.919355010986328125e+01 0.000000000000000000e+00 2.988572311401367188e+01 2.856301879882812500e+01 3.251100158691406250e+01 2.196333312988281250e+01 7.988584899902343750e+01 1.722402496337890625e+02
0.000000000000000000e+00 0.000000000000000000e+00 0.000000000000000000e+00 0.000000000000000000e+00 0.000000000000000000e+00 5.676319779013283551e-05 0.000000000000000000e+00 0.000000000000000000e+00 0.000000000000000000e+00 0.000000000000000000e+00 2.509566116333007812e+01
3.928364746093750000e+03 3.007110351562500000e+04 0.000000000000000000e+00 1.943476757812500000e+04 0.000000000000000000e+00 5.948507812500000000e+03 1.255184765625000000e+04 6.911431274414062500e+02 8.515293945312500000e+03 1.600129394531250000e+04 9.336965332031250000e+02
4.614209458964069199e-08 1.188986328125000000e+04 4.521632031250000000e+04 1.080980682373046875e+01 1.150405654907226562e+02 2.242983341217041016e+00 2.546739062500000000e+04 3.002907421875000000e+04 5.458468017578125000e+02 1.099333789062500000e+04 2.416598052978515625e+02
6.825357666015625000e+02 3.901389062500000000e+04 3.576854296875000000e+04 5.223442968750000000e+04 1.040602832031250000e+04 1.258313867187500000e+04 2.591176562500000000e+04 2.383515625000000000e+04 1.846323632812500000e+04 5.084478515625000000e+04 1.043140014648437500e+03
1.740491485595703125e+01 0.000000000000000000e+00 1.619715499877929688e+01 0.000000000000000000e+00 2.742696679687500000e+04 1.740024185180664062e+01 0.000000000000000000e+00 0.000000000000000000e+00 0.000000000000000000e+00 0.000000000000000000e+00 2.351533447265625000e+03
0.000000000000000000e+00 3.413715213537216187e-02 8.182969093322753906e-01 1.192287951707839966e-01 1.420159816741943359e+00 0.000000000000000000e+00 1.613735854625701904e-01 5.201662182807922363e-01 2.673445502296090126e-03 4.507904052734375000e-01 7.412460831801581662e-07
