0.000000000000000000e+00 2.435329137369990349e-03 0.000000000000000000e+00 0.000000000000000000e+00 0.000000000000000000e+00 0.000000000000000000e+00 8.352921344339847565e-03 1.358846854418516159e-02 0.000000000000000000e+00 0.000000000000000000e+00 0.000000000000000000e+00
1.337710581719875336e-02 0.000000000000000000e+00 3.664573596324771643e-04 7.540929131209850311e-03 0.000000000000000000e+00 0.000000000000000000e+00 0.000000000000000000e+00 0.000000000000000000e+00 7.055386900901794434e-03 0.000000000000000000e+00 0.000000000000000000e+00
0.000000000000000000e+00 1.308896206319332123e-02 6.617010221816599369e-04 0.000000000000000000e+00 1.677275751717388630e-03 2.909898990765213966e-03 4.697194788604974747e-03 0.000000000000000000e+00 4.857239313423633575e-03 5.454476922750473022e-03 0.000000000000000000e+00
7.781318388879299164e-03 0.000000000000000000e+00 0.000000000000000000e+00 4.789834376424551010e-03 6.978737190365791321e-03 0.000000000000000000e+00 0.000000000000000000e+00 1.436964329332113266e-02 0.000000000000000000e+00 4.358069971203804016e-03 0.000000000000000000e+00
8.975069795269519091e-05 2.619387232698500156e-04 5.823533865623176098e-05 1.625089789740741253e-04 0.000000000000000000e+00 1.849567197496071458e-04 0.000000000000000000e+00 1.055882676155306399e-04 1.861154123616870493e-05 2.184842160204425454e-04 5.140574066899716854e-04
0.000000000000000000e+00 0.000000000000000000e+00 0.000000000000000000e+00 0.000000000000000000e+00 0.000000000000000000e+00 5.515704862773418427e-03 0.000000000000000000e+00 0.000000000000000000e+00 0.000000000000000000e+00 0.000000000000000000e+00 0.000000000000000000e+00
1.977587863802909851e-02 0.000000000000000000e+00 3.083162009716033936e-04 1.523848855867981911e-03 0.000000000000000000e+00 1.043605897575616837e-02 0.000000000000000000e+00 8.656100369989871979e-03 8.905636146664619446e-03 8.743214420974254608e-03 8.479462936520576477e-03
0.000000000000000000e+00 2.073773212032392621e-04 3.381160087883472443e-03 0.000000000000000000e+00 0.000000000000000000e+00 0.000000000000000000e+00 3.165948437526822090e-03 0.000000000000000000e+00 1.332053728401660919e-02 0.000000000000000000e+00 4.002918954938650131e-03
0.000000000000000000e+00 1.199185033328831196e-03 0.000000000000000000e+00 2.040811581537127495e-03 2.916546538472175598e-03 0.000000000000000000e+00 2.184172859415411949e-03 4.045793903060257435e-04 0.000000000000000000e+00 7.132772821933031082e-03 1.891352236270904541e-03
1.304371468722820282e-02 0.000000000000000000e+00 1.243452169001102448e-02 0.000000000000000000e+00 3.809335082769393921e-02 5.849565844982862473e-03 0.000000000000000000e+00 0.000000000000000000e+00 5.238614045083522797e-03 0.000000000000000000e+00 8.767069317400455475e-03
0.000000000000000000e+00 1.336186187472776510e-06 5.079076345282373950e-06 0.000000000000000000e+00 9.051248525793198496e-06 0.000000000000000000e+00 2.587280050647677854e-06 2.873907305911416188e-06 7.793901204422581941e-07 8.859994409249338787e-07 0.000000000000000000e+00
