0.000000000000000000e+00 0.000000000000000000e+00 0.000000000000000000e+00 0.000000000000000000e+00 0.000000000000000000e+00 0.000000000000000000e+00 7.386585697531700134e-03 6.673006806522607803e-03 0.000000000000000000e+00 0.000000000000000000e+00 0.000000000000000000e+00
4.764001350849866867e-03 0.000000000000000000e+00 0.000000000000000000e+00 2.210269914939999580e-03 1.349783129990100861e-02 0.000000000000000000e+00 2.694464288651943207e-03 0.000000000000000000e+00 7.045948295854032040e-04 0.000000000000000000e+00 0.000000000000000000e+00
0.000000000000000000e+00 1.413417048752307892e-02 7.191683165729045868e-03 0.000000000000000000e+00 0.000000000000000000e+00 7.659103255718946457e-03 2.993964590132236481e-03 0.000000000000000000e+00 3.856398863717913628e-03 3.210365539416670799e-03 0.000000000000000000e+00
4.129798151552677155e-03 0.000000000000000000e+00 9.279118385165929794e-04 4.153876099735498428e-03 6.091004703193902969e-03 1.254623988643288612e-03 0.000000000000000000e+00 3.553525079041719437e-03 0.000000000000000000e+00 1.428770483471453190e-03 0.000000000000000000e+00
0.000000000000000000e+00 2.745580859482288361e-04 4.634396827896125615e-05 4.751461674459278584e-04 0.000000000000000000e+00 3.598065814003348351e-04 2.216922439401969314e-04 1.624276192160323262e-04 1.218095785588957369e-04 4.170319880358874798e-04 7.067297701723873615e-04
0.000000000000000000e+00 0.000000000000000000e+00 0.000000000000000000e+00 0.000000000000000000e+00 0.000000000000000000e+00 2.547299023717641830e-03 0.000000000000000000e+00 0.000000000000000000e+00 0.000000000000000000e+00 0.000000000000000000e+00 0.000000000000000000e+00
6.958872545510530472e-03 6.032585515640676022e-04 6.123582366853952408e-03 0.000000000000000000e+00 0.000000000000000000e+00 1.141943596303462982e-02 1.008247956633567810e-02 9.778399951756000519e-03 8.138949051499366760e-03 1.629150472581386566e-02 1.514466479420661926e-02
0.000000000000000000e+00 9.495317935943603516e-04 0.000000000000000000e+00 2.760763978585600853e-03 6.761846132576465607e-03 0.000000000000000000e+00 0.000000000000000000e+00 0.000000000000000000e+00 9.261963889002799988e-03 0.000000000000000000e+00 0.000000000000000000e+00
4.958691075444221497e-03 1.792576047591865063e-03 0.000000000000000000e+00 0.000000000000000000e+00 4.927038215100765228e-03 8.589528733864426613e-04 0.000000000000000000e+00 3.185792593285441399e-03 0.000000000000000000e+00 0.000000000000000000e+00 3.684443421661853790e-03
1.413231901824474335e-02 8.769613923504948616e-04 5.255370866507291794e-03 0.000000000000000000e+00 3.895374760031700134e-02 0.000000000000000000e+00 0.000000000000000000e+00 0.000000000000000000e+00 8.633633144199848175e-03 0.000000000000000000e+00 9.205231443047523499e-03
0.000000000000000000e+00 3.536730218911543489e-06 7.622300472576171160e-06 6.895915589666401502e-07 9.569532267050817609e-06 0.000000000000000000e+00 3.595351017793291248e-06 4.849852757615735754e-06 4.039259238197701052e-07 1.765137426446017344e-06 0.000000000000000000e+00
