0.000000000000000000e+00 0.000000000000000000e+00 0.000000000000000000e+00 0.000000000000000000e+00 0.000000000000000000e+00 0.000000000000000000e+00 3.777580102905631065e-03 3.489561277092434466e-05 1.146859209984540939e-02 9.517513099126517773e-04 0.000000000000000000e+00
1.008606143295764923e-02 0.000000000000000000e+00 1.948207733221352100e-03 4.725371953099966049e-03 0.000000000000000000e+00 0.000000000000000000e+00 0.000000000000000000e+00 0.000000000000000000e+00 2.614922588691115379e-03 0.000000000000000000e+00 0.000000000000000000e+00
6.259957328438758850e-03 7.415359839797019958e-03 0.000000000000000000e+00 0.000000000000000000e+00 0.000000000000000000e+00 5.768712144345045090e-03 3.898064023815095425e-04 0.000000000000000000e+00 3.686704905703663826e-03 1.633226871490478516e-03 1.680980203673243523e-03
1.416219631209969521e-03 0.000000000000000000e+00 0.000000000000000000e+00 3.889235667884349823e-03 8.172110654413700104e-03 5.480329040437936783e-03 0.000000000000000000e+00 8.017004467546939850e-03 0.000000000000000000e+00 4.730353131890296936e-03 0.000000000000000000e+00
1.164124769275076687e-04 2.169925865018740296e-04 7.701328286202624440e-05 1.452527794754132628e-04 0.000000000000000000e+00 1.072559898602776229e-04 9.857502300292253494e-05 1.176417063106782734e-04 6.846096948720514774e-05 1.082729504560120404e-04 3.470102383289486170e-04
0.000000000000000000e+00 0.000000000000000000e+00 0.000000000000000000e+00 0.000000000000000000e+00 0.000000000000000000e+00 0.000000000000000000e+00 0.000000000000000000e+00 0.000000000000000000e+00 0.000000000000000000e+00 0.000000000000000000e+00 0.000000000000000000e+00
2.500213449820876122e-03 0.000000000000000000e+00 0.000000000000000000e+00 3.801803337410092354e-03 0.000000000000000000e+00 3.165779402479529381e-03 4.712351597845554352e-03 3.594593144953250885e-03 1.461135782301425934e-02 7.682858500629663467e-03 3.704706439748406410e-03
0.000000000000000000e+00 0.000000000000000000e+00 0.000000000000000000e+00 0.000000000000000000e+00 0.000000000000000000e+00 0.000000000000000000e+00 6.911280215717852116e-04 0.000000000000000000e+00 1.073399186134338379e-02 1.049764105118811131e-03 0.000000000000000000e+00
0.000000000000000000e+00 1.725804759189486504e-03 3.703042166307568550e-03 8.517088717781007290e-04 1.426844624802470207e-03 0.000000000000000000e+00 0.000000000000000000e+00 0.000000000000000000e+00 0.000000000000000000e+00 2.831339952535927296e-04 3.232927527278661728e-03
5.330560263246297836e-03 2.014593454077839851e-03 4.181746859103441238e-03 0.000000000000000000e+00 2.976021170616149902e-02 0.000000000000000000e+00 0.000000000000000000e+00 0.000000000000000000e+00 3.770100418478250504e-03 0.000000000000000000e+00 6.662324536591768265e-03
0.000000000000000000e+00 0.000000000000000000e+00 4.316604190535144880e-06 0.000000000000000000e+00 4.747457296616630629e-06 0.000000000000000000e+00 1.963805061677703634e-06 0.000000000000000000e+00 0.000000000000000000e+00 3.183681371865532128e-07 0.000000000000000000e+00
