0.000000000000000000e+00 6.461162702180445194e-04 3.117046086117625237e-03 0.000000000000000000e+00 0.000000000000000000e+00 0.000000000000000000e+00 2.814400475472211838e-03 7.682784926146268845e-04 2.753435401245951653e-04 0.000000000000000000e+00 0.000000000000000000e+00
3.522875020280480385e-03 0.000000000000000000e+00 8.134857052937150002e-04 1.280453288927674294e-03 0.000000000000000000e+00 0.000000000000000000e+00 0.000000000000000000e+00 0.000000000000000000e+00 0.000000000000000000e+00 0.000000000000000000e+00 0.000000000000000000e+00
7.715973188169300556e-04 0.000000000000000000e+00 2.011658623814582825e-03 0.000000000000000000e+00 0.000000000000000000e+00 0.000000000000000000e+00 1.958627020940184593e-03 0.000000000000000000e+00 0.000000000000000000e+00 3.297230694442987442e-03 5.558195989578962326e-04
2.215564949437975883e-03 0.000000000000000000e+00 0.000000000000000000e+00 0.000000000000000000e+00 1.399118686094880104e-03 0.000000000000000000e+00 2.291129436343908310e-03 2.535748062655329704e-03 1.351641723886132240e-03 1.548540079966187477e-03 0.000000000000000000e+00
6.428376764233689755e-06 1.190356924780644476e-04 9.319565288024023175e-05 1.138877123594284058e-04 0.000000000000000000e+00 1.486205583205446601e-04 1.248847402166575193e-04 7.198760431492701173e-05 1.167264053947292268e-04 1.224364532390609384e-04 2.606116177048534155e-04
0.000000000000000000e+00 0.000000000000000000e+00 5.114760249853134155e-03 0.000000000000000000e+00 0.000000000000000000e+00 1.377146225422620773e-02 2.166020683944225311e-03 0.000000000000000000e+00 0.000000000000000000e+00 4.128210712224245071e-03 1.784982718527317047e-02
4.178008995950222015e-03 0.000000000000000000e+00 0.000000000000000000e+00 7.133544422686100006e-04 0.000000000000000000e+00 5.315566901117563248e-03 0.000000000000000000e+00 0.000000000000000000e+00 3.502416191622614861e-03 3.758972277864813805e-03 1.758625148795545101e-03
0.000000000000000000e+00 0.000000000000000000e+00 0.000000000000000000e+00 0.000000000000000000e+00 0.000000000000000000e+00 0.000000000000000000e+00 2.853093319572508335e-04 0.000000000000000000e+00 2.400946803390979767e-03 0.000000000000000000e+00 4.631476476788520813e-04
0.000000000000000000e+00 1.712623343337327242e-04 0.000000000000000000e+00 3.738030500244349241e-04 0.000000000000000000e+00 0.000000000000000000e+00 0.000000000000000000e+00 1.062161754816770554e-03 0.000000000000000000e+00 0.000000000000000000e+00 2.443038625642657280e-03
2.501612994819879532e-03 4.567338328342884779e-04 4.519697278738021851e-03 0.000000000000000000e+00 1.326589193195104599e-02 0.000000000000000000e+00 0.000000000000000000e+00 0.000000000000000000e+00 3.779876744374632835e-03 0.000000000000000000e+00 4.987841472029685974e-03
0.000000000000000000e+00 1.142829333389272506e-07 2.194917442466248758e-06 7.445765390912129078e-07 3.470689080131705850e-06 0.000000000000000000e+00 1.778633873072976712e-06 2.476748932167538442e-06 0.000000000000000000e+00 3.086512606387259439e-06 0.000000000000000000e+00
