0.000000000000000000e+00 0.000000000000000000e+00 9.112504310905933380e-03 0.000000000000000000e+00 0.000000000000000000e+00 0.000000000000000000e+00 6.262073758989572525e-03 0.000000000000000000e+00 0.000000000000000000e+00 0.000000000000000000e+00 0.000000000000000000e+00
4.633727017790079117e-03 0.000000000000000000e+00 9.993570856750011444e-03 8.858947083353996277e-03 0.000000000000000000e+00 0.000000000000000000e+00 7.377654314041137695e-03 0.000000000000000000e+00 0.000000000000000000e+00 0.000000000000000000e+00 5.857155658304691315e-03
0.000000000000000000e+00 3.206934779882431030e-03 0.000000000000000000e+00 4.670503083616495132e-03 0.000000000000000000e+00 0.000000000000000000e+00 0.000000000000000000e+00 0.000000000000000000e+00 0.000000000000000000e+00 1.337633002549409866e-03 0.000000000000000000e+00
1.200948376208543777e-02 8.291489444673061371e-03 0.000000000000000000e+00 2.904379041865468025e-03 0.000000000000000000e+00 1.049783360213041306e-02 8.463479578495025635e-03 9.487339295446872711e-03 2.342245075851678848e-03 0.000000000000000000e+00 0.000000000000000000e+00
0.000000000000000000e+00 1.293488458031788468e-04 2.736778988037258387e-04 1.133529440267011523e-04 0.000000000000000000e+00 9.726168354973196983e-05 1.205039443448185921e-04 4.036324389744549990e-05 1.187603120342828333e-04 2.486783487256616354e-04 4.556939820758998394e-04
0.000000000000000000e+00 0.000000000000000000e+00 0.000000000000000000e+00 0.000000000000000000e+00 0.000000000000000000e+00 0.000000000000000000e+00 0.000000000000000000e+00 0.000000000000000000e+00 0.000000000000000000e+00 0.000000000000000000e+00 0.000000000000000000e+00
3.960296977311372757e-03 1.130203064531087875e-02 0.000000000000000000e+00 7.057790644466876984e-03 3.998276777565479279e-03 6.489939521998167038e-03 6.097225937992334366e-03 0.000000000000000000e+00 1.188029535114765167e-02 7.138785440474748611e-03 3.363571129739284515e-03
0.000000000000000000e+00 0.000000000000000000e+00 0.000000000000000000e+00 0.000000000000000000e+00 0.000000000000000000e+00 0.000000000000000000e+00 0.000000000000000000e+00 3.457483544480055571e-04 0.000000000000000000e+00 0.000000000000000000e+00 2.461465774103999138e-03
0.000000000000000000e+00 4.957477096468210220e-03 1.082183420658111572e-02 0.000000000000000000e+00 5.414329352788627148e-04 3.061927855014801025e-04 0.000000000000000000e+00 9.885890409350395203e-03 0.000000000000000000e+00 0.000000000000000000e+00 0.000000000000000000e+00
7.150326273404061794e-04 3.375841071829199791e-03 1.445289608091115952e-02 0.000000000000000000e+00 3.242720663547515869e-02 0.000000000000000000e+00 0.000000000000000000e+00 0.000000000000000000e+00 1.556892599910497665e-02 0.000000000000000000e+00 1.200116146355867386e-02
0.000000000000000000e+00 0.000000000000000000e+00 2.851687213478726335e-06 1.741037976898951456e-06 5.032444732933072373e-06 0.000000000000000000e+00 1.170021164398349356e-06 2.881736236304277554e-06 1.278329818887868896e-06 3.479945007711648941e-06 0.000000000000000000e+00
