0.000000000000000000e+00 5.043786621093750000e+02 9.388263671875000000e+03 0.000000000000000000e+00 0.000000000000000000e+00 0.000000000000000000e+00 3.487447509765625000e+02 4.563238281250000000e+03 2.599349365234375000e+02 6.537756347656250000e+01 0.000000000000000000e+00
2.089142187500000000e+04 1.901772920973598957e-04 6.651367187500000000e+01 1.374688720703125000e+02 8.440026367187500000e+03 4.334235763549804688e+01 1.919528515625000000e+04 1.983750581741333008e+00 3.426540374755859375e+01 7.652887207031250000e+03 7.472629394531250000e+03
1.223507537841796875e+02 3.467572265625000000e+04 1.343750666293885843e-09 1.188626855468750000e+04 3.486973828125000000e+04 2.626669335937500000e+04 6.973128125000000000e+04 2.349640369415283203e+00 2.903892187500000000e+04 4.131441796875000000e+04 7.678899765014648438e-01
2.247432031250000000e+04 2.144064062500000000e+04 9.160555664062500000e+03 1.200213928222656250e+02 9.096068115234375000e+02 1.870321807861328125e+02 1.102269531250000000e+04 2.071230078125000000e+04 1.785856445312500000e+04 6.934523437500000000e+03 1.362746143341064453e+01
5.718520164489746094e+00 1.573989963531494141e+01 9.924988746643066406e+00 5.827916145324707031e+00 5.212010592003935017e-07 7.159223556518554688e+00 6.657334804534912109e+00 5.848582267761230469e+00 3.409727096557617188e+00 1.277544689178466797e+01 2.869738006591796875e+01
0.000000000000000000e+00 0.000000000000000000e+00 0.000000000000000000e+00 0.000000000000000000e+00 0.000000000000000000e+00 7.542780804214999080e-05 0.000000000000000000e+00 0.000000000000000000e+00 0.000000000000000000e+00 0.000000000000000000e+00 3.103068468846004180e-09
1.034329687500000000e+05 7.436715625000000000e+04 0.000000000000000000e+00 7.821035937500000000e+04 0.000000000000000000e+00 5.057503125000000000e+04 5.642881774902343750e+01 4.579306250000000000e+04 1.198643798828125000e+03 1.215105468750000000e+05 3.365427734375000000e+04
0.000000000000000000e+00 1.605571484375000000e+04 7.319161987304687500e+01 1.011525682770297863e-06 3.642606640625000000e+04 4.659930078125000000e+04 1.118900895118713379e+00 1.652696228027343750e+02 3.321422656250000000e+04 3.044580936431884766e+00 6.912490367889404297e+00
0.000000000000000000e+00 6.638558959960937500e+01 2.769987792968750000e+02 1.537963867187500000e+03 7.544850158691406250e+01 3.665486526489257812e+01 1.690405468750000000e+04 1.364407539367675781e+01 2.003018493652343750e+02 7.682843261718750000e+03 4.067459106445312500e+02
0.000000000000000000e+00 0.000000000000000000e+00 0.000000000000000000e+00 0.000000000000000000e+00 2.379606819152832031e+01 0.000000000000000000e+00 0.000000000000000000e+00 0.000000000000000000e+00 0.000000000000000000e+00 0.000000000000000000e+00 0.000000000000000000e+00
0.000000000000000000e+00 1.425756579465087270e-07 9.204031527042388916e-02 8.585514733567833900e-04 2.331884801387786865e-01 0.000000000000000000e+00 3.497242182493209839e-02 5.569002777338027954e-02 2.123217098414897919e-03 7.128591090440750122e-02 3.591545919334748760e-06
