0.000000000000000000e+00 2.384933948516845703e+00 5.188362792968750000e+03 0.000000000000000000e+00 0.000000000000000000e+00 0.000000000000000000e+00 1.265292968750000000e+02 3.167391015625000000e+04 4.081249237060546875e+01 4.894504165649414062e+01 0.000000000000000000e+00
6.494889843750000000e+04 0.000000000000000000e+00 1.489225463867187500e+02 1.476430892944335938e+01 6.948581695556640625e+00 3.759033593750000000e+04 1.627420703125000000e+04 2.062262890625000000e+04 9.682693481445312500e-01 9.093545959331095219e-04 1.684233398437500000e+04
9.057548828125000000e+03 1.610439257812500000e+04 9.767608398437500000e+03 2.020875000000000000e+03 1.970567626953125000e+03 5.474284179687500000e+03 5.046997558593750000e+03 5.900891876220703125e+01 1.821633300781250000e+02 1.744046875000000000e+04 3.226589202880859375e+01
5.434280761718750000e+03 4.051149902343750000e+03 4.179748046875000000e+03 9.032988739013671875e+01 3.382223510742187500e+02 2.050740966796875000e+02 2.594431884765625000e+03 4.717512695312500000e+03 8.157873046875000000e+03 2.364170551300048828e+00 6.935546994209289551e-01
5.806687831878662109e+00 6.740797996520996094e+00 6.122251033782958984e+00 6.461174964904785156e+00 4.695521965913940221e-06 1.687486171722412109e+00 5.533768653869628906e+00 5.042291164398193359e+00 1.275715112686157227e+00 9.337837219238281250e+00 2.670994949340820312e+01
0.000000000000000000e+00 0.000000000000000000e+00 0.000000000000000000e+00 0.000000000000000000e+00 0.000000000000000000e+00 7.597915530204772949e-01 0.000000000000000000e+00 0.000000000000000000e+00 0.000000000000000000e+00 0.000000000000000000e+00 4.984037368558347225e-04
1.445681250000000000e+04 1.080544052124023438e+02 7.767167873680591583e-03 5.166920898437500000e+03 0.000000000000000000e+00 3.110930890670715598e-08 2.102968139648437500e+02 9.975065429687500000e+03 1.736525154113769531e+01 1.484852636718750000e+04 5.928746093750000000e+03
1.140045404434204102e+00 2.577520898437500000e+04 1.283726367187500000e+04 8.730615234375000000e+01 1.516852416992187500e+03 3.783537109375000000e+03 4.009977050781250000e+03 1.882893218994140625e+02 9.704451171875000000e+03 7.090489746093750000e+03 8.560786132812500000e+03
2.983583496093750000e+03 8.335673828125000000e+03 6.364477539062500000e+01 9.252578125000000000e+03 1.358298492431640625e+02 4.918412109375000000e+03 9.057468750000000000e+03 5.129813232421875000e+02 7.462769531250000000e+03 1.441304206848144531e+01 5.883455566406250000e+03
0.000000000000000000e+00 0.000000000000000000e+00 0.000000000000000000e+00 0.000000000000000000e+00 2.169716835021972656e+01 0.000000000000000000e+00 0.000000000000000000e+00 0.000000000000000000e+00 0.000000000000000000e+00 0.000000000000000000e+00 2.009419910609722137e-02
0.000000000000000000e+00 1.584708661539480090e-05 1.162432208657264709e-01 7.728901691734790802e-04 2.188664674758911133e-01 0.000000000000000000e+00 6.265088915824890137e-03 9.238025546073913574e-02 3.951553255319595337e-03 6.745579838752746582e-02 2.906396548496559262e-05
