0.000000000000000000e+00 0.000000000000000000e+00 6.838676636107265949e-04 0.000000000000000000e+00 0.000000000000000000e+00 0.000000000000000000e+00 7.432411075569689274e-04 3.083281451836228371e-03 3.788976697251200676e-03 0.000000000000000000e+00 0.000000000000000000e+00
2.668460598215460777e-03 0.000000000000000000e+00 1.920119393616914749e-03 7.966340635903179646e-04 0.000000000000000000e+00 0.000000000000000000e+00 3.517977602314203978e-04 1.507656881585717201e-03 0.000000000000000000e+00 0.000000000000000000e+00 2.767858095467090607e-04
0.000000000000000000e+00 0.000000000000000000e+00 0.000000000000000000e+00 3.181885404046624899e-04 2.649246482178568840e-03 0.000000000000000000e+00 0.000000000000000000e+00 0.000000000000000000e+00 0.000000000000000000e+00 2.597935264930129051e-03 0.000000000000000000e+00
1.388273201882839203e-03 0.000000000000000000e+00 0.000000000000000000e+00 0.000000000000000000e+00 0.000000000000000000e+00 0.000000000000000000e+00 2.669725799933075905e-03 7.268071058206260204e-04 1.701944507658481598e-03 0.000000000000000000e+00 0.000000000000000000e+00
8.039428939810022712e-05 1.855810114648193121e-04 1.061662987922318280e-04 1.481061481172218919e-04 0.000000000000000000e+00 1.421386550646275282e-04 1.689350610831752419e-04 7.967464625835418701e-05 1.969340228242799640e-04 1.956479245563969016e-04 3.178609185852110386e-04
0.000000000000000000e+00 0.000000000000000000e+00 0.000000000000000000e+00 0.000000000000000000e+00 0.000000000000000000e+00 9.263872168958187103e-03 1.267634215764701366e-03 0.000000000000000000e+00 0.000000000000000000e+00 4.074524913448840380e-04 1.332281529903411865e-02
0.000000000000000000e+00 0.000000000000000000e+00 0.000000000000000000e+00 0.000000000000000000e+00 0.000000000000000000e+00 1.174133270978927612e-03 1.506904023699462414e-03 1.153674442321062088e-03 3.827718785032629967e-03 1.944514224305748940e-03 2.203001640737056732e-03
0.000000000000000000e+00 8.667523507028818130e-04 0.000000000000000000e+00 0.000000000000000000e+00 1.669734250754117966e-03 2.682507270947098732e-03 0.000000000000000000e+00 0.000000000000000000e+00 0.000000000000000000e+00 0.000000000000000000e+00 0.000000000000000000e+00
0.000000000000000000e+00 2.178898546844720840e-03 1.450535841286182404e-03 0.000000000000000000e+00 0.000000000000000000e+00 0.000000000000000000e+00 0.000000000000000000e+00 5.542773869819939137e-04 0.000000000000000000e+00 0.000000000000000000e+00 1.343929208815097809e-03
1.946592237800359726e-03 7.431239355355501175e-04 3.096538363024592400e-03 0.000000000000000000e+00 8.833905681967735291e-03 0.000000000000000000e+00 0.000000000000000000e+00 2.423907571937888861e-04 1.887084799818694592e-03 0.000000000000000000e+00 3.666301723569631577e-03
0.000000000000000000e+00 0.000000000000000000e+00 1.408102207278716378e-06 1.265662490368413273e-06 3.155339982185978442e-06 0.000000000000000000e+00 1.755194602992560249e-06 1.071590645551623311e-06 0.000000000000000000e+00 3.691607389555429108e-06 0.000000000000000000e+00
