0.000000000000000000e+00 4.615945741534233093e-03 5.674762185662984848e-03 0.000000000000000000e+00 0.000000000000000000e+00 0.000000000000000000e+00 0.000000000000000000e+00 6.192965433001518250e-03 1.800519530661404133e-03 0.000000000000000000e+00 0.000000000000000000e+00
9.134534746408462524e-03 0.000000000000000000e+00 3.170873271301388741e-03 1.044282410293817520e-02 0.000000000000000000e+00 0.000000000000000000e+00 2.830529818311333656e-03 6.510483217425644398e-04 0.000000000000000000e+00 0.000000000000000000e+00 6.425510626286268234e-03
2.842134563252329826e-03 6.808987352997064590e-03 3.890504594892263412e-03 5.875135306268930435e-03 0.000000000000000000e+00 6.347313988953828812e-03 3.491839393973350525e-03 0.000000000000000000e+00 1.469943090341985226e-03 1.141397748142480850e-02 0.000000000000000000e+00
3.550386987626552582e-03 0.000000000000000000e+00 0.000000000000000000e+00 4.959706682711839676e-03 0.000000000000000000e+00 6.789882667362689972e-03 0.000000000000000000e+00 6.016158964484930038e-03 1.100364373996853828e-03 6.289917975664138794e-03 0.000000000000000000e+00
3.778357495320960879e-05 4.138515505474060774e-04 1.546264684293419123e-04 1.397183950757607818e-04 0.000000000000000000e+00 2.793107123579829931e-04 3.499435479170642793e-06 0.000000000000000000e+00 9.435711399419233203e-05 2.261440968140959740e-04 5.718480097129940987e-04
0.000000000000000000e+00 0.000000000000000000e+00 0.000000000000000000e+00 0.000000000000000000e+00 0.000000000000000000e+00 0.000000000000000000e+00 0.000000000000000000e+00 0.000000000000000000e+00 0.000000000000000000e+00 0.000000000000000000e+00 0.000000000000000000e+00
6.914420053362846375e-03 2.446749014779925346e-03 0.000000000000000000e+00 0.000000000000000000e+00 0.000000000000000000e+00 2.583353079899097793e-06 9.985413402318954468e-03 0.000000000000000000e+00 1.198827568441629410e-02 7.494167424738407135e-03 0.000000000000000000e+00
0.000000000000000000e+00 3.237454919144511223e-03 0.000000000000000000e+00 0.000000000000000000e+00 0.000000000000000000e+00 0.000000000000000000e+00 0.000000000000000000e+00 1.296166563406586647e-03 1.382019720040261745e-03 0.000000000000000000e+00 2.792563755065202713e-03
0.000000000000000000e+00 0.000000000000000000e+00 0.000000000000000000e+00 0.000000000000000000e+00 0.000000000000000000e+00 0.000000000000000000e+00 0.000000000000000000e+00 0.000000000000000000e+00 0.000000000000000000e+00 2.066698158159852028e-03 0.000000000000000000e+00
0.000000000000000000e+00 2.447179867886006832e-04 6.889942567795515060e-03 0.000000000000000000e+00 3.224940970540046692e-02 3.350669285282492638e-03 0.000000000000000000e+00 4.410049878060817719e-04 1.370661333203315735e-02 0.000000000000000000e+00 8.251582272350788116e-03
0.000000000000000000e+00 0.000000000000000000e+00 5.755953225161647424e-06 2.410801698715658858e-06 6.761826625734101981e-06 0.000000000000000000e+00 3.312859462312189862e-06 4.367974270280683413e-06 6.527307618853228632e-07 5.832845545228337869e-06 0.000000000000000000e+00
