0.000000000000000000e+00 2.746154022216796875e+01 1.071909027099609375e+02 0.000000000000000000e+00 0.000000000000000000e+00 0.000000000000000000e+00 3.757579650878906250e+02 9.601323242187500000e+03 9.697596435546875000e+02 1.191695898437500000e+04 0.000000000000000000e+00
1.695701562500000000e+04 0.000000000000000000e+00 1.731997558593750000e+03 3.884502685546875000e+03 1.066717386245727539e+00 1.857271068729460239e-03 1.105321289062500000e+04 1.439207077026367188e+00 1.914767074584960938e+01 9.704544921875000000e+03 1.745729687500000000e+04
1.395387890625000000e+04 3.737447021484375000e+03 1.234280859375000000e+04 2.004155517578125000e+03 1.306211471557617188e+01 2.210194140625000000e+04 1.154695703125000000e+04 9.049487113952636719e+00 8.214926757812500000e+03 1.038022363281250000e+04 1.830206909179687500e+02
4.117000000000000000e+03 1.424272661097347736e-03 2.274730242788791656e-03 2.399759216308593750e+02 6.155808258056640625e+01 3.927190551757812500e+02 4.821698242187500000e+03 5.178604736328125000e+02 3.281695251464843750e+02 3.440816345214843750e+02 1.508793182373046875e+02
1.520834445953369141e+00 5.361993789672851562e+00 2.806814193725585938e+00 3.526476621627807617e-01 2.548998452311934670e-07 5.426865816116333008e-01 1.664471387863159180e+00 9.528528451919555664e-01 1.588597059249877930e+00 1.651718139648437500e+00 2.134279251098632812e+01
0.000000000000000000e+00 0.000000000000000000e+00 0.000000000000000000e+00 0.000000000000000000e+00 0.000000000000000000e+00 0.000000000000000000e+00 0.000000000000000000e+00 0.000000000000000000e+00 0.000000000000000000e+00 0.000000000000000000e+00 0.000000000000000000e+00
1.867467529296875000e+03 6.928177734375000000e+03 0.000000000000000000e+00 4.935257324218750000e+03 8.311536512337625027e-04 3.311948776245117188e+01 6.448812500000000000e+03 1.653825789690017700e-01 6.316110351562500000e+03 1.571633789062500000e+04 2.120978698730468750e+02
1.592103195190429688e+01 4.135968017578125000e+02 5.992504882812500000e+03 9.101773071289062500e+01 2.349706739187240601e-01 2.781691650390625000e+03 1.891320800781250000e+02 2.387722412109375000e+03 4.489731445312500000e+03 6.394326171875000000e+03 2.248780975341796875e+02
0.000000000000000000e+00 3.372914550781250000e+03 1.662638671875000000e+03 4.330944120883941650e-01 1.227471670972590800e-07 1.347635742187500000e+03 4.612056884765625000e+02 8.178636550903320312e+00 2.763498229980468750e+02 9.941857337951660156e+00 6.859931030273437500e+02
0.000000000000000000e+00 0.000000000000000000e+00 0.000000000000000000e+00 0.000000000000000000e+00 1.775293350219726562e+01 0.000000000000000000e+00 0.000000000000000000e+00 0.000000000000000000e+00 0.000000000000000000e+00 0.000000000000000000e+00 0.000000000000000000e+00
0.000000000000000000e+00 8.294477593153715134e-04 1.196988821029663086e-01 1.125312483054585755e-04 2.073708772659301758e-01 0.000000000000000000e+00 2.052122144959867001e-04 2.040536142885684967e-02 0.000000000000000000e+00 3.043364360928535461e-02 1.325551011177594773e-06
