0.000000000000000000e+00 0.000000000000000000e+00 0.000000000000000000e+00 0.000000000000000000e+00 0.000000000000000000e+00 0.000000000000000000e+00 4.186039790511131287e-03 6.611355114728212357e-03 3.737722756341099739e-03 0.000000000000000000e+00 0.000000000000000000e+00
1.136875711381435394e-03 0.000000000000000000e+00 0.000000000000000000e+00 0.000000000000000000e+00 0.000000000000000000e+00 0.000000000000000000e+00 0.000000000000000000e+00 1.233105198480188847e-03 4.796090070158243179e-03 0.000000000000000000e+00 4.748399835079908371e-03
4.484298173338174820e-03 4.513128194957971573e-03 0.000000000000000000e+00 0.000000000000000000e+00 0.000000000000000000e+00 1.158778090029954910e-02 3.594956127926707268e-03 3.313468303531408310e-03 4.425996448844671249e-03 2.149319276213645935e-03 0.000000000000000000e+00
8.400776423513889313e-03 0.000000000000000000e+00 0.000000000000000000e+00 0.000000000000000000e+00 1.164926588535308838e-02 0.000000000000000000e+00 1.955884741619229317e-03 1.545739709399640560e-03 0.000000000000000000e+00 2.439549192786216736e-03 0.000000000000000000e+00
1.721637236187234521e-04 1.996442733798176050e-04 2.527866745367646217e-04 1.754698751028627157e-04 0.000000000000000000e+00 1.844370708568021655e-04 1.715654798317700624e-04 1.130879318225197494e-04 1.897202164400368929e-04 3.492262039799243212e-04 5.303950165398418903e-04
0.000000000000000000e+00 0.000000000000000000e+00 0.000000000000000000e+00 0.000000000000000000e+00 0.000000000000000000e+00 0.000000000000000000e+00 0.000000000000000000e+00 0.000000000000000000e+00 0.000000000000000000e+00 0.000000000000000000e+00 0.000000000000000000e+00
3.449280746281147003e-03 0.000000000000000000e+00 0.000000000000000000e+00 5.929491017013788223e-04 0.000000000000000000e+00 0.000000000000000000e+00 2.055138349533081055e-03 1.357797649689018726e-03 2.361132297664880753e-03 4.147430881857872009e-03 3.434331156313419342e-03
0.000000000000000000e+00 1.559202442876994610e-03 3.252497641369700432e-03 0.000000000000000000e+00 2.960542449727654457e-03 0.000000000000000000e+00 0.000000000000000000e+00 3.471936797723174095e-03 6.559508852660655975e-03 0.000000000000000000e+00 0.000000000000000000e+00
0.000000000000000000e+00 6.016123108565807343e-03 0.000000000000000000e+00 0.000000000000000000e+00 0.000000000000000000e+00 6.268104072660207748e-03 0.000000000000000000e+00 0.000000000000000000e+00 0.000000000000000000e+00 0.000000000000000000e+00 4.096798598766326904e-03
5.057211965322494507e-03 1.006578095257282257e-02 6.776176393032073975e-03 0.000000000000000000e+00 2.789196744561195374e-02 6.611668504774570465e-03 0.000000000000000000e+00 0.000000000000000000e+00 4.157314542680978775e-03 0.000000000000000000e+00 1.260282192379236221e-02
0.000000000000000000e+00 0.000000000000000000e+00 3.825501607934711501e-06 0.000000000000000000e+00 5.530735961656318977e-06 0.000000000000000000e+00 5.197222776587295812e-07 3.084374156969715841e-06 0.000000000000000000e+00 2.115964434779016301e-06 0.000000000000000000e+00
