0.000000000000000000e+00 0.000000000000000000e+00 2.320317551493644714e-03 0.000000000000000000e+00 0.000000000000000000e+00 0.000000000000000000e+00 3.135606646537780762e-03 0.000000000000000000e+00 6.352353375405073166e-03 0.000000000000000000e+00 0.000000000000000000e+00
1.084421947598457336e-02 0.000000000000000000e+00 0.000000000000000000e+00 9.369304752908647060e-04 0.000000000000000000e+00 0.000000000000000000e+00 5.811316892504692078e-03 1.082193688489496708e-03 0.000000000000000000e+00 0.000000000000000000e+00 2.464947290718555450e-03
0.000000000000000000e+00 8.949329145252704620e-03 0.000000000000000000e+00 0.000000000000000000e+00 3.195782657712697983e-03 5.806971603306010365e-05 6.239250302314758301e-03 0.000000000000000000e+00 9.318065829575061798e-03 0.000000000000000000e+00 0.000000000000000000e+00
7.031483575701713562e-03 0.000000000000000000e+00 1.336446148343384266e-03 0.000000000000000000e+00 1.469859294593334198e-02 0.000000000000000000e+00 0.000000000000000000e+00 2.414213865995407104e-02 0.000000000000000000e+00 0.000000000000000000e+00 0.000000000000000000e+00
9.193403093377128243e-05 2.989445638377219439e-04 4.235231317579746246e-04 3.244269755668938160e-04 0.000000000000000000e+00 1.547216379549354315e-04 1.059953719959594309e-04 1.661861169850453734e-04 2.372302988078445196e-04 5.390189471654593945e-04 9.604163933545351028e-04
0.000000000000000000e+00 0.000000000000000000e+00 0.000000000000000000e+00 0.000000000000000000e+00 0.000000000000000000e+00 9.447075426578521729e-04 0.000000000000000000e+00 0.000000000000000000e+00 0.000000000000000000e+00 0.000000000000000000e+00 0.000000000000000000e+00
1.111421454697847366e-02 4.084305372089147568e-03 0.000000000000000000e+00 2.924375985458027571e-05 0.000000000000000000e+00 2.461828524246811867e-03 6.301472894847393036e-03 5.117565393447875977e-03 0.000000000000000000e+00 0.000000000000000000e+00 4.813108593225479126e-03
0.000000000000000000e+00 6.884455215185880661e-03 0.000000000000000000e+00 0.000000000000000000e+00 3.159148618578910828e-03 3.547627478837966919e-03 0.000000000000000000e+00 0.000000000000000000e+00 0.000000000000000000e+00 0.000000000000000000e+00 0.000000000000000000e+00
0.000000000000000000e+00 6.126342806965112686e-03 1.648899342399090528e-04 6.262364331632852554e-03 0.000000000000000000e+00 0.000000000000000000e+00 9.408031473867595196e-04 0.000000000000000000e+00 0.000000000000000000e+00 6.439742166548967361e-03 7.967404089868068695e-03
0.000000000000000000e+00 0.000000000000000000e+00 1.473250333219766617e-02 0.000000000000000000e+00 3.818313404917716980e-02 0.000000000000000000e+00 6.859519984573125839e-03 0.000000000000000000e+00 3.853525733575224876e-03 5.786194000393152237e-03 7.991290651261806488e-03
0.000000000000000000e+00 0.000000000000000000e+00 7.217362963274354115e-06 3.569554337445879355e-06 1.332508327323012054e-05 0.000000000000000000e+00 4.042699401907157153e-06 4.996553343517007306e-06 0.000000000000000000e+00 6.473076155089074746e-06 0.000000000000000000e+00
