0.000000000000000000e+00 0.000000000000000000e+00 9.323050267994403839e-03 0.000000000000000000e+00 0.000000000000000000e+00 0.000000000000000000e+00 7.755639962852001190e-03 0.000000000000000000e+00 4.197936039417982101e-03 0.000000000000000000e+00 0.000000000000000000e+00
1.192296110093593597e-02 0.000000000000000000e+00 4.166221246123313904e-03 0.000000000000000000e+00 0.000000000000000000e+00 0.000000000000000000e+00 5.006195511668920517e-03 0.000000000000000000e+00 0.000000000000000000e+00 0.000000000000000000e+00 4.213200416415929794e-03
1.124996924772858620e-03 3.086474724113941193e-03 0.000000000000000000e+00 0.000000000000000000e+00 4.395565949380397797e-03 4.374619107693433762e-03 1.709632924757897854e-03 0.000000000000000000e+00 1.097294967621564865e-02 6.149510387331247330e-03 0.000000000000000000e+00
1.415536366403102875e-02 0.000000000000000000e+00 8.166719344444572926e-04 0.000000000000000000e+00 2.378802979364991188e-03 0.000000000000000000e+00 0.000000000000000000e+00 8.469054475426673889e-03 8.076038211584091187e-03 1.065228506922721863e-02 0.000000000000000000e+00
8.522103598807007074e-05 2.682773338165134192e-04 3.736019716598093510e-04 1.944163377629593015e-04 0.000000000000000000e+00 2.105841704178601503e-04 1.615048386156558990e-04 2.382382372161373496e-04 4.026427050121128559e-04 3.608270199038088322e-04 9.251284645870327950e-04
0.000000000000000000e+00 0.000000000000000000e+00 0.000000000000000000e+00 0.000000000000000000e+00 0.000000000000000000e+00 6.692430004477500916e-03 0.000000000000000000e+00 0.000000000000000000e+00 0.000000000000000000e+00 0.000000000000000000e+00 0.000000000000000000e+00
4.455877467989921570e-03 4.135449416935443878e-03 0.000000000000000000e+00 1.275470666587352753e-02 0.000000000000000000e+00 0.000000000000000000e+00 0.000000000000000000e+00 1.329945225734263659e-04 5.042088683694601059e-03 0.000000000000000000e+00 0.000000000000000000e+00
0.000000000000000000e+00 0.000000000000000000e+00 8.015811443328857422e-03 0.000000000000000000e+00 4.637868609279394150e-03 0.000000000000000000e+00 0.000000000000000000e+00 7.462813053280115128e-03 0.000000000000000000e+00 0.000000000000000000e+00 0.000000000000000000e+00
0.000000000000000000e+00 9.189186966978013515e-04 9.339833632111549377e-03 0.000000000000000000e+00 8.707422763109207153e-03 0.000000000000000000e+00 7.476763334125280380e-03 0.000000000000000000e+00 0.000000000000000000e+00 5.431691650301218033e-03 8.907096460461616516e-03
1.057626213878393173e-02 1.209140475839376450e-02 2.002456970512866974e-02 0.000000000000000000e+00 3.994168341159820557e-02 0.000000000000000000e+00 0.000000000000000000e+00 0.000000000000000000e+00 1.521138288080692291e-02 0.000000000000000000e+00 1.164544466882944107e-02
0.000000000000000000e+00 0.000000000000000000e+00 3.671966851470642723e-06 7.684528782192501239e-07 7.041588560241507366e-06 0.000000000000000000e+00 0.000000000000000000e+00 2.125161245203344151e-06 0.000000000000000000e+00 1.869484776761964895e-06 0.000000000000000000e+00
