0.000000000000000000e+00 0.000000000000000000e+00 0.000000000000000000e+00 0.000000000000000000e+00 0.000000000000000000e+00 0.000000000000000000e+00 1.875962014310061932e-03 3.193152137100696564e-03 0.000000000000000000e+00 0.000000000000000000e+00 0.000000000000000000e+00
7.549836765974760056e-03 0.000000000000000000e+00 8.252138271927833557e-03 5.216039251536130905e-03 0.000000000000000000e+00 1.471768599003553391e-03 0.000000000000000000e+00 0.000000000000000000e+00 7.817053701728582382e-04 0.000000000000000000e+00 0.000000000000000000e+00
4.376804921776056290e-03 8.464714512228965759e-03 0.000000000000000000e+00 0.000000000000000000e+00 0.000000000000000000e+00 6.012612953782081604e-03 2.389741130173206329e-03 0.000000000000000000e+00 5.076162051409482956e-03 6.906594149768352509e-03 0.000000000000000000e+00
6.097616860643029213e-04 0.000000000000000000e+00 0.000000000000000000e+00 6.136207375675439835e-03 3.086899174377322197e-03 3.767769550904631615e-03 3.181247971951961517e-03 1.069130934774875641e-02 0.000000000000000000e+00 3.759092651307582855e-03 0.000000000000000000e+00
5.774491364718414843e-05 2.328878181288018823e-04 1.463122753193601966e-04 0.000000000000000000e+00 0.000000000000000000e+00 2.902478627220261842e-05 3.257740536355413496e-05 1.218539473484270275e-04 0.000000000000000000e+00 1.277932460652664304e-04 4.954888136126101017e-04
0.000000000000000000e+00 0.000000000000000000e+00 0.000000000000000000e+00 0.000000000000000000e+00 0.000000000000000000e+00 2.241898328065872192e-04 0.000000000000000000e+00 0.000000000000000000e+00 0.000000000000000000e+00 0.000000000000000000e+00 0.000000000000000000e+00
0.000000000000000000e+00 0.000000000000000000e+00 0.000000000000000000e+00 3.351625287905335426e-03 0.000000000000000000e+00 0.000000000000000000e+00 9.013905189931392670e-03 0.000000000000000000e+00 1.406586915254592896e-02 4.553078673779964447e-03 0.000000000000000000e+00
0.000000000000000000e+00 0.000000000000000000e+00 1.976341940462589264e-03 5.067217629402875900e-03 0.000000000000000000e+00 0.000000000000000000e+00 0.000000000000000000e+00 3.334997221827507019e-03 1.019489672034978867e-02 0.000000000000000000e+00 0.000000000000000000e+00
0.000000000000000000e+00 7.808415684849023819e-03 6.839390378445386887e-03 3.171679563820362091e-03 5.046952050179243088e-03 0.000000000000000000e+00 0.000000000000000000e+00 0.000000000000000000e+00 0.000000000000000000e+00 4.786938894540071487e-03 6.153121590614318848e-03
1.935519976541399956e-03 0.000000000000000000e+00 1.321278512477874756e-02 0.000000000000000000e+00 3.073351457715034485e-02 0.000000000000000000e+00 0.000000000000000000e+00 2.460513729602098465e-03 8.565861731767654419e-03 0.000000000000000000e+00 1.228047441691160202e-02
0.000000000000000000e+00 0.000000000000000000e+00 3.570649141693138517e-06 0.000000000000000000e+00 6.115429187047993764e-06 0.000000000000000000e+00 0.000000000000000000e+00 0.000000000000000000e+00 0.000000000000000000e+00 1.638352046029467601e-06 0.000000000000000000e+00
