0.000000000000000000e+00 0.000000000000000000e+00 6.420077406801283360e-04 0.000000000000000000e+00 0.000000000000000000e+00 0.000000000000000000e+00 5.171482916921377182e-03 0.000000000000000000e+00 2.387389075011014938e-03 0.000000000000000000e+00 0.000000000000000000e+00
7.112199440598487854e-03 0.000000000000000000e+00 1.157759316265583038e-02 0.000000000000000000e+00 8.050809265114367008e-04 1.128536066971719265e-03 0.000000000000000000e+00 9.089692612178623676e-04 8.153297239914536476e-04 0.000000000000000000e+00 0.000000000000000000e+00
5.831419955939054489e-03 1.140968874096870422e-02 2.574614947661757469e-03 1.588445506058633327e-03 0.000000000000000000e+00 1.073462329804897308e-02 3.422943642362952232e-03 0.000000000000000000e+00 0.000000000000000000e+00 8.819461218081414700e-04 2.132193651050329208e-03
9.984973818063735962e-03 0.000000000000000000e+00 0.000000000000000000e+00 0.000000000000000000e+00 1.429937221109867096e-02 1.042672083713114262e-03 3.221420338377356529e-03 3.209203481674194336e-03 0.000000000000000000e+00 0.000000000000000000e+00 0.000000000000000000e+00
2.347030385863035917e-04 2.314928860869258642e-04 3.853725138469599187e-05 2.224629715783521533e-04 0.000000000000000000e+00 2.137667179340496659e-04 2.349598507862538099e-04 1.644458388909697533e-04 1.556150964461266994e-04 2.164220641134306788e-04 5.106609314680099487e-04
0.000000000000000000e+00 0.000000000000000000e+00 0.000000000000000000e+00 0.000000000000000000e+00 0.000000000000000000e+00 0.000000000000000000e+00 0.000000000000000000e+00 0.000000000000000000e+00 0.000000000000000000e+00 0.000000000000000000e+00 4.336808689942017736e-19
0.000000000000000000e+00 1.769014052115380764e-03 0.000000000000000000e+00 0.000000000000000000e+00 0.000000000000000000e+00 9.068017825484275818e-03 1.673571579158306122e-02 4.912591539323329926e-03 4.398548044264316559e-03 5.012705922126770020e-03 1.863502664491534233e-03
0.000000000000000000e+00 4.842829890549182892e-03 6.121044862084090710e-04 0.000000000000000000e+00 6.479971925728023052e-04 2.073643030598759651e-03 1.109604607336223125e-03 0.000000000000000000e+00 5.509356968104839325e-03 0.000000000000000000e+00 0.000000000000000000e+00
0.000000000000000000e+00 2.001869725063443184e-03 0.000000000000000000e+00 4.432830028235912323e-03 0.000000000000000000e+00 0.000000000000000000e+00 0.000000000000000000e+00 2.089626155793666840e-03 0.000000000000000000e+00 0.000000000000000000e+00 0.000000000000000000e+00
0.000000000000000000e+00 5.651686224155128002e-04 3.604192286729812622e-03 0.000000000000000000e+00 3.185085952281951904e-02 0.000000000000000000e+00 0.000000000000000000e+00 0.000000000000000000e+00 2.245609648525714874e-03 0.000000000000000000e+00 1.369888801127672195e-02
0.000000000000000000e+00 0.000000000000000000e+00 4.882170742348534986e-06 2.235257625216036104e-06 5.831893759022932500e-06 0.000000000000000000e+00 1.950520072568906471e-06 1.088468934540287592e-06 4.673357238971220795e-07 4.374916443339316174e-06 0.000000000000000000e+00
