0.000000000000000000e+00 0.000000000000000000e+00 1.622733660042285919e-03 0.000000000000000000e+00 0.000000000000000000e+00 0.000000000000000000e+00 0.000000000000000000e+00 3.696913830935955048e-03 4.174485802650451660e-03 0.000000000000000000e+00 0.000000000000000000e+00
2.158685773611068726e-02 0.000000000000000000e+00 0.000000000000000000e+00 2.608760725706815720e-03 0.000000000000000000e+00 0.000000000000000000e+00 0.000000000000000000e+00 7.560321246273815632e-04 0.000000000000000000e+00 0.000000000000000000e+00 9.101473726332187653e-03
0.000000000000000000e+00 8.295441046357154846e-03 0.000000000000000000e+00 0.000000000000000000e+00 0.000000000000000000e+00 1.616333425045013428e-02 7.321193814277648926e-03 0.000000000000000000e+00 5.472315475344657898e-03 0.000000000000000000e+00 0.000000000000000000e+00
1.552843768149614334e-02 0.000000000000000000e+00 0.000000000000000000e+00 3.156012156978249550e-03 0.000000000000000000e+00 0.000000000000000000e+00 0.000000000000000000e+00 1.401033625006675720e-02 0.000000000000000000e+00 8.723340928554534912e-03 0.000000000000000000e+00
5.067693928140215576e-05 3.120762412436306477e-04 3.097575390711426735e-04 1.439482439309358597e-04 0.000000000000000000e+00 1.264059683308005333e-04 0.000000000000000000e+00 1.838835160015150905e-04 9.294912888435646892e-05 3.397868713364005089e-04 8.838528883643448353e-04
0.000000000000000000e+00 0.000000000000000000e+00 0.000000000000000000e+00 0.000000000000000000e+00 0.000000000000000000e+00 0.000000000000000000e+00 0.000000000000000000e+00 0.000000000000000000e+00 0.000000000000000000e+00 0.000000000000000000e+00 0.000000000000000000e+00
1.251946575939655304e-02 6.218024995177984238e-03 0.000000000000000000e+00 0.000000000000000000e+00 0.000000000000000000e+00 0.000000000000000000e+00 6.988271139562129974e-03 4.133987240493297577e-03 0.000000000000000000e+00 1.189167611300945282e-02 0.000000000000000000e+00
0.000000000000000000e+00 1.244228915311396122e-03 5.909794941544532776e-03 0.000000000000000000e+00 0.000000000000000000e+00 0.000000000000000000e+00 0.000000000000000000e+00 0.000000000000000000e+00 1.691299257799983025e-03 0.000000000000000000e+00 2.157849259674549103e-03
0.000000000000000000e+00 1.229700725525617599e-02 2.256469801068305969e-03 0.000000000000000000e+00 0.000000000000000000e+00 2.266159048303961754e-03 0.000000000000000000e+00 0.000000000000000000e+00 0.000000000000000000e+00 1.121931243687868118e-02 8.324386551976203918e-03
6.766367238014936447e-03 0.000000000000000000e+00 1.040443498641252518e-02 0.000000000000000000e+00 5.200767144560813904e-02 0.000000000000000000e+00 0.000000000000000000e+00 1.398802967742085457e-03 4.952610004693269730e-03 0.000000000000000000e+00 1.154593192040920258e-02
0.000000000000000000e+00 5.160281375538033899e-07 8.156473086273763329e-06 1.937051820277702063e-06 1.213765972352121025e-05 0.000000000000000000e+00 3.404858034627977759e-06 4.015930244349874556e-06 1.573045437908149324e-06 4.674508545576827601e-06 0.000000000000000000e+00
