0.000000000000000000e+00 1.045481418259441853e-03 4.175518188476562500e+02 0.000000000000000000e+00 0.000000000000000000e+00 0.000000000000000000e+00 5.631912597656250000e+03 3.234294433593750000e+03 8.441077807219699025e-05 2.073245361328125000e+03 0.000000000000000000e+00
6.288909530639648438e+01 0.000000000000000000e+00 4.471440917968750000e+03 6.174982910156250000e+03 2.985829710960388184e-01 3.004094314575195312e+01 5.904034423828125000e+01 2.637923671500175260e-06 8.138101959228515625e+01 1.085219238281250000e+03 1.207536621093750000e+03
6.832917022705078125e+01 3.700896240234375000e+03 2.124974441528320312e+01 1.400518432617187500e+03 7.687596082687377930e-01 8.384625244140625000e+02 1.242882132530212402e+00 1.827563476562500000e+01 6.341138671875000000e+03 3.651446044921875000e+03 2.329977607727050781e+01
1.142796630859375000e+03 2.625511884689331055e-01 5.804702141176676378e-07 1.084700195312500000e+03 6.525657653808593750e+01 7.858811645507812500e+02 1.621055786132812500e+03 1.962928344726562500e+03 8.082792663574218750e+01 6.296794861555099487e-02 2.749121093750000000e+03
5.049904823303222656e+00 6.597763061523437500e+00 2.492389202117919922e+00 4.697171688079833984e+00 1.628683179433210171e-07 3.643539249897003174e-01 5.643741607666015625e+00 9.592158198356628418e-01 3.451848030090332031e-01 1.762600708007812500e+01 2.328006172180175781e+01
0.000000000000000000e+00 0.000000000000000000e+00 0.000000000000000000e+00 0.000000000000000000e+00 0.000000000000000000e+00 2.807739656418561935e-05 0.000000000000000000e+00 0.000000000000000000e+00 0.000000000000000000e+00 0.000000000000000000e+00 2.922963607265849362e-11
2.789447998046875000e+03 3.442021484375000000e+02 2.500176429748535156e-01 1.837080535888671875e+02 1.654555511474609375e+01 9.838886260986328125e+01 1.945807495117187500e+02 8.197430419921875000e+01 1.474421264648437500e+03 2.971897277832031250e+02 6.313575195312500000e+03
0.000000000000000000e+00 2.381644287109375000e+03 1.837804565429687500e+02 0.000000000000000000e+00 3.196716613769531250e+02 2.075647583007812500e+02 5.770270996093750000e+02 4.601966796875000000e+03 5.545997070312500000e+03 5.568182373046875000e+02 3.044019126892089844e+01
0.000000000000000000e+00 5.207346679687500000e+03 2.903441406250000000e+03 2.943848419189453125e+01 1.897265791893005371e+00 1.092270050048828125e+02 9.914218139648437500e+01 1.101436710357666016e+01 1.082338256835937500e+03 2.000942468643188477e+00 9.027124786376953125e+01
0.000000000000000000e+00 0.000000000000000000e+00 0.000000000000000000e+00 0.000000000000000000e+00 2.430543899536132812e+01 0.000000000000000000e+00 0.000000000000000000e+00 0.000000000000000000e+00 0.000000000000000000e+00 0.000000000000000000e+00 0.000000000000000000e+00
0.000000000000000000e+00 4.621577449142932892e-03 1.043564304709434509e-01 3.971518948674201965e-03 2.300163805484771729e-01 0.000000000000000000e+00 8.378935046494007111e-03 3.356850706040859222e-03 2.046709880232810974e-03 1.752836257219314575e-02 9.757642692420631647e-05
