0.000000000000000000e+00 0.000000000000000000e+00 2.786122262477874756e-03 0.000000000000000000e+00 0.000000000000000000e+00 0.000000000000000000e+00 0.000000000000000000e+00 4.433108959347009659e-03 5.661547183990478516e-04 0.000000000000000000e+00 0.000000000000000000e+00
2.581147942692041397e-03 0.000000000000000000e+00 3.344927681609988213e-03 1.381101319566369057e-03 0.000000000000000000e+00 4.725547914858907461e-04 1.465770415961742401e-03 0.000000000000000000e+00 0.000000000000000000e+00 0.000000000000000000e+00 3.648273879662156105e-03
2.910064533352851868e-03 4.395998839754611254e-04 0.000000000000000000e+00 0.000000000000000000e+00 0.000000000000000000e+00 1.286123297177255154e-04 7.529793219873681664e-05 0.000000000000000000e+00 4.596424754709005356e-03 6.388759706169366837e-03 2.342202002182602882e-03
5.028985440731048584e-03 5.225261207669973373e-03 0.000000000000000000e+00 0.000000000000000000e+00 3.216504584997892380e-03 0.000000000000000000e+00 8.270785212516784668e-03 1.302971597760915756e-02 5.487240850925445557e-03 2.738402225077152252e-03 2.886712783947587013e-03
2.934812073362991214e-05 2.384784966125153005e-05 1.535881310701370239e-04 1.361819886369630694e-04 0.000000000000000000e+00 6.479240983026102185e-05 3.578936230042017996e-05 1.175413672171998769e-05 8.224602061090990901e-05 2.324435336049646139e-04 3.644853422883898020e-04
0.000000000000000000e+00 0.000000000000000000e+00 0.000000000000000000e+00 0.000000000000000000e+00 0.000000000000000000e+00 0.000000000000000000e+00 0.000000000000000000e+00 0.000000000000000000e+00 0.000000000000000000e+00 0.000000000000000000e+00 0.000000000000000000e+00
2.853025915101170540e-03 2.884147223085165024e-03 0.000000000000000000e+00 2.138838171958923340e-03 0.000000000000000000e+00 0.000000000000000000e+00 0.000000000000000000e+00 6.480365525931119919e-03 0.000000000000000000e+00 4.717573989182710648e-03 6.310276221483945847e-03
0.000000000000000000e+00 3.466408234089612961e-03 0.000000000000000000e+00 1.940552610903978348e-03 0.000000000000000000e+00 0.000000000000000000e+00 6.804142030887305737e-04 6.682009552605450153e-04 6.131262984126806259e-03 3.242524806410074234e-03 0.000000000000000000e+00
0.000000000000000000e+00 0.000000000000000000e+00 0.000000000000000000e+00 7.596062030643224716e-03 0.000000000000000000e+00 0.000000000000000000e+00 6.872697267681360245e-03 3.798717167228460312e-03 0.000000000000000000e+00 3.076511668041348457e-03 2.312046242877840996e-03
9.543498978018760681e-03 0.000000000000000000e+00 6.589110940694808960e-03 8.133370429277420044e-04 2.533569559454917908e-02 0.000000000000000000e+00 0.000000000000000000e+00 0.000000000000000000e+00 5.255139432847499847e-03 0.000000000000000000e+00 1.373556908220052719e-02
0.000000000000000000e+00 1.623142338758043479e-06 4.844126578973373398e-06 2.784644038911210373e-06 6.182214292493881658e-06 0.000000000000000000e+00 8.007938276932691224e-07 1.565553930049645714e-06 0.000000000000000000e+00 1.962493342944071628e-06 0.000000000000000000e+00
