0.000000000000000000e+00 0.000000000000000000e+00 4.323903471231460571e-03 0.000000000000000000e+00 0.000000000000000000e+00 0.000000000000000000e+00 6.657568737864494324e-03 4.042549058794975281e-03 4.601346328854560852e-03 0.000000000000000000e+00 0.000000000000000000e+00
2.804722171276807785e-03 0.000000000000000000e+00 0.000000000000000000e+00 0.000000000000000000e+00 0.000000000000000000e+00 0.000000000000000000e+00 4.519971553236246109e-03 0.000000000000000000e+00 0.000000000000000000e+00 0.000000000000000000e+00 3.860428114421665668e-04
0.000000000000000000e+00 5.648063495755195618e-03 2.384704537689685822e-03 0.000000000000000000e+00 0.000000000000000000e+00 0.000000000000000000e+00 9.833228541538119316e-04 0.000000000000000000e+00 3.554975148290395737e-03 0.000000000000000000e+00 0.000000000000000000e+00
9.952135384082794189e-03 0.000000000000000000e+00 0.000000000000000000e+00 0.000000000000000000e+00 8.264190400950610638e-04 3.305844031274318695e-03 0.000000000000000000e+00 5.240098107606172562e-03 7.288587279617786407e-03 3.645611926913261414e-03 0.000000000000000000e+00
7.424783689202740788e-06 2.793874882627278566e-04 2.215182466898113489e-04 2.298564068041741848e-04 0.000000000000000000e+00 2.029863680945709348e-04 0.000000000000000000e+00 6.536161527037620544e-05 0.000000000000000000e+00 2.136016701115295291e-04 7.352782413363456726e-04
0.000000000000000000e+00 8.410191512666642666e-04 1.765298075042665005e-03 1.034255721606314182e-03 0.000000000000000000e+00 1.686663553118705750e-02 0.000000000000000000e+00 1.350795966573059559e-03 2.198950620368123055e-03 4.150696098804473877e-03 2.339022792875766754e-02
2.298080828040838242e-03 4.878606181591749191e-03 0.000000000000000000e+00 0.000000000000000000e+00 0.000000000000000000e+00 3.918154630810022354e-03 2.460208022966980934e-03 0.000000000000000000e+00 1.118547632358968258e-03 3.594929352402687073e-03 4.383528139442205429e-03
0.000000000000000000e+00 0.000000000000000000e+00 0.000000000000000000e+00 0.000000000000000000e+00 0.000000000000000000e+00 0.000000000000000000e+00 0.000000000000000000e+00 0.000000000000000000e+00 1.733847078867256641e-03 0.000000000000000000e+00 4.757407121360301971e-03
0.000000000000000000e+00 1.723754452541470528e-03 0.000000000000000000e+00 0.000000000000000000e+00 0.000000000000000000e+00 0.000000000000000000e+00 2.782715484499931335e-03 0.000000000000000000e+00 0.000000000000000000e+00 4.058487247675657272e-03 3.650968894362449646e-03
1.045094570145010948e-03 1.838417840190231800e-03 3.195129334926605225e-03 0.000000000000000000e+00 1.876656897366046906e-02 2.121828263625502586e-03 3.255093470215797424e-04 0.000000000000000000e+00 4.463698249310255051e-03 0.000000000000000000e+00 5.884899757802486420e-03
0.000000000000000000e+00 2.921992745541501790e-06 2.096886055369395763e-05 0.000000000000000000e+00 2.955879608634859324e-05 0.000000000000000000e+00 6.153756203275406733e-06 2.505642260075546801e-05 0.000000000000000000e+00 5.111746759212110192e-06 0.000000000000000000e+00
