0.000000000000000000e+00 8.146188338287174702e-05 2.004030859097838402e-03 0.000000000000000000e+00 0.000000000000000000e+00 0.000000000000000000e+00 6.569241173565387726e-03 7.087375037372112274e-03 7.113000378012657166e-03 0.000000000000000000e+00 0.000000000000000000e+00
2.718937816098332405e-03 0.000000000000000000e+00 0.000000000000000000e+00 0.000000000000000000e+00 0.000000000000000000e+00 0.000000000000000000e+00 0.000000000000000000e+00 0.000000000000000000e+00 0.000000000000000000e+00 0.000000000000000000e+00 1.706042792648077011e-03
0.000000000000000000e+00 0.000000000000000000e+00 0.000000000000000000e+00 2.519539091736078262e-03 0.000000000000000000e+00 2.522199647501111031e-03 1.683617597336706240e-06 0.000000000000000000e+00 0.000000000000000000e+00 7.297369185835123062e-03 0.000000000000000000e+00
4.093240015208721161e-03 0.000000000000000000e+00 0.000000000000000000e+00 0.000000000000000000e+00 0.000000000000000000e+00 0.000000000000000000e+00 0.000000000000000000e+00 1.702581648714840412e-03 6.572827696800231934e-03 5.909267929382622242e-04 0.000000000000000000e+00
0.000000000000000000e+00 4.463980803848244250e-05 1.667936339799780399e-05 0.000000000000000000e+00 0.000000000000000000e+00 4.102464299649000168e-05 7.455155719071626663e-05 1.242219786945497617e-05 6.364974251482635736e-05 8.412857278017327189e-05 2.262191701447591186e-04
0.000000000000000000e+00 0.000000000000000000e+00 2.064739121124148369e-03 0.000000000000000000e+00 0.000000000000000000e+00 2.101856097579002380e-02 0.000000000000000000e+00 0.000000000000000000e+00 0.000000000000000000e+00 5.084802862256765366e-03 2.904974110424518585e-02
3.835956798866391182e-03 5.070944316685199738e-04 0.000000000000000000e+00 0.000000000000000000e+00 0.000000000000000000e+00 1.457059988752007484e-03 0.000000000000000000e+00 6.061189924366772175e-04 4.149494692683219910e-03 4.835454747080802917e-03 2.229637000709772110e-03
0.000000000000000000e+00 6.929701194167137146e-04 4.166431317571550608e-04 0.000000000000000000e+00 5.845272913575172424e-03 1.264557940885424614e-03 0.000000000000000000e+00 0.000000000000000000e+00 0.000000000000000000e+00 0.000000000000000000e+00 0.000000000000000000e+00
3.561449120752513409e-04 0.000000000000000000e+00 3.974064718931913376e-03 0.000000000000000000e+00 0.000000000000000000e+00 0.000000000000000000e+00 1.303809927776455879e-03 1.748289359966292977e-04 1.674495724728330970e-04 5.648297374136745930e-04 0.000000000000000000e+00
2.309760311618447304e-03 9.796200320124626160e-03 6.737343035638332367e-03 0.000000000000000000e+00 1.889125257730484009e-02 0.000000000000000000e+00 0.000000000000000000e+00 0.000000000000000000e+00 3.360331291332840919e-03 0.000000000000000000e+00 5.752880126237869263e-03
0.000000000000000000e+00 5.116158874329812534e-08 2.024273300094137085e-07 9.549834345534691238e-08 4.885092721451655962e-07 0.000000000000000000e+00 3.318145331832056399e-07 3.395951750917447498e-07 0.000000000000000000e+00 2.775605878468923038e-07 0.000000000000000000e+00
