0.000000000000000000e+00 0.000000000000000000e+00 0.000000000000000000e+00 0.000000000000000000e+00 0.000000000000000000e+00 0.000000000000000000e+00 4.003008143627084792e-05 9.786432608962059021e-03 2.180829644203186035e-03 0.000000000000000000e+00 0.000000000000000000e+00
1.114148832857608795e-02 0.000000000000000000e+00 5.676390137523412704e-03 0.000000000000000000e+00 0.000000000000000000e+00 0.000000000000000000e+00 0.000000000000000000e+00 0.000000000000000000e+00 3.802575170993804932e-03 0.000000000000000000e+00 0.000000000000000000e+00
1.304734149016439915e-03 0.000000000000000000e+00 0.000000000000000000e+00 0.000000000000000000e+00 0.000000000000000000e+00 0.000000000000000000e+00 1.016423921100795269e-03 0.000000000000000000e+00 0.000000000000000000e+00 5.937344394624233246e-03 0.000000000000000000e+00
5.838428158313035965e-03 0.000000000000000000e+00 0.000000000000000000e+00 4.997764714062213898e-03 2.371598733589053154e-03 7.341477088630199432e-03 8.448139764368534088e-03 5.656313151121139526e-03 2.378203207626938820e-03 0.000000000000000000e+00 3.394351515453308821e-04
5.401926318882033229e-05 1.280639553442597389e-04 9.757971565704792738e-05 1.091277517843991518e-04 0.000000000000000000e+00 1.615439250599592924e-04 9.717258944874629378e-05 0.000000000000000000e+00 2.958986806333996356e-05 1.687887561274692416e-04 3.845057799480855465e-04
0.000000000000000000e+00 0.000000000000000000e+00 0.000000000000000000e+00 0.000000000000000000e+00 0.000000000000000000e+00 0.000000000000000000e+00 0.000000000000000000e+00 0.000000000000000000e+00 0.000000000000000000e+00 0.000000000000000000e+00 8.673617379884035472e-19
3.615349705796688795e-04 7.612701039761304855e-03 0.000000000000000000e+00 1.387682044878602028e-03 0.000000000000000000e+00 1.371851004660129547e-02 0.000000000000000000e+00 3.360448172315955162e-03 7.026364095509052277e-03 1.007940154522657394e-02 1.245557144284248352e-02
0.000000000000000000e+00 0.000000000000000000e+00 0.000000000000000000e+00 0.000000000000000000e+00 5.930438172072172165e-03 0.000000000000000000e+00 0.000000000000000000e+00 0.000000000000000000e+00 8.541144430637359619e-03 0.000000000000000000e+00 0.000000000000000000e+00
0.000000000000000000e+00 0.000000000000000000e+00 6.796561647206544876e-03 0.000000000000000000e+00 0.000000000000000000e+00 0.000000000000000000e+00 7.808062713593244553e-03 6.607277318835258484e-03 6.561303744092583656e-04 7.020276971161365509e-04 0.000000000000000000e+00
7.850309833884239197e-03 7.490194402635097504e-03 5.861701909452676773e-03 0.000000000000000000e+00 4.096518456935882568e-02 0.000000000000000000e+00 0.000000000000000000e+00 0.000000000000000000e+00 3.859651274979114532e-03 0.000000000000000000e+00 2.043971046805381775e-02
0.000000000000000000e+00 0.000000000000000000e+00 2.000795120693510398e-06 0.000000000000000000e+00 3.013751438629697077e-06 0.000000000000000000e+00 1.809559876164712477e-06 2.992873930907080648e-07 0.000000000000000000e+00 9.580056712366058491e-07 0.000000000000000000e+00
