0.000000000000000000e+00 0.000000000000000000e+00 0.000000000000000000e+00 0.000000000000000000e+00 0.000000000000000000e+00 0.000000000000000000e+00 0.000000000000000000e+00 1.782818511128425598e-02 4.441608209162950516e-03 0.000000000000000000e+00 0.000000000000000000e+00
9.611827321350574493e-03 0.000000000000000000e+00 8.677302859723567963e-03 0.000000000000000000e+00 0.000000000000000000e+00 0.000000000000000000e+00 1.143904883065260947e-04 0.000000000000000000e+00 7.059508352540433407e-04 0.000000000000000000e+00 0.000000000000000000e+00
0.000000000000000000e+00 7.214387413114309311e-03 0.000000000000000000e+00 0.000000000000000000e+00 6.081770639866590500e-03 8.345931768417358398e-03 0.000000000000000000e+00 3.619673952925950289e-04 0.000000000000000000e+00 0.000000000000000000e+00 0.000000000000000000e+00
8.285446092486381531e-03 0.000000000000000000e+00 0.000000000000000000e+00 8.454676717519760132e-03 1.838113926351070404e-02 0.000000000000000000e+00 1.885779784061014652e-03 9.434733539819717407e-03 0.000000000000000000e+00 1.085901094484142959e-04 0.000000000000000000e+00
1.580510433996096253e-04 3.781516861636191607e-04 1.489086425863206387e-04 3.613730659708380699e-04 0.000000000000000000e+00 2.758967166300863028e-04 1.011184358503669500e-04 1.494111638749018312e-04 1.920362119562923908e-04 4.118076467420905828e-04 6.363376160152256489e-04
0.000000000000000000e+00 0.000000000000000000e+00 0.000000000000000000e+00 0.000000000000000000e+00 0.000000000000000000e+00 0.000000000000000000e+00 0.000000000000000000e+00 0.000000000000000000e+00 0.000000000000000000e+00 0.000000000000000000e+00 0.000000000000000000e+00
1.330119650810956955e-02 5.284006241708993912e-03 0.000000000000000000e+00 0.000000000000000000e+00 0.000000000000000000e+00 9.404354728758335114e-03 0.000000000000000000e+00 3.617289708927273750e-03 6.729287095367908478e-03 1.322622131556272507e-02 8.793530054390430450e-03
0.000000000000000000e+00 1.039087399840354919e-02 0.000000000000000000e+00 1.487310160882771015e-03 0.000000000000000000e+00 0.000000000000000000e+00 7.406475488096475601e-03 0.000000000000000000e+00 1.028898917138576508e-02 0.000000000000000000e+00 1.030522119253873825e-02
0.000000000000000000e+00 0.000000000000000000e+00 4.805802600458264351e-04 0.000000000000000000e+00 0.000000000000000000e+00 0.000000000000000000e+00 8.325337432324886322e-03 0.000000000000000000e+00 0.000000000000000000e+00 0.000000000000000000e+00 6.288186181336641312e-03
7.671554107218980789e-03 2.043090993538498878e-03 7.307961583137512207e-03 0.000000000000000000e+00 3.996903449296951294e-02 5.626757629215717316e-03 0.000000000000000000e+00 0.000000000000000000e+00 0.000000000000000000e+00 4.187292361166328192e-04 5.975808948278427124e-03
0.000000000000000000e+00 2.768398985608655494e-07 4.789721970155369490e-06 0.000000000000000000e+00 9.865747415460646152e-06 0.000000000000000000e+00 2.122971409335150383e-06 3.022832743226899765e-06 0.000000000000000000e+00 0.000000000000000000e+00 1.020061759504642396e-07
