1.165773773193359375e+02 5.063075866699218750e+02 4.935755004882812500e+02 6.751116943359375000e+01 0.000000000000000000e+00 7.643907165527343750e+01 4.631835327148437500e+02 5.271623535156250000e+02 4.146340026855468750e+02 3.682599792480468750e+02 6.282720184326171875e+01
1.233356094360351562e+02 5.486730575561523438e+00 5.146757812500000000e+04 4.107725524902343750e+01 1.046153203125000000e+05 2.485443305969238281e+01 2.564616406250000000e+04 2.733309745788574219e+01 5.335246093750000000e+03 4.634975051879882812e+01 2.955390357971191406e+01
9.842796093750000000e+04 3.547076953125000000e+04 2.256861718750000000e+04 2.763315200805664062e+01 5.543597221374511719e+00 6.143708203125000000e+04 3.491839599609375000e+01 2.421524609375000000e+04 2.303787767887115479e-01 6.804803906250000000e+04 6.763084960937500000e+03
4.870714062500000000e+04 3.490167856216430664e-02 7.279709815979003906e+00 1.002547740936279297e+00 1.526569687500000000e+05 1.318305873870849609e+01 9.351704687500000000e+04 5.324974218750000000e+04 1.290485286712646484e+01 3.192380964756011963e-01 1.055866107344627380e-01
7.526465892791748047e+00 9.498476028442382812e+00 6.834933280944824219e+00 5.321537971496582031e+00 1.036462549564021174e-06 6.024212360382080078e+00 6.232159614562988281e+00 1.464607834815979004e+00 6.832582473754882812e+00 8.661369323730468750e+00 2.473592758178710938e+01
0.000000000000000000e+00 0.000000000000000000e+00 0.000000000000000000e+00 0.000000000000000000e+00 0.000000000000000000e+00 0.000000000000000000e+00 0.000000000000000000e+00 0.000000000000000000e+00 0.000000000000000000e+00 0.000000000000000000e+00 2.936142349243164062e+01
4.899216842651367188e+01 5.666972398757934570e-01 1.325356379311415367e-06 3.450623291015625000e+03 8.882429683580994606e-04 1.810325431823730469e+01 5.347392187500000000e+04 1.516273550805635750e-05 1.307844433593750000e+04 9.457282031250000000e+04 1.072091015625000000e+05
4.327701026340946555e-05 6.084378515625000000e+04 8.432913281250000000e+04 8.315274491906166077e-03 6.075008392333984375e+01 1.249156379699707031e+01 5.227571093750000000e+04 1.124985122680664062e+01 2.001216406250000000e+04 7.165112972259521484e+00 1.548086166381835938e+01
4.572041931152343750e+02 1.414496093750000000e+03 4.854978027343750000e+02 1.130953491210937500e+03 4.763668925988895353e-07 1.238117187500000000e+03 8.972343750000000000e+02 6.281475830078125000e+02 5.986848144531250000e+02 5.413613281250000000e+02 9.324906005859375000e+02
2.942515313625335693e-01 0.000000000000000000e+00 5.262102127075195312e+00 0.000000000000000000e+00 4.380447656250000000e+04 0.000000000000000000e+00 0.000000000000000000e+00 0.000000000000000000e+00 1.495620012283325195e-01 0.000000000000000000e+00 7.560014724731445312e-01
0.000000000000000000e+00 2.605325717013329268e-04 6.913219392299652100e-02 3.988336175098083913e-06 1.259769648313522339e-01 0.000000000000000000e+00 1.542388054076582193e-05 6.123958155512809753e-02 0.000000000000000000e+00 6.904936581850051880e-02 8.342610158251773100e-08
