0.000000000000000000e+00 0.000000000000000000e+00 3.748218761757016182e-03 0.000000000000000000e+00 0.000000000000000000e+00 0.000000000000000000e+00 5.010966677218675613e-03 8.426840067841112614e-04 3.303420031443238258e-03 0.000000000000000000e+00 0.000000000000000000e+00
0.000000000000000000e+00 0.000000000000000000e+00 7.889027707278728485e-03 0.000000000000000000e+00 0.000000000000000000e+00 0.000000000000000000e+00 1.434421399608254433e-03 0.000000000000000000e+00 0.000000000000000000e+00 0.000000000000000000e+00 0.000000000000000000e+00
0.000000000000000000e+00 1.661362242884933949e-03 2.071670605801045895e-04 1.340716989943757653e-04 0.000000000000000000e+00 6.750931497663259506e-03 1.326580299064517021e-03 0.000000000000000000e+00 0.000000000000000000e+00 7.767992559820413589e-03 0.000000000000000000e+00
8.943124674260616302e-03 0.000000000000000000e+00 0.000000000000000000e+00 0.000000000000000000e+00 0.000000000000000000e+00 0.000000000000000000e+00 0.000000000000000000e+00 5.346256308257579803e-03 3.333250293508172035e-03 6.099940277636051178e-03 0.000000000000000000e+00
0.000000000000000000e+00 2.021561376750469208e-04 1.393487218592781574e-05 3.321114854770712554e-05 0.000000000000000000e+00 1.037744223140180111e-04 3.623891461757011712e-05 0.000000000000000000e+00 5.642048563458956778e-05 3.212297815480269492e-05 4.571042372845113277e-04
0.000000000000000000e+00 2.182957483455538750e-03 3.660172224044799805e-03 3.522274317219853401e-03 0.000000000000000000e+00 1.723887957632541656e-02 4.133960232138633728e-03 0.000000000000000000e+00 1.136289676651358604e-03 7.806175854057073593e-03 2.271418832242488861e-02
1.256160903722047806e-03 0.000000000000000000e+00 0.000000000000000000e+00 5.179137922823429108e-03 0.000000000000000000e+00 3.571819979697465897e-03 9.894298273138701916e-05 0.000000000000000000e+00 0.000000000000000000e+00 4.714819137006998062e-03 0.000000000000000000e+00
0.000000000000000000e+00 0.000000000000000000e+00 1.140798674896359444e-03 0.000000000000000000e+00 4.300668952055275440e-04 0.000000000000000000e+00 0.000000000000000000e+00 0.000000000000000000e+00 0.000000000000000000e+00 0.000000000000000000e+00 2.128838794305920601e-03
0.000000000000000000e+00 0.000000000000000000e+00 0.000000000000000000e+00 2.741917036473751068e-03 0.000000000000000000e+00 0.000000000000000000e+00 1.377077423967421055e-04 0.000000000000000000e+00 1.204654108732938766e-03 2.339813159778714180e-03 1.701852539554238319e-03
2.927676076069474220e-03 3.999545238912105560e-03 7.003844715654850006e-03 0.000000000000000000e+00 1.848775334656238556e-02 0.000000000000000000e+00 0.000000000000000000e+00 2.541566209401935339e-04 7.666772697120904922e-03 0.000000000000000000e+00 7.136720698326826096e-03
0.000000000000000000e+00 0.000000000000000000e+00 2.908255055444897152e-06 2.822426949933287688e-07 5.471013082569697872e-06 0.000000000000000000e+00 2.201500137744005769e-06 6.588844371435698122e-06 0.000000000000000000e+00 3.588377694541122764e-06 0.000000000000000000e+00
