0.000000000000000000e+00 0.000000000000000000e+00 8.572300896048545837e-03 0.000000000000000000e+00 0.000000000000000000e+00 0.000000000000000000e+00 6.420951336622238159e-03 3.862079000100493431e-03 4.403674509376287460e-03 0.000000000000000000e+00 0.000000000000000000e+00
1.128220744431018829e-02 0.000000000000000000e+00 1.103608589619398117e-02 0.000000000000000000e+00 0.000000000000000000e+00 0.000000000000000000e+00 8.376544574275612831e-04 1.373515580780804157e-03 7.838282734155654907e-03 0.000000000000000000e+00 6.304379785433411598e-04
0.000000000000000000e+00 9.159458801150321960e-03 2.239583758637309074e-03 3.315580077469348907e-03 0.000000000000000000e+00 1.533838827162981033e-02 0.000000000000000000e+00 0.000000000000000000e+00 0.000000000000000000e+00 4.446594044566154480e-03 2.148979343473911285e-03
1.319613400846719742e-02 8.475587237626314163e-04 2.591213677078485489e-03 9.412630461156368256e-04 3.695974824950098991e-03 7.646302110515534878e-04 5.123673006892204285e-03 7.931039668619632721e-03 2.472598571330308914e-03 2.504119882360100746e-03 0.000000000000000000e+00
1.455242309020832181e-04 2.260030887555330992e-04 3.010748187080025673e-04 7.714647654211148620e-05 0.000000000000000000e+00 1.466095127398148179e-04 2.450999163556843996e-04 1.233815128216519952e-04 2.769622369669377804e-04 3.738483937922865152e-04 7.925508543848991394e-04
0.000000000000000000e+00 0.000000000000000000e+00 0.000000000000000000e+00 0.000000000000000000e+00 0.000000000000000000e+00 0.000000000000000000e+00 0.000000000000000000e+00 0.000000000000000000e+00 0.000000000000000000e+00 0.000000000000000000e+00 1.035289140418171883e-03
8.642273023724555969e-03 0.000000000000000000e+00 0.000000000000000000e+00 2.287258859723806381e-03 2.660192549228668213e-03 0.000000000000000000e+00 0.000000000000000000e+00 6.936841178685426712e-03 0.000000000000000000e+00 2.447488484904170036e-03 7.328468840569257736e-03
0.000000000000000000e+00 7.852073758840560913e-03 0.000000000000000000e+00 0.000000000000000000e+00 3.817643737420439720e-03 4.101992119103670120e-03 4.159031959716230631e-04 6.787732709199190140e-03 2.558790612965822220e-03 0.000000000000000000e+00 0.000000000000000000e+00
0.000000000000000000e+00 1.465096604079008102e-03 1.613705046474933624e-02 3.790597897022962570e-03 0.000000000000000000e+00 2.044943161308765411e-03 2.999998396262526512e-03 0.000000000000000000e+00 4.204342607408761978e-03 6.676172488369047642e-04 4.503805655986070633e-03
2.850672171916812658e-04 7.146644638851284981e-04 1.414486858993768692e-02 0.000000000000000000e+00 4.926678910851478577e-02 0.000000000000000000e+00 0.000000000000000000e+00 0.000000000000000000e+00 6.081503350287675858e-03 0.000000000000000000e+00 1.737498305737972260e-02
0.000000000000000000e+00 0.000000000000000000e+00 3.428019454077002592e-06 3.868769454129505903e-06 7.859608558646868914e-06 0.000000000000000000e+00 0.000000000000000000e+00 1.773133703864004929e-06 0.000000000000000000e+00 4.054196324432268739e-06 0.000000000000000000e+00
