0.000000000000000000e+00 0.000000000000000000e+00 7.061270996928215027e-03 0.000000000000000000e+00 0.000000000000000000e+00 0.000000000000000000e+00 1.211338117718696594e-02 0.000000000000000000e+00 7.509448565542697906e-03 2.426119754090905190e-03 0.000000000000000000e+00
9.921473450958728790e-03 0.000000000000000000e+00 3.529610577970743179e-03 6.286235526204109192e-03 0.000000000000000000e+00 1.600043149664998055e-03 4.974327050149440765e-03 0.000000000000000000e+00 1.070971600711345673e-03 0.000000000000000000e+00 1.192832132801413536e-03
2.170092193409800529e-03 4.135358612984418869e-03 5.084871780127286911e-03 0.000000000000000000e+00 0.000000000000000000e+00 1.301879249513149261e-02 8.785761892795562744e-03 0.000000000000000000e+00 8.877201005816459656e-03 3.801590530201792717e-03 0.000000000000000000e+00
9.778439998626708984e-03 0.000000000000000000e+00 0.000000000000000000e+00 2.489425009116530418e-03 4.100753460079431534e-03 2.429468790069222450e-03 1.027306891046464443e-03 7.458586711436510086e-03 0.000000000000000000e+00 3.402967471629381180e-03 0.000000000000000000e+00
2.553906415414530784e-05 4.933289528707973659e-05 1.411051925970241427e-04 1.590709725860506296e-04 0.000000000000000000e+00 6.282429239945486188e-05 3.587177707231603563e-05 1.059410351444967091e-04 4.513591647992143407e-06 1.413782447343692183e-04 4.184504214208573103e-04
0.000000000000000000e+00 0.000000000000000000e+00 0.000000000000000000e+00 0.000000000000000000e+00 0.000000000000000000e+00 0.000000000000000000e+00 0.000000000000000000e+00 0.000000000000000000e+00 0.000000000000000000e+00 0.000000000000000000e+00 0.000000000000000000e+00
7.101892842911183834e-04 1.288210693746805191e-02 0.000000000000000000e+00 0.000000000000000000e+00 0.000000000000000000e+00 0.000000000000000000e+00 3.223977284505963326e-03 2.413395326584577560e-03 0.000000000000000000e+00 7.412403938360512257e-04 8.526586927473545074e-03
0.000000000000000000e+00 4.430263652466237545e-04 0.000000000000000000e+00 0.000000000000000000e+00 0.000000000000000000e+00 0.000000000000000000e+00 1.074637868441641331e-03 0.000000000000000000e+00 1.210956089198589325e-02 0.000000000000000000e+00 0.000000000000000000e+00
0.000000000000000000e+00 5.697260145097970963e-03 1.670129480771720409e-03 1.043288735672831535e-03 0.000000000000000000e+00 0.000000000000000000e+00 2.142978832125663757e-03 2.852903911843895912e-03 3.385133575648069382e-03 0.000000000000000000e+00 1.281047239899635315e-03
0.000000000000000000e+00 0.000000000000000000e+00 1.292956061661243439e-02 3.029362531378865242e-03 4.002432525157928467e-02 0.000000000000000000e+00 4.651337396353483200e-03 0.000000000000000000e+00 5.123867653310298920e-03 0.000000000000000000e+00 1.832019165158271790e-02
0.000000000000000000e+00 0.000000000000000000e+00 4.754512701765634120e-06 0.000000000000000000e+00 8.668370355735532939e-06 0.000000000000000000e+00 0.000000000000000000e+00 1.591419618307554629e-06 0.000000000000000000e+00 3.957689386879792437e-06 0.000000000000000000e+00
