0.000000000000000000e+00 0.000000000000000000e+00 0.000000000000000000e+00 0.000000000000000000e+00 0.000000000000000000e+00 0.000000000000000000e+00 3.558046882972121239e-03 8.412924362346529961e-04 1.792907598428428173e-03 0.000000000000000000e+00 0.000000000000000000e+00
3.285474842414259911e-03 0.000000000000000000e+00 4.905960304313339293e-05 0.000000000000000000e+00 9.766768198460340500e-04 0.000000000000000000e+00 3.747087204828858376e-03 5.371252773329615593e-04 0.000000000000000000e+00 0.000000000000000000e+00 2.292968798428773880e-03
0.000000000000000000e+00 5.399642977863550186e-04 2.479122718796133995e-03 1.119319815188646317e-03 0.000000000000000000e+00 0.000000000000000000e+00 1.125243259593844414e-03 0.000000000000000000e+00 0.000000000000000000e+00 2.084496896713972092e-03 8.052491466514766216e-05
7.286570500582456589e-03 0.000000000000000000e+00 1.899424009025096893e-03 0.000000000000000000e+00 0.000000000000000000e+00 0.000000000000000000e+00 0.000000000000000000e+00 2.507627941668033600e-03 5.341685842722654343e-03 3.695263061672449112e-03 0.000000000000000000e+00
4.221712970320368186e-06 1.320812152698636055e-04 1.071690567187033594e-04 9.975105058401823044e-05 0.000000000000000000e+00 3.264524275436997414e-05 1.411251869285479188e-04 1.118366344599053264e-04 8.849297591950744390e-05 1.198077588924206793e-04 3.447060298640280962e-04
0.000000000000000000e+00 0.000000000000000000e+00 0.000000000000000000e+00 0.000000000000000000e+00 0.000000000000000000e+00 4.286604525987058878e-04 0.000000000000000000e+00 0.000000000000000000e+00 0.000000000000000000e+00 0.000000000000000000e+00 0.000000000000000000e+00
1.272855210117995739e-03 0.000000000000000000e+00 0.000000000000000000e+00 0.000000000000000000e+00 0.000000000000000000e+00 2.253791783004999161e-03 0.000000000000000000e+00 0.000000000000000000e+00 2.388161141425371170e-03 2.801470924168825150e-03 0.000000000000000000e+00
0.000000000000000000e+00 3.057647962123155594e-03 2.936675446107983589e-04 0.000000000000000000e+00 1.247111504198983312e-04 0.000000000000000000e+00 0.000000000000000000e+00 0.000000000000000000e+00 8.240772876888513565e-05 0.000000000000000000e+00 1.678137574344873428e-03
1.272568386048078537e-02 1.283654198050498962e-02 1.462766341865062714e-02 1.152561791241168976e-02 0.000000000000000000e+00 1.193954050540924072e-02 1.160525716841220856e-02 1.126419007778167725e-02 1.212299801409244537e-02 7.180621847510337830e-03 1.845950633287429810e-02
3.347575664520263672e-03 0.000000000000000000e+00 1.579880248755216599e-03 0.000000000000000000e+00 2.021677792072296143e-02 0.000000000000000000e+00 0.000000000000000000e+00 0.000000000000000000e+00 2.565476112067699432e-03 3.225649474188685417e-03 5.328347906470298767e-03
0.000000000000000000e+00 7.819878646841971204e-07 1.339954110335384030e-06 5.396352662501158193e-07 2.519873760320479050e-06 0.000000000000000000e+00 1.965019464478245936e-06 2.191304929510806687e-06 0.000000000000000000e+00 1.930078042278182693e-06 0.000000000000000000e+00
