0.000000000000000000e+00 0.000000000000000000e+00 7.735662162303924561e-03 0.000000000000000000e+00 0.000000000000000000e+00 0.000000000000000000e+00 0.000000000000000000e+00 3.433833364397287369e-03 0.000000000000000000e+00 0.000000000000000000e+00 0.000000000000000000e+00
9.137078188359737396e-03 0.000000000000000000e+00 5.646626930683851242e-03 3.382117487490177155e-03 0.000000000000000000e+00 0.000000000000000000e+00 0.000000000000000000e+00 0.000000000000000000e+00 0.000000000000000000e+00 0.000000000000000000e+00 0.000000000000000000e+00
6.263269460760056973e-05 5.037593073211610317e-04 5.282075610011816025e-03 0.000000000000000000e+00 0.000000000000000000e+00 1.022153254598379135e-02 1.595186418853700161e-03 0.000000000000000000e+00 0.000000000000000000e+00 6.428440567106008530e-03 4.823297495022416115e-04
1.149596925824880600e-02 0.000000000000000000e+00 0.000000000000000000e+00 0.000000000000000000e+00 8.409616537392139435e-03 2.484839642420411110e-04 9.876224212348461151e-03 6.133154500275850296e-03 4.456819035112857819e-03 0.000000000000000000e+00 0.000000000000000000e+00
7.035274029476568103e-05 2.330016577616333961e-04 1.668525364948436618e-04 1.539013319415971637e-04 0.000000000000000000e+00 2.336605248274281621e-04 2.475716755725443363e-04 1.044101663865149021e-04 2.753148146439343691e-04 3.393068618606775999e-04 6.903675384819507599e-04
0.000000000000000000e+00 0.000000000000000000e+00 0.000000000000000000e+00 0.000000000000000000e+00 0.000000000000000000e+00 0.000000000000000000e+00 0.000000000000000000e+00 0.000000000000000000e+00 0.000000000000000000e+00 0.000000000000000000e+00 2.743798075243830681e-03
4.008948802947998047e-03 0.000000000000000000e+00 0.000000000000000000e+00 5.835949443280696869e-03 0.000000000000000000e+00 3.875338938087224960e-03 5.051906686276197433e-03 1.403721608221530914e-02 9.454725310206413269e-03 5.229668691754341125e-03 5.614217952825129032e-04
0.000000000000000000e+00 5.476018879562616348e-03 1.455071382224559784e-03 9.773616511665750295e-07 2.109005254169460386e-05 1.627239282242953777e-03 2.103353384882211685e-03 1.407574745826423168e-03 2.612147945910692215e-03 0.000000000000000000e+00 1.055700588040053844e-03
7.011920213699340820e-03 5.841917824000120163e-03 1.492005307227373123e-03 4.837450687773525715e-04 0.000000000000000000e+00 4.542487207800149918e-03 1.188526209443807602e-02 0.000000000000000000e+00 0.000000000000000000e+00 3.403821494430303574e-03 8.281504269689321518e-04
4.349334631115198135e-03 9.405118413269519806e-03 1.094014663249254227e-02 0.000000000000000000e+00 3.583027049899101257e-02 0.000000000000000000e+00 0.000000000000000000e+00 0.000000000000000000e+00 7.108273450285196304e-03 0.000000000000000000e+00 1.362453121691942215e-02
0.000000000000000000e+00 0.000000000000000000e+00 3.293673671578289941e-06 3.114961828032392077e-06 5.778832928626798093e-06 0.000000000000000000e+00 0.000000000000000000e+00 7.174259053499554284e-08 0.000000000000000000e+00 1.750467731653770898e-06 1.179454489630415992e-08
