0.000000000000000000e+00 1.486502122133970261e-03 1.455218298360705376e-03 0.000000000000000000e+00 0.000000000000000000e+00 0.000000000000000000e+00 9.089102037250995636e-03 0.000000000000000000e+00 4.025453701615333557e-03 0.000000000000000000e+00 0.000000000000000000e+00
9.286554530262947083e-03 0.000000000000000000e+00 7.873410359025001526e-03 3.955096937716007233e-03 1.360216177999973297e-03 0.000000000000000000e+00 2.209343481808900833e-03 7.061479263938963413e-04 0.000000000000000000e+00 0.000000000000000000e+00 0.000000000000000000e+00
0.000000000000000000e+00 4.782238509505987167e-03 5.584578611887991428e-04 1.192894531413912773e-03 0.000000000000000000e+00 1.654739957302808762e-03 8.323197253048419952e-03 0.000000000000000000e+00 7.623594137839972973e-05 1.381068024784326553e-02 1.566857215948402882e-03
8.183224126696586609e-03 0.000000000000000000e+00 0.000000000000000000e+00 0.000000000000000000e+00 0.000000000000000000e+00 2.916655736044049263e-03 1.153382356278598309e-03 8.333817124366760254e-03 6.814400665462017059e-03 2.105766208842396736e-03 0.000000000000000000e+00
2.765395947790239006e-05 2.071553317364305258e-04 2.380010118940845132e-04 1.730858930386602879e-04 0.000000000000000000e+00 1.339602313237264752e-04 2.881419204641133547e-04 1.309432700509205461e-04 2.120880672009661794e-04 2.124635502696037292e-04 8.018501685000956059e-04
0.000000000000000000e+00 0.000000000000000000e+00 0.000000000000000000e+00 0.000000000000000000e+00 0.000000000000000000e+00 0.000000000000000000e+00 0.000000000000000000e+00 0.000000000000000000e+00 0.000000000000000000e+00 0.000000000000000000e+00 0.000000000000000000e+00
0.000000000000000000e+00 4.993619862943887711e-03 0.000000000000000000e+00 7.073612883687019348e-03 0.000000000000000000e+00 2.483524614945054054e-03 2.650675131008028984e-03 1.525838393718004227e-03 8.697179146111011505e-03 6.051314994692802429e-04 6.926230154931545258e-03
0.000000000000000000e+00 0.000000000000000000e+00 0.000000000000000000e+00 0.000000000000000000e+00 0.000000000000000000e+00 0.000000000000000000e+00 0.000000000000000000e+00 0.000000000000000000e+00 2.642505336552858353e-03 0.000000000000000000e+00 0.000000000000000000e+00
0.000000000000000000e+00 3.484559711068868637e-03 6.174596492201089859e-03 0.000000000000000000e+00 0.000000000000000000e+00 2.364194486290216446e-03 0.000000000000000000e+00 0.000000000000000000e+00 5.816285964101552963e-03 0.000000000000000000e+00 5.649602506309747696e-03
4.793425556272268295e-03 0.000000000000000000e+00 1.352172065526247025e-02 0.000000000000000000e+00 4.147011786699295044e-02 0.000000000000000000e+00 0.000000000000000000e+00 0.000000000000000000e+00 1.031286641955375671e-02 0.000000000000000000e+00 1.383369788527488708e-02
0.000000000000000000e+00 0.000000000000000000e+00 4.323224402469350025e-06 0.000000000000000000e+00 1.307060119870584458e-05 0.000000000000000000e+00 2.489678308847942390e-06 3.916797595593379810e-06 0.000000000000000000e+00 5.472868906508665532e-06 0.000000000000000000e+00
