0.000000000000000000e+00 2.762642456218600273e-03 0.000000000000000000e+00 0.000000000000000000e+00 0.000000000000000000e+00 0.000000000000000000e+00 0.000000000000000000e+00 8.067552000284194946e-03 0.000000000000000000e+00 0.000000000000000000e+00 0.000000000000000000e+00
1.390635874122381210e-02 0.000000000000000000e+00 6.941902916878461838e-03 0.000000000000000000e+00 4.585678223520517349e-03 5.812355317175388336e-03 0.000000000000000000e+00 0.000000000000000000e+00 3.707495983690023422e-03 0.000000000000000000e+00 0.000000000000000000e+00
0.000000000000000000e+00 8.014444261789321899e-03 1.974018232431262732e-04 0.000000000000000000e+00 1.272580237127840519e-03 8.542657829821109772e-03 2.498318441212177277e-03 0.000000000000000000e+00 0.000000000000000000e+00 1.106719393283128738e-02 1.623704796656966209e-03
5.305051803588867188e-03 0.000000000000000000e+00 0.000000000000000000e+00 0.000000000000000000e+00 7.521132938563823700e-03 5.308491177856922150e-03 0.000000000000000000e+00 1.055124122649431229e-02 0.000000000000000000e+00 0.000000000000000000e+00 0.000000000000000000e+00
0.000000000000000000e+00 1.113834732677787542e-04 0.000000000000000000e+00 6.894147372804582119e-05 0.000000000000000000e+00 4.515066029853187501e-05 1.404114591423422098e-04 5.021864490117877722e-05 2.222890725533943623e-05 9.744703856995329261e-05 3.203703381586819887e-04
0.000000000000000000e+00 0.000000000000000000e+00 0.000000000000000000e+00 0.000000000000000000e+00 0.000000000000000000e+00 0.000000000000000000e+00 0.000000000000000000e+00 0.000000000000000000e+00 0.000000000000000000e+00 0.000000000000000000e+00 0.000000000000000000e+00
3.486852161586284637e-03 7.117482833564281464e-03 0.000000000000000000e+00 0.000000000000000000e+00 0.000000000000000000e+00 1.627439633011817932e-03 5.564053077250719070e-03 4.161152988672256470e-03 7.828540168702602386e-03 1.671192795038223267e-02 1.134959328919649124e-02
0.000000000000000000e+00 4.295109305530786514e-03 0.000000000000000000e+00 0.000000000000000000e+00 0.000000000000000000e+00 0.000000000000000000e+00 0.000000000000000000e+00 0.000000000000000000e+00 1.219167280942201614e-02 5.338265560567378998e-03 4.920549690723419189e-03
0.000000000000000000e+00 4.029726609587669373e-03 0.000000000000000000e+00 0.000000000000000000e+00 0.000000000000000000e+00 5.667984951287508011e-04 1.535161747597157955e-03 0.000000000000000000e+00 2.463751879986375570e-04 0.000000000000000000e+00 0.000000000000000000e+00
6.103215739130973816e-03 1.426593225914984941e-04 9.283944033086299896e-03 0.000000000000000000e+00 3.986512869596481323e-02 0.000000000000000000e+00 0.000000000000000000e+00 0.000000000000000000e+00 0.000000000000000000e+00 0.000000000000000000e+00 7.899303920567035675e-03
0.000000000000000000e+00 0.000000000000000000e+00 8.174121830961667001e-06 9.060788102033257019e-07 1.582818913448136300e-05 0.000000000000000000e+00 1.150543812400428578e-05 3.066025726639054483e-07 2.273908648930955678e-06 5.547953605855582282e-06 0.000000000000000000e+00
