0.000000000000000000e+00 3.013746580109000206e-03 3.318452974781394005e-03 0.000000000000000000e+00 0.000000000000000000e+00 0.000000000000000000e+00 4.528234247118234634e-03 9.454842074774205685e-05 0.000000000000000000e+00 0.000000000000000000e+00 0.000000000000000000e+00
1.683674403466284275e-03 0.000000000000000000e+00 1.329577062278985977e-02 4.778359550982713699e-03 0.000000000000000000e+00 2.449201885610818863e-03 4.716788884252309799e-03 0.000000000000000000e+00 0.000000000000000000e+00 0.000000000000000000e+00 0.000000000000000000e+00
0.000000000000000000e+00 1.108183525502681732e-02 0.000000000000000000e+00 0.000000000000000000e+00 0.000000000000000000e+00 6.077462807297706604e-03 3.380564041435718536e-03 0.000000000000000000e+00 4.418017808347940445e-03 3.207240486517548561e-03 0.000000000000000000e+00
6.113746203482151031e-03 3.220416838303208351e-03 0.000000000000000000e+00 2.727500861510634422e-03 0.000000000000000000e+00 1.236547715961933136e-02 1.303330762311816216e-03 1.892258413136005402e-02 0.000000000000000000e+00 0.000000000000000000e+00 0.000000000000000000e+00
0.000000000000000000e+00 1.285874459426850080e-04 1.959255168912932277e-04 1.396252191625535488e-04 0.000000000000000000e+00 1.625308686925563961e-05 7.363169424934312701e-05 3.418970663915388286e-05 4.858706233790144324e-05 1.447522226953878999e-04 5.105722812004387379e-04
0.000000000000000000e+00 0.000000000000000000e+00 0.000000000000000000e+00 0.000000000000000000e+00 0.000000000000000000e+00 0.000000000000000000e+00 0.000000000000000000e+00 0.000000000000000000e+00 0.000000000000000000e+00 0.000000000000000000e+00 0.000000000000000000e+00
6.416983902454376221e-03 1.220263633877038956e-02 0.000000000000000000e+00 7.697430439293384552e-03 0.000000000000000000e+00 7.675428409129381180e-03 0.000000000000000000e+00 4.231893923133611679e-03 7.865119841881096363e-04 4.710035864263772964e-03 8.962668478488922119e-03
0.000000000000000000e+00 8.548340760171413422e-03 0.000000000000000000e+00 0.000000000000000000e+00 0.000000000000000000e+00 0.000000000000000000e+00 0.000000000000000000e+00 2.304395660758018494e-03 7.349888794124126434e-03 0.000000000000000000e+00 0.000000000000000000e+00
0.000000000000000000e+00 1.427422161214053631e-03 3.889228682965040207e-03 0.000000000000000000e+00 0.000000000000000000e+00 3.025419136974960566e-04 1.444187760353088379e-02 0.000000000000000000e+00 0.000000000000000000e+00 4.517750348895788193e-03 0.000000000000000000e+00
9.585989639163017273e-03 0.000000000000000000e+00 1.549756620079278946e-02 0.000000000000000000e+00 4.055859521031379700e-02 6.683126412099227309e-05 0.000000000000000000e+00 0.000000000000000000e+00 8.014315739274024963e-03 0.000000000000000000e+00 1.000421307981014252e-02
0.000000000000000000e+00 0.000000000000000000e+00 3.495471673886640929e-06 1.730967795765536721e-07 8.570648788008838892e-06 0.000000000000000000e+00 1.202446924253308680e-06 3.268656882937648334e-06 0.000000000000000000e+00 2.576082351879449561e-06 0.000000000000000000e+00
