0.000000000000000000e+00 0.000000000000000000e+00 3.804943291470408440e-03 0.000000000000000000e+00 0.000000000000000000e+00 0.000000000000000000e+00 6.214507855474948883e-03 1.475450117141008377e-02 4.539859015494585037e-03 0.000000000000000000e+00 0.000000000000000000e+00
1.232497673481702805e-02 0.000000000000000000e+00 4.197730682790279388e-03 0.000000000000000000e+00 0.000000000000000000e+00 4.039959516376256943e-03 0.000000000000000000e+00 0.000000000000000000e+00 0.000000000000000000e+00 0.000000000000000000e+00 0.000000000000000000e+00
3.341258037835359573e-03 4.554468207061290741e-03 0.000000000000000000e+00 0.000000000000000000e+00 9.604695253074169159e-03 0.000000000000000000e+00 4.180046729743480682e-03 0.000000000000000000e+00 0.000000000000000000e+00 2.317559672519564629e-03 0.000000000000000000e+00
6.104722153395414352e-03 5.413881968706846237e-03 0.000000000000000000e+00 2.916967496275901794e-04 8.013817481696605682e-03 0.000000000000000000e+00 4.508536309003829956e-03 1.344872452318668365e-02 0.000000000000000000e+00 2.590511692687869072e-03 0.000000000000000000e+00
1.434892474208027124e-04 3.894980472978204489e-04 2.396003110334277153e-04 3.199227503500878811e-04 0.000000000000000000e+00 2.592301461845636368e-04 3.119330503977835178e-04 9.302211401518434286e-05 2.330193092348054051e-04 4.556018975563347340e-04 6.710506277158856392e-04
0.000000000000000000e+00 0.000000000000000000e+00 0.000000000000000000e+00 0.000000000000000000e+00 0.000000000000000000e+00 0.000000000000000000e+00 0.000000000000000000e+00 0.000000000000000000e+00 0.000000000000000000e+00 0.000000000000000000e+00 8.754012524150311947e-04
1.097054965794086456e-02 1.600408286321908236e-04 0.000000000000000000e+00 6.603232031920924783e-05 0.000000000000000000e+00 2.814683131873607635e-03 0.000000000000000000e+00 2.395906252786517143e-03 4.576543346047401428e-03 8.057919330894947052e-03 6.953821051865816116e-03
0.000000000000000000e+00 1.715344376862049103e-02 0.000000000000000000e+00 2.838489366695284843e-03 5.672977422364056110e-04 4.893219374935142696e-05 0.000000000000000000e+00 0.000000000000000000e+00 8.223149925470352173e-03 0.000000000000000000e+00 0.000000000000000000e+00
5.368146230466663837e-04 0.000000000000000000e+00 3.755772951990365982e-03 4.657529760152101517e-03 0.000000000000000000e+00 0.000000000000000000e+00 8.836003020405769348e-03 0.000000000000000000e+00 0.000000000000000000e+00 8.605958893895149231e-03 1.231777109205722809e-02
7.369741797447204590e-03 3.593752859160304070e-03 1.455916929990053177e-02 0.000000000000000000e+00 5.006401985883712769e-02 0.000000000000000000e+00 1.078461878933012486e-03 0.000000000000000000e+00 8.803363889455795288e-03 0.000000000000000000e+00 7.332193199545145035e-03
0.000000000000000000e+00 0.000000000000000000e+00 4.243288458383176476e-06 1.772573455127712805e-06 4.098213139513973147e-06 0.000000000000000000e+00 1.661265741859097034e-06 1.839935180214524735e-06 0.000000000000000000e+00 1.692400587671727408e-06 0.000000000000000000e+00
