4.352344572544097900e-01 4.327566146850585938e+00 4.855552673339843750e+00 1.134571075439453125e+00 3.984536975622177124e-02 3.391580879688262939e-01 5.546873092651367188e+00 5.421614170074462891e+00 5.287818908691406250e+00 3.544634342193603516e+00 5.736444145441055298e-02
1.501615781250000000e+05 6.965874543851668932e-09 4.616248168945312500e+02 1.579934120178222656e+01 1.091035079956054688e+01 4.716056823730468750e+01 1.266659240722656250e+02 2.876147460937500000e+01 1.295419453125000000e+05 8.200123161077499390e-02 4.729906845092773438e+01
8.372352600097656250e+00 3.523857116699218750e+02 7.447026729583740234e+00 2.926355590820312500e+02 1.612523193359375000e+02 1.044555511474609375e+02 8.212164062500000000e+04 3.444530963897705078e+00 8.223803341388702393e-02 2.660964687500000000e+05 9.269505739212036133e-01
1.080543984375000000e+05 2.735913895435260201e-08 2.148188781738281250e+02 4.505008473643101752e-05 2.360899353027343750e+02 7.672408486314452603e-09 1.487114257812500000e+02 1.473515332031250000e+04 3.226420898437500000e+02 1.966862304687500000e+03 0.000000000000000000e+00
2.492610740661621094e+01 5.794046783447265625e+01 2.818998336791992188e+01 1.846072196960449219e+01 5.025867721997201443e-06 1.374699211120605469e+01 3.458105087280273438e+01 2.439084625244140625e+01 5.453379440307617188e+01 6.101234436035156250e+01 1.460619812011718750e+02
0.000000000000000000e+00 0.000000000000000000e+00 0.000000000000000000e+00 2.258823394775390625e+00 0.000000000000000000e+00 1.780199432373046875e+02 0.000000000000000000e+00 1.574210524559020996e-01 1.864803880453109741e-01 1.155576482415199280e-02 9.036142968750000000e+04
2.358068164062500000e+04 1.624481323242187500e+03 2.112803077697753906e+01 2.429952812500000000e+05 5.542120933532714844e+00 4.069813919067382812e+01 1.006263732910156250e+02 1.574333953857421875e+02 3.899118347167968750e+02 5.467894531250000000e+03 7.501850891113281250e+01
1.097249082704365719e-06 1.116386953125000000e+05 1.789351562500000000e+05 6.755907088518142700e-02 4.337722015380859375e+01 2.061988830566406250e+02 9.074245452880859375e+01 6.240629196166992188e+00 2.676060676574707031e+01 2.946286258520558476e-05 8.071666717529296875e+00
8.691146850585937500e+02 4.826429199218750000e+03 6.249676757812500000e+03 6.144893554687500000e+03 1.053799607575456321e-07 3.598324951171875000e+03 5.760634765625000000e+03 2.315665283203125000e+03 3.474360839843750000e+03 3.797854492187500000e+03 3.293181152343750000e+03
3.823902368545532227e+00 1.488909482955932617e+00 1.630736160278320312e+01 6.224581156857311726e-04 1.143067734375000000e+05 2.355817079544067383e+00 3.118280768394470215e-01 0.000000000000000000e+00 2.648488521575927734e+00 0.000000000000000000e+00 1.592603613281250000e+04
0.000000000000000000e+00 1.811793744564056396e-01 3.349711418151855469e+00 3.976829946041107178e-01 5.823770999908447266e+00 0.000000000000000000e+00 1.111896038055419922e-01 3.455884933471679688e+00 0.000000000000000000e+00 2.276190757751464844e+00 4.034576006233692169e-03
