0.000000000000000000e+00 7.694653235375881195e-03 0.000000000000000000e+00 0.000000000000000000e+00 0.000000000000000000e+00 0.000000000000000000e+00 1.534148585051298141e-02 1.231628842651844025e-02 1.557912444695830345e-03 0.000000000000000000e+00 0.000000000000000000e+00
1.527461688965559006e-03 0.000000000000000000e+00 2.585724927484989166e-03 0.000000000000000000e+00 0.000000000000000000e+00 2.572448691353201866e-03 0.000000000000000000e+00 0.000000000000000000e+00 0.000000000000000000e+00 0.000000000000000000e+00 0.000000000000000000e+00
0.000000000000000000e+00 9.425072930753231049e-03 0.000000000000000000e+00 0.000000000000000000e+00 0.000000000000000000e+00 1.556593552231788635e-02 0.000000000000000000e+00 0.000000000000000000e+00 0.000000000000000000e+00 4.246441181749105453e-03 0.000000000000000000e+00
4.846383817493915558e-03 0.000000000000000000e+00 0.000000000000000000e+00 0.000000000000000000e+00 7.872859947383403778e-03 0.000000000000000000e+00 5.344673525542020798e-03 0.000000000000000000e+00 1.586638682056218386e-04 0.000000000000000000e+00 0.000000000000000000e+00
1.130752571043558419e-04 3.071618848480284214e-04 1.486273831687867641e-04 2.911077463068068027e-04 0.000000000000000000e+00 1.887789694592356682e-04 3.224769898224622011e-04 1.472769799875095487e-04 2.412556641502305865e-04 3.227599372621625662e-04 4.942848463542759418e-04
0.000000000000000000e+00 0.000000000000000000e+00 0.000000000000000000e+00 0.000000000000000000e+00 0.000000000000000000e+00 0.000000000000000000e+00 0.000000000000000000e+00 0.000000000000000000e+00 0.000000000000000000e+00 0.000000000000000000e+00 2.977355383336544037e-03
7.719069719314575195e-03 0.000000000000000000e+00 0.000000000000000000e+00 8.287940290756523609e-04 1.855207723565399647e-03 4.072147421538829803e-03 0.000000000000000000e+00 1.263469923287630081e-02 8.611137047410011292e-03 2.572561847046017647e-03 9.639159776270389557e-03
0.000000000000000000e+00 1.570578478276729584e-02 5.080756964161992073e-04 0.000000000000000000e+00 1.209601992741227150e-03 4.765358171425759792e-04 0.000000000000000000e+00 0.000000000000000000e+00 7.079896982759237289e-03 0.000000000000000000e+00 3.918668255209922791e-03
0.000000000000000000e+00 6.875236053019762039e-03 0.000000000000000000e+00 0.000000000000000000e+00 0.000000000000000000e+00 8.918656967580318451e-04 0.000000000000000000e+00 0.000000000000000000e+00 2.676910022273659706e-03 0.000000000000000000e+00 4.408952314406633377e-03
0.000000000000000000e+00 2.164726378396153450e-03 9.284126572310924530e-03 1.379013760015368462e-03 3.084993548691272736e-02 5.881519522517919540e-03 0.000000000000000000e+00 0.000000000000000000e+00 4.075145348906517029e-03 0.000000000000000000e+00 1.482242532074451447e-02
0.000000000000000000e+00 0.000000000000000000e+00 4.111880684831703547e-07 5.365282618186029140e-08 4.621759217116050422e-06 0.000000000000000000e+00 0.000000000000000000e+00 6.119812496763188392e-07 0.000000000000000000e+00 1.580734874551126268e-06 1.126643837778829038e-06
