0.000000000000000000e+00 2.339849481359124184e-03 0.000000000000000000e+00 0.000000000000000000e+00 0.000000000000000000e+00 0.000000000000000000e+00 5.634779110550880432e-03 4.018558654934167862e-03 0.000000000000000000e+00 0.000000000000000000e+00 0.000000000000000000e+00
7.336311973631381989e-03 0.000000000000000000e+00 1.109544839709997177e-02 1.137824263423681259e-02 0.000000000000000000e+00 0.000000000000000000e+00 1.598252798430621624e-03 0.000000000000000000e+00 1.273906789720058441e-03 0.000000000000000000e+00 0.000000000000000000e+00
3.453194163739681244e-03 1.261327508836984634e-02 6.372720468789339066e-03 0.000000000000000000e+00 9.414368309080600739e-03 6.276444066315889359e-03 3.208712674677371979e-03 0.000000000000000000e+00 3.702591639012098312e-03 4.354166798293590546e-03 6.214932538568973541e-03
7.555052172392606735e-03 0.000000000000000000e+00 0.000000000000000000e+00 3.813171293586492538e-03 0.000000000000000000e+00 1.788355526514351368e-03 2.794693456962704659e-03 9.646322578191757202e-03 0.000000000000000000e+00 5.811990704387426376e-03 0.000000000000000000e+00
0.000000000000000000e+00 3.599896808736957610e-05 0.000000000000000000e+00 9.610082634026184678e-05 0.000000000000000000e+00 0.000000000000000000e+00 0.000000000000000000e+00 7.393986743409186602e-05 8.962045831140130758e-05 5.974351734039373696e-05 5.193556426092982292e-04
0.000000000000000000e+00 0.000000000000000000e+00 0.000000000000000000e+00 0.000000000000000000e+00 0.000000000000000000e+00 2.941793762147426605e-03 0.000000000000000000e+00 0.000000000000000000e+00 0.000000000000000000e+00 0.000000000000000000e+00 0.000000000000000000e+00
8.372497744858264923e-03 3.356642089784145355e-03 0.000000000000000000e+00 4.881452332483604550e-05 0.000000000000000000e+00 5.512243369594216347e-04 3.719706553965806961e-03 6.815982516855001450e-03 2.147881779819726944e-03 0.000000000000000000e+00 3.759208135306835175e-03
0.000000000000000000e+00 8.241743780672550201e-03 2.724546357057988644e-04 0.000000000000000000e+00 0.000000000000000000e+00 0.000000000000000000e+00 0.000000000000000000e+00 2.818308537825942039e-03 1.497935317456722260e-02 0.000000000000000000e+00 5.587428458966314793e-04
0.000000000000000000e+00 1.240959500137250870e-05 0.000000000000000000e+00 0.000000000000000000e+00 0.000000000000000000e+00 0.000000000000000000e+00 5.610117805190384388e-04 7.511683274060487747e-03 0.000000000000000000e+00 0.000000000000000000e+00 9.634507587179541588e-04
1.149269193410873413e-02 0.000000000000000000e+00 1.209937408566474915e-02 0.000000000000000000e+00 3.129889816045761108e-02 3.057866822928190231e-03 0.000000000000000000e+00 2.315692370757460594e-03 5.947630852460861206e-03 0.000000000000000000e+00 1.385767199099063873e-02
0.000000000000000000e+00 0.000000000000000000e+00 1.061201601260108873e-05 3.688711274207889801e-07 1.657675602473318577e-05 0.000000000000000000e+00 1.533903287054272369e-06 1.822276431084901560e-06 4.288402237762056757e-07 5.728797532356111333e-06 0.000000000000000000e+00
