0.000000000000000000e+00 0.000000000000000000e+00 8.670557290315628052e-03 0.000000000000000000e+00 0.000000000000000000e+00 0.000000000000000000e+00 2.480496885254979134e-03 6.754475645720958710e-03 0.000000000000000000e+00 0.000000000000000000e+00 0.000000000000000000e+00
4.518437199294567108e-03 0.000000000000000000e+00 6.068451330065727234e-03 0.000000000000000000e+00 0.000000000000000000e+00 0.000000000000000000e+00 0.000000000000000000e+00 9.934918489307165146e-04 0.000000000000000000e+00 0.000000000000000000e+00 0.000000000000000000e+00
8.265209035016596317e-04 3.900311887264251709e-03 0.000000000000000000e+00 0.000000000000000000e+00 6.029690266586840153e-04 4.932188428938388824e-03 6.556141888722777367e-04 0.000000000000000000e+00 0.000000000000000000e+00 2.388217719271779060e-03 0.000000000000000000e+00
7.198754232376813889e-03 0.000000000000000000e+00 0.000000000000000000e+00 0.000000000000000000e+00 3.130131168290972710e-03 8.107312605716288090e-04 4.296609200537204742e-03 2.709905151277780533e-03 1.957384403795003891e-03 0.000000000000000000e+00 0.000000000000000000e+00
1.615856599528342485e-04 2.259622124256566167e-04 1.247369655175134540e-04 1.681655267020687461e-04 0.000000000000000000e+00 1.629299949854612350e-04 8.225719648180529475e-05 8.003569746506400406e-06 1.145112692029215395e-04 2.694796130526810884e-04 3.960902395192533731e-04
0.000000000000000000e+00 0.000000000000000000e+00 5.565790343098342419e-04 2.749798120930790901e-03 0.000000000000000000e+00 1.652281731367111206e-02 2.788714133203029633e-03 0.000000000000000000e+00 0.000000000000000000e+00 7.866895757615566254e-04 2.195095084607601166e-02
2.086939290165901184e-03 2.617238787934184074e-03 0.000000000000000000e+00 8.861911483108997345e-04 0.000000000000000000e+00 0.000000000000000000e+00 2.399050630629062653e-03 2.575412509031593800e-04 0.000000000000000000e+00 4.273306578397750854e-03 1.937291352078318596e-03
0.000000000000000000e+00 5.377755966037511826e-03 1.248749787919223309e-03 0.000000000000000000e+00 0.000000000000000000e+00 0.000000000000000000e+00 3.784288419410586357e-03 0.000000000000000000e+00 0.000000000000000000e+00 0.000000000000000000e+00 0.000000000000000000e+00
0.000000000000000000e+00 3.096608212217688560e-03 0.000000000000000000e+00 2.240303438156843185e-04 0.000000000000000000e+00 1.358080317004350945e-05 3.995046019554138184e-03 1.116891391575336456e-03 0.000000000000000000e+00 1.440306659787893295e-03 0.000000000000000000e+00
0.000000000000000000e+00 6.375016178935766220e-03 5.400566849857568741e-03 0.000000000000000000e+00 1.851807348430156708e-02 1.816797303035855293e-03 9.554697899147868156e-04 0.000000000000000000e+00 3.183518070727586746e-03 0.000000000000000000e+00 6.581721361726522446e-03
0.000000000000000000e+00 0.000000000000000000e+00 1.390203237860987429e-06 1.193995444737083744e-07 4.431099114299286157e-06 0.000000000000000000e+00 4.095095107459201245e-07 2.966990905406419188e-06 0.000000000000000000e+00 4.631119736586697400e-07 0.000000000000000000e+00
