0.000000000000000000e+00 7.590495981276035309e-03 2.495338208973407745e-03 0.000000000000000000e+00 0.000000000000000000e+00 0.000000000000000000e+00 1.878938521258533001e-03 3.464382141828536987e-03 2.233129926025867462e-03 0.000000000000000000e+00 0.000000000000000000e+00
4.224138334393501282e-03 0.000000000000000000e+00 0.000000000000000000e+00 0.000000000000000000e+00 0.000000000000000000e+00 1.483379746787250042e-03 9.374128421768546104e-04 0.000000000000000000e+00 2.942482242360711098e-03 0.000000000000000000e+00 0.000000000000000000e+00
0.000000000000000000e+00 0.000000000000000000e+00 1.944076153449714184e-03 1.878196489997208118e-03 7.654603105038404465e-04 4.040457308292388916e-03 0.000000000000000000e+00 0.000000000000000000e+00 0.000000000000000000e+00 6.786792073398828506e-03 9.805259294807910919e-03
3.280470147728919983e-03 0.000000000000000000e+00 0.000000000000000000e+00 0.000000000000000000e+00 2.495785942301154137e-03 0.000000000000000000e+00 0.000000000000000000e+00 1.493493211455643177e-03 0.000000000000000000e+00 3.336905268952250481e-03 0.000000000000000000e+00
1.604586286703124642e-04 2.278510655742138624e-04 1.332424726570025086e-04 1.519252255093306303e-04 0.000000000000000000e+00 1.902161311591044068e-04 1.497566263424232602e-04 1.423599314875900745e-04 2.016693906625732780e-04 2.275877486681565642e-04 3.886079066433012486e-04
0.000000000000000000e+00 0.000000000000000000e+00 0.000000000000000000e+00 0.000000000000000000e+00 0.000000000000000000e+00 0.000000000000000000e+00 0.000000000000000000e+00 0.000000000000000000e+00 0.000000000000000000e+00 0.000000000000000000e+00 0.000000000000000000e+00
7.933505810797214508e-03 0.000000000000000000e+00 0.000000000000000000e+00 0.000000000000000000e+00 0.000000000000000000e+00 4.525048658251762390e-03 0.000000000000000000e+00 3.075179702136665583e-04 4.901137202978134155e-03 2.876500075217336416e-04 1.960613299161195755e-03
0.000000000000000000e+00 5.551078356802463531e-04 2.891985699534416199e-03 0.000000000000000000e+00 3.733147867023944855e-03 0.000000000000000000e+00 0.000000000000000000e+00 7.699514972046017647e-04 4.037233069539070129e-03 4.519460257142782211e-03 0.000000000000000000e+00
7.597387593705207109e-05 0.000000000000000000e+00 5.231160670518875122e-03 0.000000000000000000e+00 0.000000000000000000e+00 3.146862145513296127e-03 1.828252803534269333e-03 2.018301282078027725e-03 0.000000000000000000e+00 0.000000000000000000e+00 0.000000000000000000e+00
7.804322056472301483e-03 6.114081013947725296e-03 7.366304751485586166e-03 0.000000000000000000e+00 2.449110336601734161e-02 2.160068368539214134e-03 9.218698251061141491e-04 0.000000000000000000e+00 0.000000000000000000e+00 0.000000000000000000e+00 4.507739562541246414e-03
0.000000000000000000e+00 0.000000000000000000e+00 1.382948084938107058e-06 1.662594257823002408e-07 1.980745082619250752e-06 0.000000000000000000e+00 6.964796170905174222e-07 1.407935542374616489e-06 0.000000000000000000e+00 9.396408700013125781e-07 0.000000000000000000e+00
