0.000000000000000000e+00 6.176996231079101562e+00 1.897094345092773438e+01 0.000000000000000000e+00 0.000000000000000000e+00 0.000000000000000000e+00 3.900941467285156250e+01 4.437935256958007812e+01 1.289350128173828125e+02 3.134731769561767578e+00 0.000000000000000000e+00
2.597048319876194000e-02 0.000000000000000000e+00 7.543417358398437500e+01 4.032646656036376953e+00 0.000000000000000000e+00 2.518622398376464844e+00 4.578877687454223633e-01 9.394878521561622620e-03 7.969057559967041016e-02 2.453555822372436523e+00 1.380827484130859375e+02
0.000000000000000000e+00 3.963538408279418945e-01 5.166881019249558449e-04 2.307968521118164062e+01 0.000000000000000000e+00 7.557910919189453125e+01 5.008617401123046875e+01 1.924665570259094238e+00 3.460003063082695007e-02 5.828394889831542969e+00 0.000000000000000000e+00
1.477003326416015625e+02 1.011395397654268891e-05 7.624353656865423545e-06 4.349236488342285156e+00 1.040054798126220703e+00 3.630508661270141602e+00 3.761853790283203125e+01 1.550184631347656250e+01 5.942033386230468750e+01 9.899079486785922199e-06 6.105166673660278320e-01
1.960643753409385681e-02 1.031546145677566528e-01 2.801129780709743500e-02 1.639342121779918671e-02 0.000000000000000000e+00 8.300028741359710693e-03 2.492216080427169800e-01 7.794687553541734815e-05 6.999867036938667297e-03 8.781240880489349365e-02 4.928678870201110840e-01
0.000000000000000000e+00 0.000000000000000000e+00 0.000000000000000000e+00 0.000000000000000000e+00 0.000000000000000000e+00 0.000000000000000000e+00 0.000000000000000000e+00 0.000000000000000000e+00 0.000000000000000000e+00 0.000000000000000000e+00 1.376280212402343750e+01
8.091774582862854004e-02 3.791910400390625000e+02 1.951001195266144350e-06 2.153098449707031250e+02 0.000000000000000000e+00 9.686952209472656250e+01 2.939011454582214355e-01 6.001932779327034950e-04 9.745259857177734375e+01 4.783087463378906250e+02 3.750542640686035156e+00
5.995544051984325051e-05 5.112700462341308594e+00 3.253514862060546875e+01 6.087753677368164062e+01 7.022210955619812012e-01 2.895756624639034271e-02 4.970805719494819641e-03 2.021392822265625000e+00 6.222703552246093750e+01 4.285717308521270752e-01 8.061088562011718750e+01
9.722373485565185547e-01 3.838214111328125000e+01 2.452675056457519531e+01 1.541600036621093750e+02 4.079824090003967285e-01 8.568953514099121094e+00 1.770899391174316406e+01 3.434379398822784424e-01 2.533408641815185547e+00 5.407255887985229492e-01 9.557003784179687500e+01
0.000000000000000000e+00 0.000000000000000000e+00 0.000000000000000000e+00 0.000000000000000000e+00 0.000000000000000000e+00 0.000000000000000000e+00 0.000000000000000000e+00 0.000000000000000000e+00 0.000000000000000000e+00 0.000000000000000000e+00 0.000000000000000000e+00
0.000000000000000000e+00 1.743735978379845619e-03 3.902020398527383804e-03 8.837178465910255909e-04 3.584342077374458313e-03 0.000000000000000000e+00 2.851249184459447861e-03 2.474116627126932144e-03 8.647979120723903179e-05 3.062211209908127785e-03 2.248357748612761497e-03
