0.000000000000000000e+00 6.337885861285030842e-04 7.531325798481702805e-03 0.000000000000000000e+00 0.000000000000000000e+00 0.000000000000000000e+00 0.000000000000000000e+00 4.394632298499345779e-03 0.000000000000000000e+00 0.000000000000000000e+00 0.000000000000000000e+00
7.598941680043935776e-03 0.000000000000000000e+00 1.218012627214193344e-02 1.466377754695713520e-03 0.000000000000000000e+00 0.000000000000000000e+00 6.014027167111635208e-03 0.000000000000000000e+00 3.321892581880092621e-04 0.000000000000000000e+00 0.000000000000000000e+00
0.000000000000000000e+00 8.125912398099899292e-03 0.000000000000000000e+00 0.000000000000000000e+00 0.000000000000000000e+00 7.188323419541120529e-03 3.042305121198296547e-03 0.000000000000000000e+00 2.088870620355010033e-03 1.711174612864851952e-03 2.854198217391967773e-03
1.004503201693296432e-02 0.000000000000000000e+00 0.000000000000000000e+00 0.000000000000000000e+00 9.258317761123180389e-03 4.318985622376203537e-03 0.000000000000000000e+00 1.910672336816787720e-02 0.000000000000000000e+00 0.000000000000000000e+00 0.000000000000000000e+00
0.000000000000000000e+00 1.953291503014042974e-04 2.429778833175078034e-04 1.808817178243771195e-04 0.000000000000000000e+00 1.369185192743316293e-04 1.497018820373341441e-04 3.253953400417231023e-05 2.129330969182774425e-04 2.415618073428049684e-04 7.630186737515032291e-04
0.000000000000000000e+00 0.000000000000000000e+00 0.000000000000000000e+00 0.000000000000000000e+00 0.000000000000000000e+00 0.000000000000000000e+00 0.000000000000000000e+00 0.000000000000000000e+00 0.000000000000000000e+00 0.000000000000000000e+00 0.000000000000000000e+00
9.086305275559425354e-03 7.335266098380088806e-03 0.000000000000000000e+00 1.023883698508143425e-03 3.111418103799223900e-03 8.605712093412876129e-03 2.065155131276696920e-04 0.000000000000000000e+00 1.391127426177263260e-02 2.483849041163921356e-02 4.867458716034889221e-03
0.000000000000000000e+00 2.265202347189188004e-04 0.000000000000000000e+00 0.000000000000000000e+00 6.977008888497948647e-04 0.000000000000000000e+00 0.000000000000000000e+00 6.370821036398410797e-03 6.099648308008909225e-03 0.000000000000000000e+00 0.000000000000000000e+00
0.000000000000000000e+00 3.078274661675095558e-03 0.000000000000000000e+00 0.000000000000000000e+00 0.000000000000000000e+00 0.000000000000000000e+00 7.161147892475128174e-03 9.749133139848709106e-03 0.000000000000000000e+00 9.416093118488788605e-03 0.000000000000000000e+00
0.000000000000000000e+00 6.174951791763305664e-03 1.436549518257379532e-02 0.000000000000000000e+00 4.599150642752647400e-02 7.537640631198883057e-03 0.000000000000000000e+00 8.858460350893437862e-04 7.493049837648868561e-03 0.000000000000000000e+00 9.883802384138107300e-03
0.000000000000000000e+00 0.000000000000000000e+00 6.305809165496611968e-06 1.129647557718271855e-06 9.053800567926373333e-06 0.000000000000000000e+00 4.286502644390566275e-06 4.287955562176648527e-06 2.588801635283743963e-07 3.563335212675156072e-06 0.000000000000000000e+00
