0.000000000000000000e+00 7.924189453125000000e+03 3.452886718750000000e+04 0.000000000000000000e+00 0.000000000000000000e+00 0.000000000000000000e+00 1.221227539062500000e+04 1.706841992187500000e+04 2.875560302734375000e+02 9.090791992187500000e+03 0.000000000000000000e+00
4.994920898437500000e+03 1.391993009747238830e-05 7.167039489746093750e+01 2.630735595703125000e+03 1.994692230224609375e+01 3.372718750000000000e+04 5.474128125000000000e+04 7.578826904296875000e+00 4.383040904998779297e+00 1.626426953125000000e+04 2.465811035156250000e+03
6.695719909667968750e+01 1.771678466796875000e+02 1.305166796875000000e+04 3.172338867187500000e+03 2.016284751892089844e+01 6.430434082031250000e+03 8.302873229980468750e+01 1.679503125000000000e+04 1.515058227539062500e+03 5.295303710937500000e+03 7.128698730468750000e+03
6.898902893066406250e+01 2.734672927856445312e+01 7.808916503906250000e+03 9.029837036132812500e+01 3.599521093750000000e+04 3.881499862670898438e+01 1.009537890625000000e+04 1.757881774902343750e+02 9.065770507812500000e+03 1.006291580200195312e+02 1.543341503906250000e+04
5.271195888519287109e+00 1.547737503051757812e+01 4.122920989990234375e+00 1.137495803833007812e+01 3.503094148982199840e-06 4.108295917510986328e+00 9.711698532104492188e+00 3.868766069412231445e+00 6.803632736206054688e+00 1.232612800598144531e+01 3.297536849975585938e+01
0.000000000000000000e+00 0.000000000000000000e+00 0.000000000000000000e+00 0.000000000000000000e+00 0.000000000000000000e+00 0.000000000000000000e+00 0.000000000000000000e+00 0.000000000000000000e+00 0.000000000000000000e+00 0.000000000000000000e+00 0.000000000000000000e+00
5.598731445312500000e+03 1.404208593750000000e+04 9.175114631652832031e+00 1.712619531250000000e+04 2.575325667858123779e-01 1.103987109375000000e+04 4.669482231140136719e+00 5.462045669555664062e-01 6.209985351562500000e+03 6.603007812500000000e+02 6.898382812500000000e+03
2.698035677894949913e-04 2.833064648437500000e+04 3.109744140625000000e+04 5.498539656400680542e-02 5.552663671875000000e+04 1.436743066406250000e+04 1.982384765625000000e+04 1.067034765625000000e+04 4.362269140625000000e+04 1.849118957519531250e+02 3.519250631332397461e+00
4.204385186312720180e-05 4.918076953125000000e+04 8.618130493164062500e+01 6.443167968750000000e+03 2.265300273895263672e+00 2.089005468750000000e+04 1.751839843750000000e+04 2.234685937500000000e+04 1.628314781188964844e+01 2.457889938354492188e+01 1.337325439453125000e+02
0.000000000000000000e+00 0.000000000000000000e+00 0.000000000000000000e+00 0.000000000000000000e+00 2.506749725341796875e+01 0.000000000000000000e+00 0.000000000000000000e+00 0.000000000000000000e+00 0.000000000000000000e+00 0.000000000000000000e+00 2.740038689807988703e-05
0.000000000000000000e+00 3.328669071197509766e-02 1.717220544815063477e-01 4.507814010139554739e-04 2.108973562717437744e-01 0.000000000000000000e+00 8.115458488464355469e-02 1.524479389190673828e-01 3.860740689560770988e-04 1.100866496562957764e-01 6.979790516197681427e-03
