0.000000000000000000e+00 5.091505008749663830e-04 9.202019311487674713e-03 0.000000000000000000e+00 0.000000000000000000e+00 0.000000000000000000e+00 0.000000000000000000e+00 9.178713895380496979e-03 0.000000000000000000e+00 0.000000000000000000e+00 0.000000000000000000e+00
1.202194206416606903e-02 0.000000000000000000e+00 1.440598070621490479e-02 0.000000000000000000e+00 1.678700326010584831e-03 0.000000000000000000e+00 0.000000000000000000e+00 0.000000000000000000e+00 5.976674146950244904e-03 0.000000000000000000e+00 0.000000000000000000e+00
1.271012984216213226e-02 3.536108415573835373e-03 0.000000000000000000e+00 1.705522648990154266e-03 0.000000000000000000e+00 1.056003943085670471e-02 6.612067110836505890e-03 0.000000000000000000e+00 5.530339665710926056e-03 5.554835777729749680e-03 1.592913526110351086e-03
2.646123804152011871e-02 0.000000000000000000e+00 0.000000000000000000e+00 7.792306132614612579e-03 1.568703167140483856e-02 2.931808587163686752e-03 0.000000000000000000e+00 1.268737856298685074e-02 0.000000000000000000e+00 0.000000000000000000e+00 0.000000000000000000e+00
1.312581880483776331e-04 1.100209847209043801e-04 3.221551596652716398e-04 3.469936782494187355e-04 0.000000000000000000e+00 2.479445247445255518e-04 1.600149844307452440e-04 0.000000000000000000e+00 0.000000000000000000e+00 4.359351296443492174e-04 8.277717861346900463e-04
0.000000000000000000e+00 0.000000000000000000e+00 0.000000000000000000e+00 0.000000000000000000e+00 0.000000000000000000e+00 0.000000000000000000e+00 0.000000000000000000e+00 0.000000000000000000e+00 0.000000000000000000e+00 0.000000000000000000e+00 0.000000000000000000e+00
1.011577318422496319e-03 3.238468430936336517e-03 0.000000000000000000e+00 0.000000000000000000e+00 0.000000000000000000e+00 6.925262510776519775e-03 1.263636536896228790e-02 1.297550555318593979e-02 4.231151193380355835e-03 1.278820354491472244e-02 3.073539817705750465e-03
0.000000000000000000e+00 4.084351938217878342e-03 4.631815012544393539e-03 0.000000000000000000e+00 0.000000000000000000e+00 0.000000000000000000e+00 0.000000000000000000e+00 5.082369316369295120e-03 3.234554547816514969e-03 7.663173892069607973e-05 0.000000000000000000e+00
2.113810507580637932e-03 1.800788566470146179e-02 0.000000000000000000e+00 0.000000000000000000e+00 4.238724359311163425e-04 7.298723794519901276e-03 1.078591775149106979e-02 2.947601024061441422e-03 0.000000000000000000e+00 4.094171803444623947e-03 1.455130986869335175e-02
0.000000000000000000e+00 0.000000000000000000e+00 1.914565823972225189e-02 0.000000000000000000e+00 3.799189254641532898e-02 5.934851244091987610e-03 0.000000000000000000e+00 0.000000000000000000e+00 1.402654219418764114e-02 0.000000000000000000e+00 3.761708212550729513e-04
0.000000000000000000e+00 0.000000000000000000e+00 3.397324235265841708e-06 6.017388386680977419e-06 1.282892935705604032e-05 0.000000000000000000e+00 4.280589109839638695e-06 7.599017862958135083e-06 2.891003305194317363e-06 4.871972123510204256e-06 0.000000000000000000e+00
