0.000000000000000000e+00 4.090332658961415291e-04 1.764425933361053467e-01 0.000000000000000000e+00 0.000000000000000000e+00 0.000000000000000000e+00 2.037186920642852783e-02 6.853000819683074951e-02 6.289858371019363403e-03 4.690234363079071045e-02 0.000000000000000000e+00
4.707658290863037109e-02 0.000000000000000000e+00 3.331761062145233154e-02 1.972259581089019775e-02 2.990110777318477631e-02 1.285476535558700562e-01 2.738914079964160919e-02 2.866019308567047119e-02 0.000000000000000000e+00 5.141778662800788879e-02 6.005407776683568954e-03
1.568529941141605377e-02 1.785810664296150208e-02 0.000000000000000000e+00 1.505272276699542999e-02 3.259199904277920723e-03 6.622512638568878174e-02 2.939781406894326210e-03 0.000000000000000000e+00 1.615462265908718109e-02 3.404337540268898010e-02 1.109257340431213379e-02
6.033258140087127686e-02 1.607473380863666534e-02 0.000000000000000000e+00 3.405447676777839661e-02 4.773374646902084351e-02 3.653444349765777588e-02 5.234947055578231812e-02 3.745039552450180054e-02 4.971714690327644348e-02 7.932743057608604431e-03 4.828783217817544937e-03
4.331636228016577661e-05 3.707107389345765114e-04 7.129057776182889938e-04 4.113687609788030386e-04 0.000000000000000000e+00 8.698908641235902905e-05 2.619709703139960766e-04 2.981241559609770775e-04 3.439117572270333767e-04 7.521476363763213158e-04 1.703690038993954659e-03
0.000000000000000000e+00 0.000000000000000000e+00 0.000000000000000000e+00 0.000000000000000000e+00 0.000000000000000000e+00 1.519120065495371819e-03 0.000000000000000000e+00 0.000000000000000000e+00 0.000000000000000000e+00 0.000000000000000000e+00 1.451550843967197579e-07
7.254325784742832184e-03 3.268117085099220276e-03 0.000000000000000000e+00 3.399359807372093201e-02 0.000000000000000000e+00 1.940926164388656616e-02 2.015864662826061249e-02 2.289235778152942657e-02 1.642639562487602234e-02 6.638860702514648438e-02 8.155108988285064697e-02
0.000000000000000000e+00 0.000000000000000000e+00 7.691074162721633911e-02 0.000000000000000000e+00 9.944535791873931885e-02 0.000000000000000000e+00 0.000000000000000000e+00 3.056878689676523209e-03 4.625660926103591919e-02 0.000000000000000000e+00 8.957992540672421455e-04
6.118218880146741867e-05 8.153347671031951904e-02 3.530155867338180542e-03 2.415732480585575104e-02 0.000000000000000000e+00 3.241052851080894470e-02 5.812880769371986389e-02 4.789681360125541687e-02 0.000000000000000000e+00 0.000000000000000000e+00 9.652559645473957062e-03
1.185330841690301895e-02 7.930851541459560394e-03 9.809460490942001343e-03 0.000000000000000000e+00 1.891444027423858643e-01 0.000000000000000000e+00 0.000000000000000000e+00 0.000000000000000000e+00 6.483765318989753723e-03 0.000000000000000000e+00 4.661785811185836792e-02
0.000000000000000000e+00 0.000000000000000000e+00 7.025031663943082094e-06 1.567953177072922699e-06 1.151315700553823262e-05 0.000000000000000000e+00 3.028517312486656010e-07 3.815482614299980924e-06 0.000000000000000000e+00 4.084286047145724297e-06 0.000000000000000000e+00
