0.000000000000000000e+00 0.000000000000000000e+00 6.781887728720903397e-03 0.000000000000000000e+00 0.000000000000000000e+00 0.000000000000000000e+00 7.692639715969562531e-03 0.000000000000000000e+00 0.000000000000000000e+00 0.000000000000000000e+00 0.000000000000000000e+00
5.048994440585374832e-03 0.000000000000000000e+00 4.305949900299310684e-03 8.745871600694954395e-04 0.000000000000000000e+00 0.000000000000000000e+00 0.000000000000000000e+00 5.848129512742161751e-04 0.000000000000000000e+00 0.000000000000000000e+00 8.412600727751851082e-04
0.000000000000000000e+00 2.526241587474942207e-03 0.000000000000000000e+00 0.000000000000000000e+00 1.156094018369913101e-03 0.000000000000000000e+00 3.188854316249489784e-03 0.000000000000000000e+00 3.020957810804247856e-03 8.535820990800857544e-03 0.000000000000000000e+00
1.988244242966175079e-02 3.701035398989915848e-03 0.000000000000000000e+00 0.000000000000000000e+00 0.000000000000000000e+00 4.764964614878408611e-05 1.238591619767248631e-03 2.484763041138648987e-03 2.599909901618957520e-03 3.599679563194513321e-03 0.000000000000000000e+00
0.000000000000000000e+00 4.666693348553963006e-05 2.858610532712191343e-04 1.023775112116709352e-04 0.000000000000000000e+00 1.766209898050874472e-04 1.368601224385201931e-04 0.000000000000000000e+00 2.229803503723815084e-04 3.085146890953183174e-04 6.463821046054363251e-04
0.000000000000000000e+00 0.000000000000000000e+00 0.000000000000000000e+00 0.000000000000000000e+00 0.000000000000000000e+00 0.000000000000000000e+00 0.000000000000000000e+00 0.000000000000000000e+00 0.000000000000000000e+00 0.000000000000000000e+00 0.000000000000000000e+00
2.348682377487421036e-03 1.431228686124086380e-02 0.000000000000000000e+00 2.589162671938538551e-03 0.000000000000000000e+00 4.009600263088941574e-03 0.000000000000000000e+00 6.359102670103311539e-03 2.331828698515892029e-03 5.025199614465236664e-03 3.302578115835785866e-03
0.000000000000000000e+00 2.999672433361411095e-03 0.000000000000000000e+00 2.287683775648474693e-03 6.585533730685710907e-03 6.729134824126958847e-03 0.000000000000000000e+00 0.000000000000000000e+00 6.578919943422079086e-03 0.000000000000000000e+00 0.000000000000000000e+00
0.000000000000000000e+00 4.357676487416028976e-03 3.399771638214588165e-03 0.000000000000000000e+00 0.000000000000000000e+00 0.000000000000000000e+00 4.778152797371149063e-03 1.993770478293299675e-03 1.152776996605098248e-03 0.000000000000000000e+00 4.918307065963745117e-03
2.250453508167993277e-05 1.109434873796999454e-03 8.607788011431694031e-03 0.000000000000000000e+00 4.256188124418258667e-02 0.000000000000000000e+00 0.000000000000000000e+00 0.000000000000000000e+00 1.299268566071987152e-02 9.619836695492267609e-03 2.130457386374473572e-02
0.000000000000000000e+00 4.341876547186984681e-08 3.727995817826013081e-06 2.800472884700866416e-06 7.319614269363228232e-06 0.000000000000000000e+00 2.683970251382561401e-06 2.167265392927220091e-06 0.000000000000000000e+00 4.806016477232333273e-06 0.000000000000000000e+00
