0.000000000000000000e+00 3.481686860322952271e-02 3.545520901679992676e-01 0.000000000000000000e+00 0.000000000000000000e+00 0.000000000000000000e+00 2.965727075934410095e-02 5.196769833564758301e-01 4.071654975414276123e-01 7.417340278625488281e-01 0.000000000000000000e+00
6.575476527214050293e-01 0.000000000000000000e+00 2.876168861985206604e-02 6.347112655639648438e-01 3.813374936580657959e-01 4.682342410087585449e-01 9.622332639992237091e-03 2.431589178740978241e-03 2.567254304885864258e-01 5.173660516738891602e-01 8.116161823272705078e-01
0.000000000000000000e+00 1.921568214893341064e-01 1.365222129970788956e-02 1.064513437449932098e-02 6.003206223249435425e-02 1.014379858970642090e+00 3.219122290611267090e-01 1.297793686389923096e-01 5.227185487747192383e-01 5.510389804840087891e-01 7.604898512363433838e-02
1.198419332504272461e-01 0.000000000000000000e+00 0.000000000000000000e+00 1.593589037656784058e-01 2.145618051290512085e-01 1.001115515828132629e-02 1.385371088981628418e-01 1.317193359136581421e-01 4.367037117481231689e-02 1.064105778932571411e-01 2.914433926343917847e-02
2.515727188438177109e-03 3.799695055931806564e-03 1.806836575269699097e-03 1.816852367483079433e-03 0.000000000000000000e+00 2.962539903819561005e-03 3.043203614652156830e-03 6.866905023343861103e-04 3.107319120317697525e-03 3.405838040634989738e-03 6.790635641664266586e-03
0.000000000000000000e+00 0.000000000000000000e+00 0.000000000000000000e+00 0.000000000000000000e+00 0.000000000000000000e+00 0.000000000000000000e+00 0.000000000000000000e+00 0.000000000000000000e+00 0.000000000000000000e+00 0.000000000000000000e+00 5.204170427930421283e-18
4.745587706565856934e-01 2.969216704368591309e-01 1.005217432975769043e-01 1.924311965703964233e-01 0.000000000000000000e+00 1.141472626477479935e-02 2.510701119899749756e-02 2.984521444886922836e-03 1.495048701763153076e-01 9.281742572784423828e-01 1.461840271949768066e-01
0.000000000000000000e+00 2.900274395942687988e-01 1.456303000450134277e+00 0.000000000000000000e+00 1.854538202285766602e+00 2.071063220500946045e-01 4.281560832168906927e-04 2.013369083404541016e+00 2.832347393035888672e+00 2.070969104766845703e+00 8.273217827081680298e-03
8.729026466608047485e-02 1.984333842992782593e-01 1.970953196287155151e-01 2.484156489372253418e-01 0.000000000000000000e+00 2.140142917633056641e-01 1.553562283515930176e-01 1.782966107130050659e-01 6.197582185268402100e-02 8.961059153079986572e-02 2.297263443470001221e-01
6.395899225026369095e-03 0.000000000000000000e+00 1.051033940166234970e-02 0.000000000000000000e+00 6.294140219688415527e-01 0.000000000000000000e+00 0.000000000000000000e+00 0.000000000000000000e+00 1.339866034686565399e-02 4.751688335090875626e-03 7.052613794803619385e-02
0.000000000000000000e+00 4.720440927030722378e-07 4.676263779401779175e-05 1.798818266252055764e-05 5.643761687679216266e-05 0.000000000000000000e+00 3.165120870107784867e-05 1.878468901850283146e-05 0.000000000000000000e+00 3.528638990246690810e-05 0.000000000000000000e+00
