0.000000000000000000e+00 0.000000000000000000e+00 5.180591717362403870e-03 0.000000000000000000e+00 0.000000000000000000e+00 0.000000000000000000e+00 1.453127246350049973e-03 0.000000000000000000e+00 5.409602541476488113e-03 0.000000000000000000e+00 0.000000000000000000e+00
4.636855330318212509e-03 0.000000000000000000e+00 8.743948419578373432e-04 3.525669453665614128e-03 0.000000000000000000e+00 0.000000000000000000e+00 1.301271654665470123e-02 0.000000000000000000e+00 0.000000000000000000e+00 0.000000000000000000e+00 7.187244482338428497e-03
0.000000000000000000e+00 4.571374505758285522e-03 1.229688641615211964e-03 0.000000000000000000e+00 0.000000000000000000e+00 5.584133788943290710e-03 1.661539310589432716e-03 0.000000000000000000e+00 6.096273194998502731e-03 0.000000000000000000e+00 0.000000000000000000e+00
3.151760669425129890e-03 0.000000000000000000e+00 0.000000000000000000e+00 0.000000000000000000e+00 2.026417991146445274e-03 0.000000000000000000e+00 0.000000000000000000e+00 7.806693203747272491e-03 4.010107833892107010e-03 6.172001827508211136e-03 0.000000000000000000e+00
0.000000000000000000e+00 1.314335968345403671e-04 1.011646381812170148e-04 1.316998968832194805e-04 0.000000000000000000e+00 8.885020179150160402e-06 3.550706605892628431e-05 1.423372304998338223e-04 1.771538809407502413e-04 0.000000000000000000e+00 6.032004021108150482e-04
0.000000000000000000e+00 0.000000000000000000e+00 0.000000000000000000e+00 0.000000000000000000e+00 0.000000000000000000e+00 7.450548931956291199e-03 0.000000000000000000e+00 0.000000000000000000e+00 0.000000000000000000e+00 0.000000000000000000e+00 0.000000000000000000e+00
1.012069173157215118e-02 3.040480351046426222e-06 0.000000000000000000e+00 2.086653374135494232e-03 0.000000000000000000e+00 0.000000000000000000e+00 7.161704823374748230e-03 0.000000000000000000e+00 4.148242995142936707e-03 1.417550811311230063e-04 1.054998603649437428e-03
0.000000000000000000e+00 3.073638770729303360e-03 1.299172639846801758e-03 0.000000000000000000e+00 0.000000000000000000e+00 0.000000000000000000e+00 0.000000000000000000e+00 0.000000000000000000e+00 0.000000000000000000e+00 0.000000000000000000e+00 1.653498271480202675e-03
0.000000000000000000e+00 0.000000000000000000e+00 0.000000000000000000e+00 0.000000000000000000e+00 0.000000000000000000e+00 0.000000000000000000e+00 4.308069124817848206e-03 0.000000000000000000e+00 0.000000000000000000e+00 3.279062220826745033e-03 7.796830963343381882e-03
1.857374882092699409e-04 1.650840858928859234e-04 7.203883025795221329e-03 0.000000000000000000e+00 3.398166969418525696e-02 3.489039372652769089e-03 6.219361675903201103e-04 2.805126132443547249e-03 0.000000000000000000e+00 0.000000000000000000e+00 6.442388053983449936e-03
0.000000000000000000e+00 4.462028755369829014e-07 6.397410743375075981e-06 0.000000000000000000e+00 7.970969818416051567e-06 0.000000000000000000e+00 6.383866946180205559e-08 1.686535370026831515e-06 0.000000000000000000e+00 4.060295850649708882e-06 0.000000000000000000e+00
