0.000000000000000000e+00 0.000000000000000000e+00 6.856088992208242416e-03 0.000000000000000000e+00 0.000000000000000000e+00 0.000000000000000000e+00 7.487108465284109116e-03 4.259139765053987503e-03 8.000076748430728912e-03 0.000000000000000000e+00 0.000000000000000000e+00
1.787480083294212818e-03 0.000000000000000000e+00 3.038774710148572922e-03 1.076824497431516647e-03 0.000000000000000000e+00 0.000000000000000000e+00 5.062292795628309250e-03 0.000000000000000000e+00 0.000000000000000000e+00 0.000000000000000000e+00 5.580117576755583286e-04
3.161837346851825714e-03 3.440876025706529617e-03 0.000000000000000000e+00 0.000000000000000000e+00 0.000000000000000000e+00 0.000000000000000000e+00 0.000000000000000000e+00 0.000000000000000000e+00 0.000000000000000000e+00 0.000000000000000000e+00 0.000000000000000000e+00
7.806908804923295975e-03 0.000000000000000000e+00 1.272883149795234203e-03 2.432250650599598885e-03 8.065480738878250122e-03 0.000000000000000000e+00 8.565695956349372864e-03 4.458063747733831406e-03 2.560959663242101669e-03 6.954115815460681915e-03 0.000000000000000000e+00
7.834017742425203323e-05 2.742380020208656788e-04 1.983679831027984619e-04 1.891422725748270750e-04 0.000000000000000000e+00 2.375091135036200285e-04 3.444846952334046364e-04 1.361262984573841095e-04 3.254698240198194981e-04 3.674955223686993122e-04 6.307689473032951355e-04
0.000000000000000000e+00 6.424048449844121933e-03 3.560541896149516106e-03 4.767580423504114151e-03 0.000000000000000000e+00 2.799910865724086761e-02 0.000000000000000000e+00 0.000000000000000000e+00 0.000000000000000000e+00 8.353832177817821503e-03 4.406436160206794739e-02
1.522554666735231876e-04 0.000000000000000000e+00 0.000000000000000000e+00 0.000000000000000000e+00 0.000000000000000000e+00 4.259254317730665207e-03 0.000000000000000000e+00 4.622319713234901428e-03 3.117945976555347443e-03 2.941409358754754066e-03 1.362531562335789204e-03
0.000000000000000000e+00 0.000000000000000000e+00 0.000000000000000000e+00 1.543565187603235245e-03 6.393473129719495773e-03 5.623100325465202332e-03 2.158059651264920831e-04 0.000000000000000000e+00 5.503399763256311417e-03 0.000000000000000000e+00 7.406973163597285748e-04
0.000000000000000000e+00 0.000000000000000000e+00 4.713507834821939468e-03 3.067360725253820419e-03 0.000000000000000000e+00 0.000000000000000000e+00 7.276432123035192490e-03 0.000000000000000000e+00 0.000000000000000000e+00 0.000000000000000000e+00 7.480825879611074924e-04
1.475346041843295097e-03 0.000000000000000000e+00 0.000000000000000000e+00 0.000000000000000000e+00 9.596190415322780609e-03 0.000000000000000000e+00 0.000000000000000000e+00 0.000000000000000000e+00 0.000000000000000000e+00 0.000000000000000000e+00 4.042092710733413696e-03
0.000000000000000000e+00 0.000000000000000000e+00 5.406685431808000430e-06 0.000000000000000000e+00 6.446716724894940853e-06 0.000000000000000000e+00 0.000000000000000000e+00 5.267979190648475196e-07 0.000000000000000000e+00 3.739595513252425008e-06 0.000000000000000000e+00
