0.000000000000000000e+00 4.152262210845947266e+00 9.189684448242187500e+02 0.000000000000000000e+00 0.000000000000000000e+00 0.000000000000000000e+00 6.482841186523437500e+02 5.432652282714843750e+01 3.983679809570312500e+02 8.819706439971923828e-01 0.000000000000000000e+00
5.437182784080505371e-01 0.000000000000000000e+00 1.149954101562500000e+03 2.553815429687500000e+03 4.812278449535369873e-01 3.747486572265625000e+02 2.700911254882812500e+02 6.291243896484375000e+02 4.277796298265457153e-02 4.399313449859619141e+00 1.484100341796875000e+03
1.676544342041015625e+02 1.112912292480468750e+02 3.443489990234375000e+02 1.385536479949951172e+01 1.101677305996417999e-02 2.507740631103515625e+02 2.658887329101562500e+02 4.009343147277832031e+00 9.415665626525878906e+00 3.848967895507812500e+02 1.227772235870361328e-01
7.627637939453125000e+02 1.479332149028778076e-01 2.300986633300781250e+02 3.894523382186889648e+00 5.283973693847656250e+00 2.177290725708007812e+01 3.818103027343750000e+02 3.041062011718750000e+02 8.476715087890625000e+02 7.326871337890625000e+02 3.332356810569763184e-01
6.587461382150650024e-02 3.463347554206848145e-01 1.872855275869369507e-01 1.436699628829956055e-01 0.000000000000000000e+00 8.094260096549987793e-02 1.715352833271026611e-01 6.591352820396423340e-02 1.500217020511627197e-01 3.146224617958068848e-01 9.804510474205017090e-01
0.000000000000000000e+00 0.000000000000000000e+00 0.000000000000000000e+00 0.000000000000000000e+00 0.000000000000000000e+00 9.381252457387745380e-04 0.000000000000000000e+00 0.000000000000000000e+00 0.000000000000000000e+00 0.000000000000000000e+00 9.127617204285343178e-07
1.250214385986328125e+02 1.920897674560546875e+02 2.620351562500000000e+02 5.960655517578125000e+02 0.000000000000000000e+00 1.052391113281250000e+03 1.417470693588256836e+00 3.099781870841979980e-01 4.154553222656250000e+02 2.817421875000000000e+02 1.037262535095214844e+01
0.000000000000000000e+00 4.934827804565429688e+00 2.765800476074218750e+00 4.033953591715544462e-04 6.197239990234375000e+02 5.293011474609375000e+02 1.287146118164062500e+03 2.754999389648437500e+02 2.144935913085937500e+02 1.696713447570800781e+00 1.071645141601562500e+03
0.000000000000000000e+00 4.694292297363281250e+02 2.383132812500000000e+03 9.413134765625000000e+02 4.735793113708496094e+00 2.212570495605468750e+02 2.104550170898437500e+02 8.656710205078125000e+02 1.486540039062500000e+03 2.949943847656250000e+02 1.255148681640625000e+03
0.000000000000000000e+00 0.000000000000000000e+00 0.000000000000000000e+00 0.000000000000000000e+00 1.661236190795898438e+01 0.000000000000000000e+00 0.000000000000000000e+00 0.000000000000000000e+00 0.000000000000000000e+00 0.000000000000000000e+00 0.000000000000000000e+00
0.000000000000000000e+00 2.860149288608226925e-05 6.283158436417579651e-03 9.983646450564265251e-04 1.150784455239772797e-02 0.000000000000000000e+00 7.552834576927125454e-04 4.526759032160043716e-03 4.437029019754845649e-07 4.878747276961803436e-03 0.000000000000000000e+00
