0.000000000000000000e+00 0.000000000000000000e+00 0.000000000000000000e+00 0.000000000000000000e+00 0.000000000000000000e+00 0.000000000000000000e+00 0.000000000000000000e+00 1.259888289496302605e-03 0.000000000000000000e+00 0.000000000000000000e+00 0.000000000000000000e+00
7.258572150021791458e-03 0.000000000000000000e+00 5.628451472148299217e-04 2.750715473666787148e-03 0.000000000000000000e+00 0.000000000000000000e+00 0.000000000000000000e+00 0.000000000000000000e+00 1.716607250273227692e-03 0.000000000000000000e+00 0.000000000000000000e+00
0.000000000000000000e+00 2.128552179783582687e-03 5.270138382911682129e-03 0.000000000000000000e+00 0.000000000000000000e+00 4.771797452121973038e-03 4.128242377191781998e-03 0.000000000000000000e+00 0.000000000000000000e+00 3.735665697604417801e-03 1.548137050122022629e-03
3.829448716714978218e-03 2.042494015768170357e-03 0.000000000000000000e+00 0.000000000000000000e+00 1.935866603162139654e-04 0.000000000000000000e+00 4.006736562587320805e-04 6.938302889466285706e-03 2.380672609433531761e-03 1.879408722743391991e-03 0.000000000000000000e+00
0.000000000000000000e+00 5.289858017931692302e-05 0.000000000000000000e+00 0.000000000000000000e+00 0.000000000000000000e+00 1.438581784896086901e-05 3.343081334605813026e-05 0.000000000000000000e+00 6.483567267423495650e-05 1.498519559390842915e-04 2.484165597707033157e-04
0.000000000000000000e+00 0.000000000000000000e+00 8.906134404242038727e-03 2.739981282502412796e-03 0.000000000000000000e+00 2.440685965120792389e-02 0.000000000000000000e+00 1.655128318816423416e-03 0.000000000000000000e+00 6.813868880271911621e-03 3.338840603828430176e-02
2.872091252356767654e-03 7.793190306983888149e-04 0.000000000000000000e+00 2.961846301332116127e-03 0.000000000000000000e+00 2.042497508227825165e-03 3.709401935338973999e-03 2.392936963587999344e-03 5.162695422768592834e-03 5.996624007821083069e-03 3.314164467155933380e-03
0.000000000000000000e+00 3.511093091219663620e-03 0.000000000000000000e+00 3.446190385147929192e-04 0.000000000000000000e+00 1.261165481992065907e-03 0.000000000000000000e+00 2.202072209911420941e-04 1.050257869064807892e-02 8.357999613508582115e-04 0.000000000000000000e+00
1.479413476772606373e-03 1.819827477447688580e-03 0.000000000000000000e+00 8.779306663200259209e-04 0.000000000000000000e+00 5.595318507403135300e-04 5.301429424434900284e-03 2.074968069791793823e-03 0.000000000000000000e+00 0.000000000000000000e+00 0.000000000000000000e+00
4.210682585835456848e-03 0.000000000000000000e+00 6.729939952492713928e-03 0.000000000000000000e+00 3.028385154902935028e-02 2.047044923529028893e-03 6.924692570464685559e-05 0.000000000000000000e+00 0.000000000000000000e+00 2.757764304988086224e-04 1.371327601373195648e-02
0.000000000000000000e+00 0.000000000000000000e+00 1.546868588775396347e-06 2.842895696630876046e-07 1.846030272645293735e-06 0.000000000000000000e+00 1.919871372990655800e-08 0.000000000000000000e+00 0.000000000000000000e+00 3.645670290097768884e-07 0.000000000000000000e+00
