0.000000000000000000e+00 0.000000000000000000e+00 5.864482838660478592e-03 0.000000000000000000e+00 0.000000000000000000e+00 0.000000000000000000e+00 0.000000000000000000e+00 0.000000000000000000e+00 7.294687908142805099e-03 0.000000000000000000e+00 0.000000000000000000e+00
4.678778350353240967e-03 0.000000000000000000e+00 6.827391218394041061e-03 3.411501413211226463e-03 1.140299369581043720e-03 0.000000000000000000e+00 2.381739206612110138e-03 1.346884237136691809e-04 0.000000000000000000e+00 0.000000000000000000e+00 1.557069132104516029e-03
3.134595695883035660e-03 1.341208466328680515e-03 0.000000000000000000e+00 4.470211919397115707e-03 0.000000000000000000e+00 1.624912139959633350e-03 4.814638290554285049e-03 0.000000000000000000e+00 7.600633427500724792e-03 3.134111873805522919e-03 0.000000000000000000e+00
5.688573233783245087e-03 1.159412859124131501e-04 0.000000000000000000e+00 6.350830662995576859e-03 6.048437207937240601e-03 4.404724575579166412e-03 3.993060439825057983e-03 1.072309445589780807e-02 0.000000000000000000e+00 0.000000000000000000e+00 0.000000000000000000e+00
0.000000000000000000e+00 1.094790331990225241e-05 1.166254660347476602e-04 8.549187623430043459e-05 0.000000000000000000e+00 3.861952791339717805e-05 0.000000000000000000e+00 0.000000000000000000e+00 0.000000000000000000e+00 5.890390457352623343e-05 3.615510067902505398e-04
0.000000000000000000e+00 0.000000000000000000e+00 0.000000000000000000e+00 0.000000000000000000e+00 0.000000000000000000e+00 0.000000000000000000e+00 0.000000000000000000e+00 0.000000000000000000e+00 0.000000000000000000e+00 0.000000000000000000e+00 0.000000000000000000e+00
8.037714869715273380e-04 8.936148136854171753e-03 0.000000000000000000e+00 0.000000000000000000e+00 0.000000000000000000e+00 4.938092897646129131e-04 4.869206808507442474e-03 3.887883387506008148e-03 0.000000000000000000e+00 4.183806478977203369e-03 3.381878836080431938e-03
0.000000000000000000e+00 7.615002105012536049e-04 1.236699055880308151e-03 0.000000000000000000e+00 8.386275731027126312e-04 0.000000000000000000e+00 0.000000000000000000e+00 6.858731154352426529e-03 5.601044744253158569e-03 0.000000000000000000e+00 0.000000000000000000e+00
0.000000000000000000e+00 6.840781308710575104e-03 9.273643372580409050e-04 3.496415447443723679e-03 0.000000000000000000e+00 0.000000000000000000e+00 1.711843186058104038e-03 2.875897916965186596e-04 2.150544198229908943e-03 1.681839115917682648e-03 3.286030376330018044e-03
0.000000000000000000e+00 1.717438688501715660e-03 7.183876819908618927e-03 0.000000000000000000e+00 2.459732070565223694e-02 5.833745468407869339e-03 2.953237388283014297e-03 0.000000000000000000e+00 5.558297038078308105e-03 0.000000000000000000e+00 7.343163713812828064e-03
0.000000000000000000e+00 0.000000000000000000e+00 2.923763986473204568e-06 4.480525319650041638e-07 6.666597073490265757e-06 0.000000000000000000e+00 1.591065029060700908e-06 4.856470354752673302e-07 0.000000000000000000e+00 3.437365876379772089e-06 0.000000000000000000e+00
