0.000000000000000000e+00 0.000000000000000000e+00 2.572684781625866890e-03 0.000000000000000000e+00 0.000000000000000000e+00 0.000000000000000000e+00 7.152436766773462296e-03 0.000000000000000000e+00 3.620056202635169029e-03 0.000000000000000000e+00 0.000000000000000000e+00
6.096740718930959702e-03 0.000000000000000000e+00 6.870207376778125763e-03 3.543023020029067993e-03 2.964749000966548920e-03 0.000000000000000000e+00 3.325645579025149345e-03 0.000000000000000000e+00 0.000000000000000000e+00 0.000000000000000000e+00 2.802792703732848167e-03
2.742919838055968285e-03 3.847428131848573685e-03 3.739012638106942177e-03 5.172509700059890747e-03 0.000000000000000000e+00 6.297574378550052643e-03 0.000000000000000000e+00 0.000000000000000000e+00 4.338490311056375504e-03 3.974800463765859604e-03 2.589058829471468925e-03
1.039126515388488770e-02 0.000000000000000000e+00 0.000000000000000000e+00 0.000000000000000000e+00 7.037142291665077209e-03 3.708384698256850243e-03 0.000000000000000000e+00 2.020162995904684067e-03 6.442164536565542221e-03 3.008586587384343147e-03 0.000000000000000000e+00
2.314633093192242086e-06 0.000000000000000000e+00 1.078550121746957302e-04 1.190992988995276392e-04 0.000000000000000000e+00 5.083738506073132157e-05 7.978539360919967294e-05 7.788239599904045463e-05 0.000000000000000000e+00 1.074962347047403455e-04 4.147867730353027582e-04
0.000000000000000000e+00 0.000000000000000000e+00 0.000000000000000000e+00 0.000000000000000000e+00 0.000000000000000000e+00 3.380863927304744720e-05 0.000000000000000000e+00 0.000000000000000000e+00 0.000000000000000000e+00 0.000000000000000000e+00 0.000000000000000000e+00
0.000000000000000000e+00 5.287083797156810760e-03 0.000000000000000000e+00 0.000000000000000000e+00 0.000000000000000000e+00 0.000000000000000000e+00 8.530657738447189331e-03 8.538999594748020172e-03 6.217806134372949600e-03 0.000000000000000000e+00 7.050337735563516617e-03
0.000000000000000000e+00 3.148651914671063423e-03 0.000000000000000000e+00 0.000000000000000000e+00 1.217121724039316177e-03 0.000000000000000000e+00 0.000000000000000000e+00 1.077748020179569721e-03 1.588283572345972061e-03 0.000000000000000000e+00 0.000000000000000000e+00
0.000000000000000000e+00 5.478494800627231598e-03 2.700271783396601677e-03 1.003210898488759995e-03 0.000000000000000000e+00 0.000000000000000000e+00 7.190602831542491913e-03 0.000000000000000000e+00 4.907654132694005966e-03 0.000000000000000000e+00 2.013068413361907005e-03
0.000000000000000000e+00 7.352291722781956196e-04 1.561351586133241653e-02 0.000000000000000000e+00 2.646854706108570099e-02 0.000000000000000000e+00 5.794146098196506500e-03 0.000000000000000000e+00 1.247102674096822739e-02 0.000000000000000000e+00 9.154156781733036041e-03
0.000000000000000000e+00 0.000000000000000000e+00 2.877550286939367652e-06 2.409541082215582719e-07 5.304076239553978667e-06 0.000000000000000000e+00 1.159457042376743630e-06 1.013758492263150401e-06 3.791859057855617721e-07 1.056541464095062111e-06 0.000000000000000000e+00
