0.000000000000000000e+00 5.087200552225112915e-04 0.000000000000000000e+00 0.000000000000000000e+00 0.000000000000000000e+00 0.000000000000000000e+00 0.000000000000000000e+00 1.275599934160709381e-03 0.000000000000000000e+00 0.000000000000000000e+00 0.000000000000000000e+00
3.722039517015218735e-03 0.000000000000000000e+00 1.879877818282693624e-04 9.295828058384358883e-04 0.000000000000000000e+00 0.000000000000000000e+00 0.000000000000000000e+00 0.000000000000000000e+00 0.000000000000000000e+00 0.000000000000000000e+00 0.000000000000000000e+00
2.383124083280563354e-03 0.000000000000000000e+00 2.723912242799997330e-03 9.796180529519915581e-05 6.854662788100540638e-04 2.290384611114859581e-03 2.809391589835286140e-03 0.000000000000000000e+00 0.000000000000000000e+00 4.020049702376127243e-03 3.258351352997124195e-04
1.494292635470628738e-03 0.000000000000000000e+00 6.466691265814006329e-04 0.000000000000000000e+00 1.092572580091655254e-03 0.000000000000000000e+00 3.157276194542646408e-03 9.719541412778198719e-04 2.807981101796030998e-03 2.845406765118241310e-03 0.000000000000000000e+00
7.106859993655234575e-05 1.654658262850716710e-04 2.108016269630752504e-05 1.032086802297271788e-04 0.000000000000000000e+00 1.813775597838684916e-04 1.332489773631095886e-04 1.215880183735862374e-04 1.398903696099296212e-04 1.568603329360485077e-04 2.705318038351833820e-04
0.000000000000000000e+00 1.303512835875153542e-03 2.523429924622178078e-03 2.023776993155479431e-03 0.000000000000000000e+00 1.289631705731153488e-02 1.983467722311615944e-03 8.006136049516499043e-04 0.000000000000000000e+00 2.416800707578659058e-03 1.610877364873886108e-02
4.778811242431402206e-03 0.000000000000000000e+00 2.799046051222831011e-04 6.730566383339464664e-04 0.000000000000000000e+00 1.735663390718400478e-03 1.055695815011858940e-03 1.236067037098109722e-03 3.029985120519995689e-03 2.198748989030718803e-03 3.367109457030892372e-04
0.000000000000000000e+00 5.080663831904530525e-04 9.995161090046167374e-04 0.000000000000000000e+00 4.172996850684285164e-04 0.000000000000000000e+00 1.574154739500954747e-04 0.000000000000000000e+00 4.273282829672098160e-03 0.000000000000000000e+00 8.393852040171623230e-04
0.000000000000000000e+00 1.124792033806443214e-03 0.000000000000000000e+00 2.449325518682599068e-03 0.000000000000000000e+00 0.000000000000000000e+00 0.000000000000000000e+00 0.000000000000000000e+00 0.000000000000000000e+00 0.000000000000000000e+00 2.576207276433706284e-03
2.430412219837307930e-03 0.000000000000000000e+00 5.307751242071390152e-03 0.000000000000000000e+00 1.103041134774684906e-02 0.000000000000000000e+00 1.371076912619173527e-03 0.000000000000000000e+00 2.656668657436966896e-03 0.000000000000000000e+00 4.641741048544645309e-03
0.000000000000000000e+00 8.252388283835898619e-07 3.508627742121461779e-06 1.773753297129587736e-06 3.102319851677748375e-06 0.000000000000000000e+00 2.423821570118889213e-06 1.874923441391729284e-06 0.000000000000000000e+00 3.271833293183590285e-06 0.000000000000000000e+00
