0.000000000000000000e+00 0.000000000000000000e+00 0.000000000000000000e+00 0.000000000000000000e+00 0.000000000000000000e+00 0.000000000000000000e+00 5.799350910820066929e-04 0.000000000000000000e+00 0.000000000000000000e+00 1.378302229568362236e-03 0.000000000000000000e+00
7.572592701762914658e-03 0.000000000000000000e+00 4.681475460529327393e-03 8.325944072566926479e-04 0.000000000000000000e+00 0.000000000000000000e+00 2.311974298208951950e-03 0.000000000000000000e+00 2.892421092838048935e-03 2.193976193666458130e-03 0.000000000000000000e+00
0.000000000000000000e+00 8.922006003558635712e-03 0.000000000000000000e+00 3.478843951597809792e-03 0.000000000000000000e+00 9.844115702435374260e-04 1.298054470680654049e-03 0.000000000000000000e+00 5.553222261369228363e-03 9.203830733895301819e-03 0.000000000000000000e+00
1.892314758151769638e-03 0.000000000000000000e+00 0.000000000000000000e+00 0.000000000000000000e+00 4.735329654067754745e-03 3.149949712678790092e-03 3.733267541974782944e-03 1.994739519432187080e-03 3.321679774671792984e-03 0.000000000000000000e+00 0.000000000000000000e+00
0.000000000000000000e+00 0.000000000000000000e+00 0.000000000000000000e+00 7.762844688841141760e-06 0.000000000000000000e+00 0.000000000000000000e+00 1.225843789143254980e-05 0.000000000000000000e+00 0.000000000000000000e+00 1.567223080201074481e-05 1.297426206292584538e-04
0.000000000000000000e+00 0.000000000000000000e+00 0.000000000000000000e+00 0.000000000000000000e+00 0.000000000000000000e+00 0.000000000000000000e+00 0.000000000000000000e+00 0.000000000000000000e+00 0.000000000000000000e+00 0.000000000000000000e+00 0.000000000000000000e+00
0.000000000000000000e+00 2.880791435018181801e-03 0.000000000000000000e+00 4.700773395597934723e-03 0.000000000000000000e+00 3.718462307006120682e-03 8.817515918053686619e-04 6.121073849499225616e-03 7.002454716712236404e-03 3.314819186925888062e-03 1.130538433790206909e-02
0.000000000000000000e+00 0.000000000000000000e+00 0.000000000000000000e+00 3.410448553040623665e-03 3.999634180217981339e-03 4.141705110669136047e-03 3.733913414180278778e-03 0.000000000000000000e+00 6.024540401995182037e-03 0.000000000000000000e+00 0.000000000000000000e+00
0.000000000000000000e+00 8.086156449280679226e-04 0.000000000000000000e+00 0.000000000000000000e+00 3.822810482233762741e-03 0.000000000000000000e+00 3.496991004794836044e-03 1.896620728075504303e-03 0.000000000000000000e+00 1.752033131197094917e-03 0.000000000000000000e+00
4.728462547063827515e-03 5.690897349268198013e-03 5.265437997877597809e-03 0.000000000000000000e+00 2.591295540332794189e-02 0.000000000000000000e+00 0.000000000000000000e+00 0.000000000000000000e+00 7.098608184605836868e-03 0.000000000000000000e+00 7.619275245815515518e-03
0.000000000000000000e+00 2.611532181617803872e-07 2.050603825409780256e-06 4.704133402810839470e-07 2.536141664677415974e-06 0.000000000000000000e+00 6.194031243467179593e-07 1.950592007915474824e-07 7.166341902120620944e-07 3.916435105111304438e-07 0.000000000000000000e+00
