1.080615987802957534e-07 3.535389062500000000e+04 4.460006250000000000e+04 0.000000000000000000e+00 0.000000000000000000e+00 0.000000000000000000e+00 1.501937713623046875e+02 6.039486328125000000e+04 1.121004785156250000e+04 9.703936767578125000e+01 0.000000000000000000e+00
3.112233750000000000e+05 1.240863457496743649e-05 2.823550000000000000e+05 1.660634375000000000e+05 1.403269290924072266e+00 9.827907031250000000e+04 2.814168125000000000e+05 2.483020781250000000e+05 5.943579687500000000e+04 2.646789062500000000e+04 7.453549194335937500e+01
1.168378222656250000e+04 1.762498535156250000e+03 7.754444580078125000e+02 7.959413146972656250e+01 2.445073632812500000e+04 8.391912078857421875e+01 1.115329101562500000e+04 8.794100761413574219e+00 1.233984146118164062e+02 1.792487500000000000e+04 1.550797522068023682e-01
3.919178906250000000e+04 1.514982421875000000e+04 1.939002343750000000e+04 2.737181396484375000e+02 3.450996875000000000e+04 1.111080322265625000e+02 3.555509375000000000e+04 3.130852343750000000e+04 1.894278515625000000e+04 2.270992187500000000e+04 8.018699645996093750e+01
1.288629531860351562e+01 1.767782974243164062e+01 6.722828865051269531e+00 7.951448440551757812e+00 5.933338798058684915e-07 1.043017864227294922e+01 4.024875640869140625e+00 7.784630298614501953e+00 4.045994758605957031e+00 1.779449844360351562e+01 3.389145660400390625e+01
0.000000000000000000e+00 0.000000000000000000e+00 0.000000000000000000e+00 0.000000000000000000e+00 0.000000000000000000e+00 0.000000000000000000e+00 0.000000000000000000e+00 0.000000000000000000e+00 0.000000000000000000e+00 0.000000000000000000e+00 0.000000000000000000e+00
1.402266562500000000e+05 5.617675781250000000e+04 8.470867187500000000e+04 2.271873950958251953e+00 3.713429919116606470e-07 1.224987890625000000e+05 1.435587500000000000e+05 8.729191406250000000e+04 1.606252812500000000e+05 9.340626562500000000e+04 6.436527252197265625e+01
3.690665762405842543e-04 3.827867187500000000e+03 2.298660583496093750e+02 5.120778808593750000e+03 8.747000000000000000e+03 1.054067675781250000e+04 3.088111328125000000e+04 3.190400878906250000e+03 2.877221484375000000e+04 1.710611914062500000e+04 9.448637695312500000e+03
0.000000000000000000e+00 2.607206787109375000e+03 7.577203125000000000e+03 2.349291229248046875e+01 7.666597366333007812e+00 6.942650794982910156e+00 1.566061914062500000e+04 5.010854187011718750e+02 6.565277099609375000e+01 1.086068725585937500e+02 1.520174707031250000e+04
0.000000000000000000e+00 0.000000000000000000e+00 0.000000000000000000e+00 0.000000000000000000e+00 2.500097274780273438e+01 0.000000000000000000e+00 0.000000000000000000e+00 0.000000000000000000e+00 0.000000000000000000e+00 0.000000000000000000e+00 0.000000000000000000e+00
0.000000000000000000e+00 0.000000000000000000e+00 1.453416645526885986e-01 5.327466875314712524e-02 2.925491333007812500e-01 0.000000000000000000e+00 7.663569413125514984e-03 1.523498743772506714e-01 5.032075023336801678e-07 1.254160404205322266e-01 0.000000000000000000e+00
