0.000000000000000000e+00 4.027286916971206665e-02 1.547257998026907444e-03 0.000000000000000000e+00 0.000000000000000000e+00 0.000000000000000000e+00 9.613519310951232910e-01 1.529590226709842682e-03 0.000000000000000000e+00 3.942642509937286377e-01 0.000000000000000000e+00
2.263270318508148193e-01 0.000000000000000000e+00 1.627068035304546356e-03 0.000000000000000000e+00 0.000000000000000000e+00 3.436045371927320957e-04 4.103920582565478981e-05 7.539177685976028442e-02 5.439058542251586914e-01 4.267905354499816895e-01 0.000000000000000000e+00
6.100203609094023705e-04 1.071950346231460571e-01 9.511445648968219757e-03 1.862245798110961914e-01 3.332424967084079981e-05 2.624287009239196777e-01 2.422141432762145996e-01 0.000000000000000000e+00 7.700807182118296623e-04 2.444262802600860596e-02 1.101324334740638733e-03
4.065001606941223145e-01 0.000000000000000000e+00 5.770395000581629574e-05 0.000000000000000000e+00 1.082172733731567860e-03 0.000000000000000000e+00 1.336360310233430937e-05 1.702326238155364990e-01 1.669528273851028644e-06 7.214767974801361561e-04 0.000000000000000000e+00
1.179526225314475596e-04 8.831811719574034214e-04 2.808041754178702831e-04 7.472645374946296215e-04 0.000000000000000000e+00 6.326946895569562912e-04 7.276835385710000992e-04 4.393981071189045906e-04 7.080012001097202301e-04 1.050642575137317181e-03 1.797943958081305027e-03
0.000000000000000000e+00 0.000000000000000000e+00 3.504463471472263336e-03 0.000000000000000000e+00 0.000000000000000000e+00 8.018975146114826202e-03 4.833688726648688316e-04 0.000000000000000000e+00 0.000000000000000000e+00 1.708682975731790066e-03 1.422781944274902344e-01
1.644557118415832520e-01 1.585877537727355957e-01 0.000000000000000000e+00 1.485921740531921387e-01 0.000000000000000000e+00 1.379810273647308350e-03 2.382136590313166380e-04 0.000000000000000000e+00 2.695157891139388084e-03 3.979854658246040344e-02 7.405159994959831238e-04
0.000000000000000000e+00 2.840771572664380074e-03 0.000000000000000000e+00 1.230338141322135925e-01 0.000000000000000000e+00 1.253738552331924438e-01 1.795685142278671265e-01 2.869760394096374512e-01 2.778652124106884003e-02 2.226188965141773224e-02 2.565708756446838379e-01
1.867613464128226042e-04 3.770327270030975342e-01 8.403545618057250977e-01 4.240085482597351074e-01 0.000000000000000000e+00 1.034655332565307617e+00 1.445516943931579590e-03 3.862646117340773344e-04 0.000000000000000000e+00 0.000000000000000000e+00 6.152978539466857910e-01
1.603565877303481102e-03 0.000000000000000000e+00 5.218138103373348713e-04 0.000000000000000000e+00 2.117298096418380737e-01 0.000000000000000000e+00 0.000000000000000000e+00 0.000000000000000000e+00 4.405618237797170877e-04 0.000000000000000000e+00 1.481118379160761833e-03
0.000000000000000000e+00 6.498292350443080068e-06 4.716555486083962023e-05 2.308206785528454930e-05 5.063427670393139124e-05 0.000000000000000000e+00 2.241931724711321294e-05 3.668158387881703675e-05 7.654689397895708680e-06 2.692464840947650373e-05 1.091881040338193998e-05
