0.000000000000000000e+00 8.603750728070735931e-03 6.197066046297550201e-03 0.000000000000000000e+00 0.000000000000000000e+00 0.000000000000000000e+00 0.000000000000000000e+00 1.099749933928251266e-02 0.000000000000000000e+00 0.000000000000000000e+00 0.000000000000000000e+00
2.437342330813407898e-02 0.000000000000000000e+00 1.377568487077951431e-02 4.381361941341310740e-04 0.000000000000000000e+00 0.000000000000000000e+00 9.372144006192684174e-03 8.697555400431156158e-03 0.000000000000000000e+00 0.000000000000000000e+00 0.000000000000000000e+00
0.000000000000000000e+00 1.015568524599075317e-02 2.126394538208842278e-03 1.201558299362659454e-02 3.872812259942293167e-03 5.564272403717041016e-03 1.307530794292688370e-02 0.000000000000000000e+00 0.000000000000000000e+00 1.374615123495459557e-03 0.000000000000000000e+00
2.233105339109897614e-02 4.322552122175693512e-03 3.552577618393115699e-05 0.000000000000000000e+00 1.322887651622295380e-02 3.644850570708513260e-03 8.744779974222183228e-03 1.317043695598840714e-02 9.791907854378223419e-03 0.000000000000000000e+00 0.000000000000000000e+00
4.342056854511611164e-05 3.019443101948127151e-05 1.763851905707269907e-04 2.120857825502753258e-04 0.000000000000000000e+00 1.167867740150541067e-04 1.256418181583285332e-04 8.809060818748548627e-05 2.667880471562966704e-05 3.801750717684626579e-04 6.445146864280104637e-04
0.000000000000000000e+00 0.000000000000000000e+00 0.000000000000000000e+00 0.000000000000000000e+00 0.000000000000000000e+00 0.000000000000000000e+00 0.000000000000000000e+00 0.000000000000000000e+00 0.000000000000000000e+00 0.000000000000000000e+00 0.000000000000000000e+00
2.632380463182926178e-03 1.097120461054146290e-03 0.000000000000000000e+00 0.000000000000000000e+00 0.000000000000000000e+00 6.263284594751894474e-04 1.081830635666847229e-02 2.237640880048274994e-02 8.407331071794033051e-03 7.746933959424495697e-03 1.882774056866765022e-03
0.000000000000000000e+00 5.041022319346666336e-03 0.000000000000000000e+00 0.000000000000000000e+00 0.000000000000000000e+00 0.000000000000000000e+00 0.000000000000000000e+00 0.000000000000000000e+00 1.694549457170069218e-03 0.000000000000000000e+00 0.000000000000000000e+00
3.559333854354918003e-04 3.095678752288222313e-03 0.000000000000000000e+00 0.000000000000000000e+00 0.000000000000000000e+00 1.206213980913162231e-02 8.288368582725524902e-03 1.312667387537658215e-03 0.000000000000000000e+00 0.000000000000000000e+00 5.849140230566263199e-03
0.000000000000000000e+00 0.000000000000000000e+00 1.337748579680919647e-02 0.000000000000000000e+00 5.657203122973442078e-02 5.541415419429540634e-03 0.000000000000000000e+00 0.000000000000000000e+00 8.938218466937541962e-03 0.000000000000000000e+00 1.162507105618715286e-02
0.000000000000000000e+00 7.882458135100023355e-07 3.933092102670343593e-06 3.608266297305817716e-06 7.692556209804024547e-06 0.000000000000000000e+00 2.179542889280128293e-06 3.056135710721719079e-06 8.690816599710160517e-08 3.033390157725079916e-06 0.000000000000000000e+00
