0.000000000000000000e+00 6.667087320238351822e-03 3.255316289141774178e-03 0.000000000000000000e+00 0.000000000000000000e+00 0.000000000000000000e+00 0.000000000000000000e+00 1.011901348829269409e-02 6.547764409333467484e-03 0.000000000000000000e+00 0.000000000000000000e+00
9.012352675199508667e-03 0.000000000000000000e+00 0.000000000000000000e+00 0.000000000000000000e+00 0.000000000000000000e+00 0.000000000000000000e+00 1.640604110434651375e-03 0.000000000000000000e+00 0.000000000000000000e+00 0.000000000000000000e+00 0.000000000000000000e+00
0.000000000000000000e+00 6.750118453055620193e-03 7.390303537249565125e-03 0.000000000000000000e+00 0.000000000000000000e+00 1.941276900470256805e-02 7.981431670486927032e-03 0.000000000000000000e+00 3.272105241194367409e-03 3.621453419327735901e-03 0.000000000000000000e+00
9.653556160628795624e-03 0.000000000000000000e+00 0.000000000000000000e+00 1.965082949027419090e-03 3.933892585337162018e-03 8.046266157180070877e-05 0.000000000000000000e+00 1.200844813138246536e-02 1.378694432787597179e-04 3.207466332241892815e-03 0.000000000000000000e+00
3.648969141067937016e-05 1.458367623854428530e-04 0.000000000000000000e+00 7.940719660837203264e-05 0.000000000000000000e+00 7.755827391520142555e-05 3.187113907188177109e-05 0.000000000000000000e+00 0.000000000000000000e+00 1.252387592103332281e-04 3.204159147571772337e-04
0.000000000000000000e+00 0.000000000000000000e+00 0.000000000000000000e+00 0.000000000000000000e+00 0.000000000000000000e+00 0.000000000000000000e+00 0.000000000000000000e+00 0.000000000000000000e+00 0.000000000000000000e+00 0.000000000000000000e+00 1.123737238231115043e-04
3.787284251302480698e-03 9.002666920423507690e-03 0.000000000000000000e+00 2.640806087583769113e-06 0.000000000000000000e+00 6.975139025598764420e-03 1.810021325945854187e-02 1.650709775276482105e-03 0.000000000000000000e+00 8.263215422630310059e-03 5.932775791734457016e-03
0.000000000000000000e+00 0.000000000000000000e+00 0.000000000000000000e+00 0.000000000000000000e+00 0.000000000000000000e+00 0.000000000000000000e+00 0.000000000000000000e+00 0.000000000000000000e+00 4.660725593566894531e-03 0.000000000000000000e+00 1.076947897672653198e-03
0.000000000000000000e+00 9.705749340355396271e-03 0.000000000000000000e+00 9.893279056996107101e-04 0.000000000000000000e+00 9.141388582065701485e-04 8.040896616876125336e-03 0.000000000000000000e+00 0.000000000000000000e+00 5.210091359913349152e-03 7.354051922447979450e-04
1.102453190833330154e-02 2.777217654511332512e-03 1.281799748539924622e-02 0.000000000000000000e+00 5.214991793036460876e-02 4.549476783722639084e-03 1.412616693414747715e-03 0.000000000000000000e+00 2.843685913830995560e-03 0.000000000000000000e+00 1.032022200524806976e-02
0.000000000000000000e+00 0.000000000000000000e+00 2.063003194052726030e-06 5.343012503544741776e-07 2.811176273098681122e-06 0.000000000000000000e+00 9.018046398523438256e-07 5.572275654230907094e-07 0.000000000000000000e+00 1.137891558755654842e-06 0.000000000000000000e+00
