0.000000000000000000e+00 0.000000000000000000e+00 0.000000000000000000e+00 0.000000000000000000e+00 0.000000000000000000e+00 0.000000000000000000e+00 2.285486785694956779e-03 2.433607587590813637e-03 7.482214714400470257e-04 0.000000000000000000e+00 0.000000000000000000e+00
1.380464900285005569e-02 0.000000000000000000e+00 1.134378276765346527e-02 0.000000000000000000e+00 0.000000000000000000e+00 1.615897286683320999e-03 0.000000000000000000e+00 0.000000000000000000e+00 1.983373193070292473e-03 0.000000000000000000e+00 0.000000000000000000e+00
0.000000000000000000e+00 8.188891224563121796e-03 0.000000000000000000e+00 0.000000000000000000e+00 0.000000000000000000e+00 7.492561824619770050e-03 2.448803512379527092e-03 0.000000000000000000e+00 6.948492955416440964e-04 4.532224498689174652e-03 0.000000000000000000e+00
1.420743297785520554e-03 0.000000000000000000e+00 0.000000000000000000e+00 0.000000000000000000e+00 1.510947942733764648e-02 0.000000000000000000e+00 5.505920387804508209e-03 1.576168090105056763e-02 0.000000000000000000e+00 0.000000000000000000e+00 0.000000000000000000e+00
0.000000000000000000e+00 2.280574117321521044e-04 1.481585150031605735e-05 1.065591059159487486e-04 0.000000000000000000e+00 0.000000000000000000e+00 0.000000000000000000e+00 2.359413883823435754e-05 0.000000000000000000e+00 1.180873368866741657e-04 5.890904576517641544e-04
0.000000000000000000e+00 0.000000000000000000e+00 0.000000000000000000e+00 0.000000000000000000e+00 0.000000000000000000e+00 1.676622778177261353e-03 0.000000000000000000e+00 0.000000000000000000e+00 0.000000000000000000e+00 0.000000000000000000e+00 0.000000000000000000e+00
9.788083843886852264e-03 1.631125087442342192e-05 0.000000000000000000e+00 6.219030823558568954e-03 0.000000000000000000e+00 1.708718831650912762e-03 7.783621083945035934e-03 7.350468542426824570e-03 4.438888281583786011e-03 5.336129572242498398e-03 5.604126490652561188e-04
0.000000000000000000e+00 4.450226202607154846e-03 0.000000000000000000e+00 0.000000000000000000e+00 0.000000000000000000e+00 0.000000000000000000e+00 5.310219712555408478e-04 0.000000000000000000e+00 1.226804405450820923e-02 2.748156199231743813e-03 0.000000000000000000e+00
0.000000000000000000e+00 4.024975642096251249e-04 1.892481232061982155e-04 3.891033120453357697e-03 2.656028838828206062e-03 0.000000000000000000e+00 0.000000000000000000e+00 0.000000000000000000e+00 5.200054962188005447e-03 0.000000000000000000e+00 1.037583686411380768e-02
3.721203887835144997e-03 0.000000000000000000e+00 8.784720674157142639e-03 1.775077078491449356e-03 4.418669268488883972e-02 0.000000000000000000e+00 0.000000000000000000e+00 4.965959582477807999e-03 6.535666529089212418e-03 0.000000000000000000e+00 1.423010695725679398e-02
0.000000000000000000e+00 0.000000000000000000e+00 1.698984488029964268e-05 3.798791567533044145e-06 1.506563330622157082e-05 0.000000000000000000e+00 7.449426902894629166e-06 5.261632395558990538e-06 2.737014028753037564e-06 5.133933427714509889e-06 0.000000000000000000e+00
