0.000000000000000000e+00 0.000000000000000000e+00 1.956493128091096878e-03 0.000000000000000000e+00 0.000000000000000000e+00 0.000000000000000000e+00 3.370288759469985962e-03 1.448791939765214920e-03 1.417323714122176170e-03 0.000000000000000000e+00 0.000000000000000000e+00
1.508706621825695038e-02 0.000000000000000000e+00 1.051718369126319885e-02 7.701790425926446915e-03 0.000000000000000000e+00 0.000000000000000000e+00 9.185513481497764587e-03 0.000000000000000000e+00 9.937743889167904854e-04 0.000000000000000000e+00 5.229701637290418148e-04
0.000000000000000000e+00 9.375534020364284515e-03 0.000000000000000000e+00 4.927170462906360626e-03 3.903454635292291641e-04 2.061209175735712051e-03 0.000000000000000000e+00 0.000000000000000000e+00 2.856427105143666267e-03 5.816837307065725327e-03 5.201509338803589344e-04
0.000000000000000000e+00 0.000000000000000000e+00 0.000000000000000000e+00 0.000000000000000000e+00 1.660518464632332325e-04 6.624955218285322189e-03 0.000000000000000000e+00 1.938314363360404968e-02 0.000000000000000000e+00 0.000000000000000000e+00 0.000000000000000000e+00
5.589786451309919357e-05 2.502478891983628273e-04 2.172551030525937676e-04 1.739604631438851357e-04 0.000000000000000000e+00 1.205084045068360865e-04 1.228027540491893888e-04 1.352051185676828027e-04 1.305705372942611575e-04 3.186278336215764284e-04 5.640788585878908634e-04
0.000000000000000000e+00 0.000000000000000000e+00 0.000000000000000000e+00 0.000000000000000000e+00 0.000000000000000000e+00 7.805548375472426414e-04 0.000000000000000000e+00 0.000000000000000000e+00 0.000000000000000000e+00 0.000000000000000000e+00 0.000000000000000000e+00
3.805706044659018517e-03 1.675512874498963356e-03 0.000000000000000000e+00 1.397853600792586803e-03 0.000000000000000000e+00 0.000000000000000000e+00 0.000000000000000000e+00 2.527860458940267563e-03 1.296245306730270386e-02 1.040545525029301643e-03 0.000000000000000000e+00
0.000000000000000000e+00 1.264091115444898605e-03 0.000000000000000000e+00 1.878791139461100101e-03 3.102176124230027199e-03 0.000000000000000000e+00 0.000000000000000000e+00 0.000000000000000000e+00 7.129972800612449646e-03 0.000000000000000000e+00 0.000000000000000000e+00
3.075486281886696815e-03 1.593052758835256100e-03 1.166536938399076462e-02 0.000000000000000000e+00 2.812915481626987457e-03 0.000000000000000000e+00 7.092490326613187790e-03 0.000000000000000000e+00 0.000000000000000000e+00 1.126696728169918060e-02 6.655381526798009872e-03
8.141483180224895477e-03 7.695761509239673615e-03 1.053863856941461563e-02 0.000000000000000000e+00 3.404730558395385742e-02 0.000000000000000000e+00 0.000000000000000000e+00 0.000000000000000000e+00 3.961377311497926712e-03 0.000000000000000000e+00 1.292938832193613052e-03
0.000000000000000000e+00 0.000000000000000000e+00 2.510608283046167344e-06 2.491304371687874664e-07 5.756315658800303936e-06 0.000000000000000000e+00 1.354312786361333565e-07 3.424717078814865090e-06 0.000000000000000000e+00 1.618427745597728062e-06 0.000000000000000000e+00
