0.000000000000000000e+00 0.000000000000000000e+00 0.000000000000000000e+00 0.000000000000000000e+00 0.000000000000000000e+00 0.000000000000000000e+00 0.000000000000000000e+00 1.417288184165954590e-02 0.000000000000000000e+00 0.000000000000000000e+00 0.000000000000000000e+00
1.055296976119279861e-02 0.000000000000000000e+00 1.111489348113536835e-02 1.988777890801429749e-03 0.000000000000000000e+00 0.000000000000000000e+00 0.000000000000000000e+00 5.679611931554973125e-04 0.000000000000000000e+00 0.000000000000000000e+00 4.583918955177068710e-03
6.116457283496856689e-03 1.441012369468808174e-03 0.000000000000000000e+00 0.000000000000000000e+00 2.324545988813042641e-03 2.977934665977954865e-03 0.000000000000000000e+00 0.000000000000000000e+00 8.418596349656581879e-03 1.526507828384637833e-02 8.755906601436436176e-04
8.044213987886905670e-03 0.000000000000000000e+00 0.000000000000000000e+00 1.294525456614792347e-03 1.008143462240695953e-02 0.000000000000000000e+00 3.264747560024261475e-03 2.575607737526297569e-03 3.522621933370828629e-03 4.609519091900438070e-04 0.000000000000000000e+00
0.000000000000000000e+00 4.166746293776668608e-05 9.177712490782141685e-05 0.000000000000000000e+00 0.000000000000000000e+00 0.000000000000000000e+00 0.000000000000000000e+00 0.000000000000000000e+00 0.000000000000000000e+00 2.370382862864062190e-04 5.303805228322744370e-04
0.000000000000000000e+00 0.000000000000000000e+00 0.000000000000000000e+00 0.000000000000000000e+00 0.000000000000000000e+00 0.000000000000000000e+00 0.000000000000000000e+00 0.000000000000000000e+00 0.000000000000000000e+00 0.000000000000000000e+00 0.000000000000000000e+00
7.367582991719245911e-03 0.000000000000000000e+00 0.000000000000000000e+00 0.000000000000000000e+00 0.000000000000000000e+00 0.000000000000000000e+00 9.934241883456707001e-03 1.444692816585302353e-02 4.181310068815946579e-03 0.000000000000000000e+00 0.000000000000000000e+00
0.000000000000000000e+00 4.771077365148812532e-04 0.000000000000000000e+00 3.460030711721628904e-04 1.990362943615764380e-04 0.000000000000000000e+00 0.000000000000000000e+00 1.034849975258111954e-02 4.402306396514177322e-03 0.000000000000000000e+00 0.000000000000000000e+00
0.000000000000000000e+00 5.135628860443830490e-03 0.000000000000000000e+00 0.000000000000000000e+00 0.000000000000000000e+00 0.000000000000000000e+00 9.018004871904850006e-03 7.502450171159580350e-05 0.000000000000000000e+00 0.000000000000000000e+00 7.593741640448570251e-03
1.960276422323659062e-04 2.448325511068105698e-03 5.468672607094049454e-03 0.000000000000000000e+00 3.799419105052947998e-02 6.343321409076452255e-03 0.000000000000000000e+00 0.000000000000000000e+00 3.178423969075083733e-03 0.000000000000000000e+00 1.768692396581172943e-02
0.000000000000000000e+00 1.079022453609468357e-07 5.634863100567599759e-06 1.431629812032042537e-06 8.016080755623988807e-06 0.000000000000000000e+00 3.091012672484794166e-07 1.311194296249595936e-06 0.000000000000000000e+00 2.521671831345884129e-06 0.000000000000000000e+00
