0.000000000000000000e+00 9.514965820312500000e+03 1.117550195312500000e+04 0.000000000000000000e+00 0.000000000000000000e+00 0.000000000000000000e+00 2.683050390625000000e+04 1.186074218750000000e+04 1.738002319335937500e+02 2.622291992187500000e+03 0.000000000000000000e+00
4.298985156250000000e+04 1.380739149681176059e-07 5.774226562500000000e+04 5.600302343750000000e+04 1.917416210937500000e+04 6.100475390625000000e+04 3.749199218750000000e+03 3.107235156250000000e+04 7.370028125000000000e+04 7.912633593750000000e+04 5.125633239746093750e+01
1.589879492187500000e+04 7.590327148437500000e+03 1.185904687500000000e+04 1.442417907714843750e+01 4.217636585235595703e-02 8.200667968750000000e+03 4.529993438720703125e+01 1.097302055358886719e+01 2.082980804443359375e+02 8.115041015625000000e+03 1.992555427551269531e+01
8.925066375732421875e+01 7.196998046875000000e+03 3.846015036106109619e-02 9.772185546875000000e+03 4.305697265625000000e+03 2.491570281982421875e+01 1.422447363281250000e+04 3.715721740722656250e+02 6.001814453125000000e+03 9.476951171875000000e+03 2.944196319580078125e+01
1.724916100502014160e+00 1.001134395599365234e+01 9.014594554901123047e-02 3.735418915748596191e-01 0.000000000000000000e+00 4.577068090438842773e-01 1.865056991577148438e+00 5.054138302803039551e-01 2.442982047796249390e-01 4.368045628070831299e-01 1.609077835083007812e+01
0.000000000000000000e+00 0.000000000000000000e+00 0.000000000000000000e+00 0.000000000000000000e+00 0.000000000000000000e+00 2.148786006728187203e-04 0.000000000000000000e+00 0.000000000000000000e+00 0.000000000000000000e+00 0.000000000000000000e+00 3.496585909701366290e-09
1.351185058593750000e+04 6.993028259277343750e+01 0.000000000000000000e+00 7.633068359375000000e+03 1.064306735992431641e+00 2.922720703125000000e+04 3.139311075210571289e+00 1.517236455583770294e-06 7.487039184570312500e+01 6.461040527343750000e+03 1.190437011718750000e+04
0.000000000000000000e+00 2.697452343750000000e+04 1.125700073242187500e+02 4.287406336516141891e-03 2.959231640625000000e+04 2.570154296875000000e+04 8.190909179687500000e+03 2.622802429199218750e+02 6.340498828125000000e+04 1.907645312500000000e+04 1.322109103202819824e+00
6.323311523437500000e+03 7.258501464843750000e+03 2.904216918945312500e+02 5.891869140625000000e+03 7.683016113281250000e+03 3.759908935546875000e+03 6.552534179687500000e+03 1.268356250000000000e+04 8.463916625976562500e+02 8.819621276855468750e+01 6.202688476562500000e+03
0.000000000000000000e+00 0.000000000000000000e+00 0.000000000000000000e+00 0.000000000000000000e+00 2.318799781799316406e+01 0.000000000000000000e+00 0.000000000000000000e+00 0.000000000000000000e+00 0.000000000000000000e+00 0.000000000000000000e+00 1.781926024705171585e-03
0.000000000000000000e+00 2.135306131094694138e-04 2.146166861057281494e-01 2.718830073717981577e-04 1.812809258699417114e-01 0.000000000000000000e+00 6.382136046886444092e-02 6.051259487867355347e-02 5.488391034305095673e-04 1.120539382100105286e-01 1.099398708902299404e-03
