0.000000000000000000e+00 0.000000000000000000e+00 2.721436554566025734e-03 0.000000000000000000e+00 0.000000000000000000e+00 0.000000000000000000e+00 0.000000000000000000e+00 0.000000000000000000e+00 0.000000000000000000e+00 0.000000000000000000e+00 0.000000000000000000e+00
2.107595792040228844e-03 0.000000000000000000e+00 8.744362276047468185e-04 5.446139839477837086e-04 0.000000000000000000e+00 2.933788637164980173e-04 7.485442329198122025e-04 0.000000000000000000e+00 0.000000000000000000e+00 0.000000000000000000e+00 0.000000000000000000e+00
0.000000000000000000e+00 3.322935663163661957e-03 2.076012315228581429e-03 0.000000000000000000e+00 1.192762632854282856e-03 2.543399343267083168e-03 1.001621480099856853e-03 0.000000000000000000e+00 2.670323301572352648e-04 1.347075682133436203e-03 0.000000000000000000e+00
4.074588418006896973e-03 0.000000000000000000e+00 0.000000000000000000e+00 0.000000000000000000e+00 0.000000000000000000e+00 0.000000000000000000e+00 1.012429012916982174e-03 1.256562303751707077e-03 1.165089663118124008e-03 1.493862364441156387e-03 0.000000000000000000e+00
1.966978379641659558e-05 1.364293857477605343e-04 1.245257735718041658e-04 1.250586356036365032e-04 0.000000000000000000e+00 1.592286425875499845e-04 1.463909575249999762e-04 6.470000516856089234e-05 1.383224735036492348e-04 2.078125544358044863e-04 3.081956238020211458e-04
0.000000000000000000e+00 0.000000000000000000e+00 4.271860700100660324e-03 1.514100702479481697e-03 0.000000000000000000e+00 8.641528896987438202e-03 0.000000000000000000e+00 0.000000000000000000e+00 0.000000000000000000e+00 2.626553410664200783e-03 1.275762449949979782e-02
1.387780765071511269e-03 6.428633932955563068e-04 5.777470651082694530e-04 7.611294859088957310e-04 5.991476541566953529e-07 1.877179136499762535e-03 1.260829973034560680e-03 1.576042122906073928e-04 2.426064573228359222e-03 3.392872167751193047e-03 0.000000000000000000e+00
0.000000000000000000e+00 3.361517738085240126e-04 0.000000000000000000e+00 2.786976619972847402e-05 6.609778502024710178e-04 0.000000000000000000e+00 0.000000000000000000e+00 0.000000000000000000e+00 5.339128547348082066e-04 0.000000000000000000e+00 0.000000000000000000e+00
0.000000000000000000e+00 8.635870763100683689e-04 0.000000000000000000e+00 7.769196527078747749e-04 0.000000000000000000e+00 0.000000000000000000e+00 4.207100209896452725e-05 1.683835289441049099e-03 0.000000000000000000e+00 0.000000000000000000e+00 0.000000000000000000e+00
1.870968611910939217e-03 2.176990965381264687e-03 2.315935678780078888e-03 0.000000000000000000e+00 9.880305267870426178e-03 0.000000000000000000e+00 2.040511753875762224e-04 8.110660128295421600e-04 1.753105083480477333e-03 6.619172054342925549e-04 3.856439841911196709e-03
0.000000000000000000e+00 0.000000000000000000e+00 4.244242063577985391e-06 1.091032004296721425e-06 4.015971626358805224e-06 0.000000000000000000e+00 0.000000000000000000e+00 2.899756282204180025e-06 0.000000000000000000e+00 2.284338734170887619e-06 0.000000000000000000e+00
