0.000000000000000000e+00 0.000000000000000000e+00 4.911453463137149811e-03 0.000000000000000000e+00 0.000000000000000000e+00 0.000000000000000000e+00 4.900644067674875259e-03 0.000000000000000000e+00 3.139007370918989182e-03 0.000000000000000000e+00 0.000000000000000000e+00
7.611102890223264694e-03 0.000000000000000000e+00 0.000000000000000000e+00 7.311246008612215519e-04 0.000000000000000000e+00 0.000000000000000000e+00 0.000000000000000000e+00 0.000000000000000000e+00 0.000000000000000000e+00 0.000000000000000000e+00 8.659551967866718769e-04
0.000000000000000000e+00 0.000000000000000000e+00 0.000000000000000000e+00 2.646495122462511063e-03 0.000000000000000000e+00 0.000000000000000000e+00 2.112440066412091255e-03 3.896059701219201088e-03 0.000000000000000000e+00 0.000000000000000000e+00 4.510044120252132416e-03
7.888950407505035400e-03 0.000000000000000000e+00 0.000000000000000000e+00 1.198370126076042652e-03 7.491461932659149170e-03 0.000000000000000000e+00 0.000000000000000000e+00 1.191550493240356445e-02 2.378671662881970406e-03 1.325755030848085880e-03 0.000000000000000000e+00
2.482825075276196003e-04 4.046601534355431795e-04 3.047432401217520237e-04 4.013492725789546967e-04 0.000000000000000000e+00 4.015023587271571159e-04 2.796859480440616608e-04 2.290182164870202541e-04 4.269660857971757650e-04 3.957675944548100233e-04 7.990091107785701752e-04
0.000000000000000000e+00 0.000000000000000000e+00 0.000000000000000000e+00 0.000000000000000000e+00 0.000000000000000000e+00 1.778429374098777771e-03 0.000000000000000000e+00 0.000000000000000000e+00 0.000000000000000000e+00 0.000000000000000000e+00 0.000000000000000000e+00
9.176651947200298309e-03 0.000000000000000000e+00 0.000000000000000000e+00 0.000000000000000000e+00 0.000000000000000000e+00 1.549101783894002438e-03 2.641636179760098457e-03 0.000000000000000000e+00 1.074804365634918213e-02 6.377027370035648346e-03 0.000000000000000000e+00
0.000000000000000000e+00 4.205657169222831726e-03 7.807438378222286701e-04 0.000000000000000000e+00 0.000000000000000000e+00 0.000000000000000000e+00 0.000000000000000000e+00 0.000000000000000000e+00 0.000000000000000000e+00 0.000000000000000000e+00 0.000000000000000000e+00
1.446774112991988659e-04 8.224643766880035400e-03 3.093131352216005325e-03 5.133336875587701797e-03 0.000000000000000000e+00 0.000000000000000000e+00 1.771315583027899265e-04 1.968180760741233826e-03 0.000000000000000000e+00 9.945639176294207573e-04 8.532052859663963318e-03
1.498631900176405907e-03 6.745667196810245514e-03 1.238098554313182831e-02 0.000000000000000000e+00 2.678472176194190979e-02 3.464155131950974464e-03 2.932094503194093704e-03 0.000000000000000000e+00 2.790378406643867493e-03 0.000000000000000000e+00 1.173603814095258713e-03
0.000000000000000000e+00 0.000000000000000000e+00 5.380298716772813350e-06 0.000000000000000000e+00 6.386467248375993222e-06 0.000000000000000000e+00 2.283280309711699374e-06 1.962862143045640551e-06 0.000000000000000000e+00 2.626595914989593439e-06 0.000000000000000000e+00
