0.000000000000000000e+00 4.146563005633652210e-04 0.000000000000000000e+00 0.000000000000000000e+00 0.000000000000000000e+00 0.000000000000000000e+00 0.000000000000000000e+00 3.514876356348395348e-03 0.000000000000000000e+00 0.000000000000000000e+00 0.000000000000000000e+00
1.397930737584829330e-02 0.000000000000000000e+00 1.668603718280792236e-02 0.000000000000000000e+00 0.000000000000000000e+00 0.000000000000000000e+00 0.000000000000000000e+00 2.431100700050592422e-03 7.197747007012367249e-03 0.000000000000000000e+00 0.000000000000000000e+00
1.347412820905447006e-02 3.121373709291219711e-03 6.901836022734642029e-04 0.000000000000000000e+00 0.000000000000000000e+00 6.481532473117113113e-03 0.000000000000000000e+00 0.000000000000000000e+00 7.314723916351795197e-03 7.223178166896104813e-03 6.892311852425336838e-03
2.131459303200244904e-03 0.000000000000000000e+00 0.000000000000000000e+00 3.992692567408084869e-03 1.711639203131198883e-02 0.000000000000000000e+00 2.313062082976102829e-03 1.194014493376016617e-02 0.000000000000000000e+00 0.000000000000000000e+00 0.000000000000000000e+00
0.000000000000000000e+00 1.976059284061193466e-04 0.000000000000000000e+00 1.804246276151388884e-04 0.000000000000000000e+00 1.309386425418779254e-04 2.233353552583139390e-05 0.000000000000000000e+00 0.000000000000000000e+00 1.344494085060432553e-04 4.937454359605908394e-04
0.000000000000000000e+00 0.000000000000000000e+00 0.000000000000000000e+00 0.000000000000000000e+00 0.000000000000000000e+00 1.289365813136100769e-03 0.000000000000000000e+00 0.000000000000000000e+00 0.000000000000000000e+00 0.000000000000000000e+00 0.000000000000000000e+00
5.882369354367256165e-03 3.238620411138981581e-04 0.000000000000000000e+00 3.824240062385797501e-03 0.000000000000000000e+00 8.282423950731754303e-03 1.054208818823099136e-02 1.190245151519775391e-02 1.580365933477878571e-02 1.187136303633451462e-02 2.921555424109101295e-03
0.000000000000000000e+00 2.746017184108495712e-03 5.900761578232049942e-03 0.000000000000000000e+00 0.000000000000000000e+00 0.000000000000000000e+00 5.439086817204952240e-03 0.000000000000000000e+00 1.820892281830310822e-02 0.000000000000000000e+00 3.519866615533828735e-03
0.000000000000000000e+00 6.415173877030611038e-03 0.000000000000000000e+00 0.000000000000000000e+00 2.930174116045236588e-03 0.000000000000000000e+00 4.002975299954414368e-03 0.000000000000000000e+00 0.000000000000000000e+00 9.997686138376593590e-04 1.790545182302594185e-03
6.582907866686582565e-03 1.991062192246317863e-03 1.629345118999481201e-02 0.000000000000000000e+00 4.622636362910270691e-02 4.615416284650564194e-03 0.000000000000000000e+00 0.000000000000000000e+00 0.000000000000000000e+00 0.000000000000000000e+00 4.307262599468231201e-03
0.000000000000000000e+00 0.000000000000000000e+00 7.829208698240108788e-06 2.724175089952041162e-07 6.806710644013946876e-06 0.000000000000000000e+00 3.613502030930249020e-06 1.821537125579197891e-06 3.147509914924739860e-06 2.830109906426514499e-06 0.000000000000000000e+00
