2.653881438163807616e-06 2.085826235997956246e-05 2.819128349074162543e-05 4.934619482810376212e-06 0.000000000000000000e+00 2.579308784333989024e-06 1.975951818167231977e-05 2.693836358957923949e-05 2.729155130509752780e-05 1.477558998885797337e-05 3.373671916051534936e-06
8.428775705397129059e-03 0.000000000000000000e+00 9.821008890867233276e-03 0.000000000000000000e+00 1.030532439472153783e-04 0.000000000000000000e+00 0.000000000000000000e+00 1.582844648510217667e-03 0.000000000000000000e+00 0.000000000000000000e+00 0.000000000000000000e+00
2.825511153787374496e-03 6.283218972384929657e-03 0.000000000000000000e+00 0.000000000000000000e+00 0.000000000000000000e+00 1.297558099031448364e-02 1.681072637438774109e-03 0.000000000000000000e+00 4.671608563512563705e-03 9.441412054002285004e-03 0.000000000000000000e+00
1.140105724334716797e-02 0.000000000000000000e+00 0.000000000000000000e+00 5.786344408988952637e-04 1.056300103664398193e-02 0.000000000000000000e+00 1.724476693198084831e-03 7.693580817431211472e-03 0.000000000000000000e+00 6.240277551114559174e-03 0.000000000000000000e+00
1.448008515581022948e-05 8.049742609728127718e-05 1.530476947664283216e-05 3.785440640058368444e-05 0.000000000000000000e+00 4.357878788141533732e-05 2.948147812276147306e-05 8.769836199462588411e-07 0.000000000000000000e+00 6.870478682685643435e-05 1.408869138685986400e-04
0.000000000000000000e+00 0.000000000000000000e+00 0.000000000000000000e+00 0.000000000000000000e+00 0.000000000000000000e+00 0.000000000000000000e+00 0.000000000000000000e+00 0.000000000000000000e+00 0.000000000000000000e+00 0.000000000000000000e+00 1.229278132086619735e-04
3.543708939105272293e-03 1.696171122603118420e-03 0.000000000000000000e+00 3.812950453720986843e-04 0.000000000000000000e+00 0.000000000000000000e+00 5.665146280080080032e-03 7.757332641631364822e-03 2.577714913059026003e-04 1.047233026474714279e-02 4.512641578912734985e-03
0.000000000000000000e+00 1.178284059278666973e-03 0.000000000000000000e+00 0.000000000000000000e+00 9.476926643401384354e-04 0.000000000000000000e+00 0.000000000000000000e+00 0.000000000000000000e+00 8.755849674344062805e-03 0.000000000000000000e+00 0.000000000000000000e+00
0.000000000000000000e+00 6.000807974487543106e-03 0.000000000000000000e+00 0.000000000000000000e+00 0.000000000000000000e+00 0.000000000000000000e+00 7.928772829473018646e-03 0.000000000000000000e+00 3.048307553399354219e-04 4.609864205121994019e-03 5.189507268369197845e-03
3.967988770455121994e-03 2.328014699742197990e-03 1.292001549154520035e-02 0.000000000000000000e+00 4.278760403394699097e-02 0.000000000000000000e+00 8.074560901150107384e-04 0.000000000000000000e+00 1.088957069441676140e-03 0.000000000000000000e+00 4.469639156013727188e-03
0.000000000000000000e+00 0.000000000000000000e+00 3.649938946637121262e-07 4.248721552357892506e-08 7.671170578760211356e-07 0.000000000000000000e+00 8.054310995930791250e-08 2.580623004178050905e-07 0.000000000000000000e+00 1.415148318528736127e-07 0.000000000000000000e+00
