0.000000000000000000e+00 0.000000000000000000e+00 0.000000000000000000e+00 0.000000000000000000e+00 0.000000000000000000e+00 0.000000000000000000e+00 6.859794724732637405e-03 0.000000000000000000e+00 0.000000000000000000e+00 0.000000000000000000e+00 0.000000000000000000e+00
9.470999240875244141e-03 0.000000000000000000e+00 1.322474423795938492e-02 3.548188600689172745e-03 3.987688105553388596e-03 0.000000000000000000e+00 4.016942810267210007e-03 7.747417781502008438e-03 7.381994510069489479e-04 0.000000000000000000e+00 0.000000000000000000e+00
0.000000000000000000e+00 1.088218111544847488e-02 0.000000000000000000e+00 6.493988912552595139e-03 1.183828571811318398e-03 0.000000000000000000e+00 8.522258140146732330e-03 0.000000000000000000e+00 1.838968833908438683e-03 4.393745213747024536e-03 2.538325497880578041e-03
1.175302430056035519e-03 0.000000000000000000e+00 2.884390531107783318e-03 0.000000000000000000e+00 6.868272554129362106e-03 0.000000000000000000e+00 0.000000000000000000e+00 1.274544373154640198e-02 3.228361892979592085e-04 2.796897897496819496e-03 0.000000000000000000e+00
0.000000000000000000e+00 2.862962355720810592e-05 1.193981079268269241e-04 9.738124208524823189e-05 0.000000000000000000e+00 8.994742529466748238e-05 1.231356145581230521e-04 1.367590448353439569e-04 9.547596710035577416e-05 3.238474891986697912e-04 6.276251515373587608e-04
0.000000000000000000e+00 0.000000000000000000e+00 0.000000000000000000e+00 0.000000000000000000e+00 0.000000000000000000e+00 0.000000000000000000e+00 0.000000000000000000e+00 0.000000000000000000e+00 0.000000000000000000e+00 0.000000000000000000e+00 0.000000000000000000e+00
1.466935966163873672e-02 1.178183956653811038e-04 0.000000000000000000e+00 2.862774068489670753e-03 0.000000000000000000e+00 2.136571332812309265e-03 0.000000000000000000e+00 6.280260626226663589e-03 2.527964068576693535e-03 0.000000000000000000e+00 8.507190272212028503e-03
0.000000000000000000e+00 8.235358633100986481e-03 0.000000000000000000e+00 0.000000000000000000e+00 3.618983319029211998e-03 0.000000000000000000e+00 3.963170107454061508e-03 4.714018199592828751e-03 8.797382935881614685e-03 0.000000000000000000e+00 0.000000000000000000e+00
6.793282227590680122e-04 0.000000000000000000e+00 1.084288232959806919e-03 3.885070327669382095e-04 0.000000000000000000e+00 0.000000000000000000e+00 9.625219739973545074e-03 1.351088401861488819e-03 3.825862659141421318e-03 0.000000000000000000e+00 0.000000000000000000e+00
3.339071059599518776e-03 0.000000000000000000e+00 1.534887310117483139e-02 0.000000000000000000e+00 3.621071577072143555e-02 5.335391499102115631e-03 0.000000000000000000e+00 0.000000000000000000e+00 8.125717286020517349e-04 0.000000000000000000e+00 1.700059138238430023e-02
0.000000000000000000e+00 0.000000000000000000e+00 7.378801910817855969e-06 1.501159431427367963e-06 1.276280181627953425e-05 0.000000000000000000e+00 3.112377271463628858e-06 4.888942839897936210e-06 0.000000000000000000e+00 5.145980594534194097e-06 0.000000000000000000e+00
