0.000000000000000000e+00 2.904057037085294724e-04 4.017378669232130051e-03 0.000000000000000000e+00 0.000000000000000000e+00 0.000000000000000000e+00 1.751433126628398895e-03 3.089540870860219002e-03 5.146621842868626118e-04 0.000000000000000000e+00 0.000000000000000000e+00
5.527010187506675720e-03 0.000000000000000000e+00 1.532228663563728333e-03 2.577798732090741396e-04 0.000000000000000000e+00 0.000000000000000000e+00 1.021478747134096920e-04 0.000000000000000000e+00 0.000000000000000000e+00 0.000000000000000000e+00 0.000000000000000000e+00
1.197935547679662704e-03 1.510987407527863979e-03 1.837439369410276413e-03 0.000000000000000000e+00 0.000000000000000000e+00 0.000000000000000000e+00 2.761483890935778618e-03 0.000000000000000000e+00 0.000000000000000000e+00 3.523709252476692200e-03 0.000000000000000000e+00
5.037367809563875198e-03 0.000000000000000000e+00 0.000000000000000000e+00 0.000000000000000000e+00 2.388366963714361191e-03 1.622600597329437733e-03 4.060551524162292480e-03 8.193024434149265289e-03 1.950056990608572960e-03 0.000000000000000000e+00 0.000000000000000000e+00
5.891324326512403786e-05 1.296235859626904130e-04 7.298199489014223218e-05 1.506229018559679389e-04 0.000000000000000000e+00 1.042761286953464150e-04 8.516450907336547971e-05 4.827594239031895995e-05 1.077720953617244959e-04 1.183919885079376400e-04 2.314139419468119740e-04
0.000000000000000000e+00 0.000000000000000000e+00 2.589029958471655846e-03 1.096424879506230354e-03 0.000000000000000000e+00 1.754971221089363098e-02 5.189176881685853004e-04 0.000000000000000000e+00 0.000000000000000000e+00 3.229492809623479843e-03 2.454291097819805145e-02
1.155727804871276021e-04 0.000000000000000000e+00 0.000000000000000000e+00 1.705833594314754009e-03 0.000000000000000000e+00 6.072023883461952209e-03 3.700752975419163704e-03 4.572418984025716782e-03 3.133862512186169624e-03 4.232350736856460571e-03 4.528050776571035385e-03
0.000000000000000000e+00 2.313181525096297264e-03 0.000000000000000000e+00 0.000000000000000000e+00 2.197881229221820831e-03 0.000000000000000000e+00 5.505223525688052177e-04 0.000000000000000000e+00 2.174488327000290155e-04 0.000000000000000000e+00 2.795377047732472420e-03
6.505875498987734318e-04 2.467603189870715141e-04 7.417894667014479637e-04 8.680411847308278084e-04 0.000000000000000000e+00 0.000000000000000000e+00 3.192065516486763954e-03 6.634087185375392437e-04 0.000000000000000000e+00 7.745244656689465046e-04 4.236312583088874817e-03
2.632416551932692528e-03 2.415450755506753922e-03 2.379919867962598801e-03 0.000000000000000000e+00 1.795054040849208832e-02 0.000000000000000000e+00 0.000000000000000000e+00 0.000000000000000000e+00 1.791246584616601467e-03 0.000000000000000000e+00 7.244283333420753479e-03
0.000000000000000000e+00 0.000000000000000000e+00 4.727922089386993321e-07 0.000000000000000000e+00 1.961815087270224467e-06 0.000000000000000000e+00 0.000000000000000000e+00 2.313086042704526335e-07 0.000000000000000000e+00 5.022333198212436400e-07 0.000000000000000000e+00
