0.000000000000000000e+00 2.140755371093750000e+03 4.918272399902343750e+02 0.000000000000000000e+00 0.000000000000000000e+00 0.000000000000000000e+00 2.396936035156250000e+03 7.026580078125000000e+03 2.036222076416015625e+02 3.059690673828125000e+03 0.000000000000000000e+00
1.509493827819824219e+01 0.000000000000000000e+00 2.999691894531250000e+03 2.272513275146484375e+02 2.775381088256835938e+00 4.604381683748215437e-05 3.291154479980468750e+01 1.119310408830642700e-02 6.246734375000000000e+03 1.868812255859375000e+03 2.604162292480468750e+02
2.740095901489257812e+01 2.082680175781250000e+03 5.044333190917968750e+02 5.497592285156250000e+03 3.380144335096701980e-06 3.602083984375000000e+03 1.189807324218750000e+04 3.192308807373046875e+01 5.770048499107360840e-01 3.837951660156250000e+03 1.072855070233345032e-01
1.689452636718750000e+03 0.000000000000000000e+00 0.000000000000000000e+00 1.967496032714843750e+02 5.752476501464843750e+01 2.221547363281250000e+03 2.371643310546875000e+03 9.894609375000000000e+02 1.162996227321855258e-06 4.838909022510051727e-03 9.971327017410658300e-06
5.128207683563232422e+00 1.114013862609863281e+01 6.158578395843505859e+00 1.177419471740722656e+01 0.000000000000000000e+00 1.662781089544296265e-02 6.875245571136474609e-01 1.691781799308955669e-04 1.685463357716798782e-04 1.430720901489257812e+01 3.125738525390625000e+01
0.000000000000000000e+00 0.000000000000000000e+00 0.000000000000000000e+00 0.000000000000000000e+00 0.000000000000000000e+00 2.964989980682730675e-04 0.000000000000000000e+00 0.000000000000000000e+00 0.000000000000000000e+00 0.000000000000000000e+00 1.766883173104361049e-08
2.757949232545797713e-06 2.413564910888671875e+02 2.888656407594680786e-02 1.611482429504394531e+01 0.000000000000000000e+00 8.327955380082130432e-03 2.852260131835937500e+02 1.590497791767120361e-02 2.292530761718750000e+03 7.297239990234375000e+02 1.424868286132812500e+03
1.766853756635100581e-07 4.538848632812500000e+03 5.150634765625000000e+03 1.157604515356069896e-06 3.594374847412109375e+01 1.497569335937500000e+03 4.426988959312438965e-01 1.528252929687500000e+03 1.638601562500000000e+04 2.512323242187500000e+03 3.762436211109161377e-01
0.000000000000000000e+00 4.435399902343750000e+03 1.947032592773437500e+03 1.361266851425170898e+00 1.010085105895996094e+01 4.061401611328125000e+03 3.507096252441406250e+02 3.294499874114990234e+00 3.428493896484375000e+03 1.343692779541015625e+02 3.953149902343750000e+03
0.000000000000000000e+00 0.000000000000000000e+00 0.000000000000000000e+00 0.000000000000000000e+00 2.676046371459960938e+01 0.000000000000000000e+00 0.000000000000000000e+00 0.000000000000000000e+00 0.000000000000000000e+00 0.000000000000000000e+00 0.000000000000000000e+00
0.000000000000000000e+00 3.495621854199271183e-07 6.766295433044433594e-02 7.076910696923732758e-04 2.721951007843017578e-01 0.000000000000000000e+00 7.418076507747173309e-03 6.336916983127593994e-02 2.418233925709500909e-04 1.187500543892383575e-02 1.947025302797555923e-04
