0.000000000000000000e+00 0.000000000000000000e+00 5.600977689027786255e-03 0.000000000000000000e+00 0.000000000000000000e+00 0.000000000000000000e+00 2.214356325566768646e-03 6.056768819689750671e-03 5.863841157406568527e-03 1.261879340745508671e-03 0.000000000000000000e+00
1.021547894924879074e-02 0.000000000000000000e+00 7.894344627857208252e-03 3.792309435084462166e-03 0.000000000000000000e+00 0.000000000000000000e+00 4.178482107818126678e-03 0.000000000000000000e+00 1.239046105183660984e-03 0.000000000000000000e+00 0.000000000000000000e+00
1.394009450450539589e-03 2.351502887904644012e-03 0.000000000000000000e+00 4.264947958290576935e-03 0.000000000000000000e+00 2.419548342004418373e-03 0.000000000000000000e+00 0.000000000000000000e+00 1.711182994768023491e-03 3.066089469939470291e-03 3.963115625083446503e-03
6.715940777212381363e-03 0.000000000000000000e+00 0.000000000000000000e+00 6.576445419341325760e-03 3.757209284231066704e-03 3.511983435600996017e-03 1.836239971453323960e-04 5.572324618697166443e-03 5.531036877073347569e-04 0.000000000000000000e+00 0.000000000000000000e+00
1.043972588377073407e-04 2.054831929854117334e-05 7.893176370998844504e-05 5.182022141525521874e-05 0.000000000000000000e+00 4.668678957386873662e-05 1.025678357109427452e-04 6.394605588866397738e-05 0.000000000000000000e+00 1.299585128435865045e-04 3.699291846714913845e-04
0.000000000000000000e+00 0.000000000000000000e+00 0.000000000000000000e+00 0.000000000000000000e+00 0.000000000000000000e+00 0.000000000000000000e+00 0.000000000000000000e+00 0.000000000000000000e+00 0.000000000000000000e+00 0.000000000000000000e+00 0.000000000000000000e+00
0.000000000000000000e+00 6.665880791842937469e-04 0.000000000000000000e+00 0.000000000000000000e+00 0.000000000000000000e+00 0.000000000000000000e+00 5.128940567374229431e-03 3.906179685145616531e-03 3.307558130472898483e-03 3.952328115701675415e-03 7.530365604907274246e-03
0.000000000000000000e+00 0.000000000000000000e+00 0.000000000000000000e+00 6.394999800249934196e-04 1.916197245009243488e-03 0.000000000000000000e+00 7.727653719484806061e-04 0.000000000000000000e+00 2.870411379262804985e-03 0.000000000000000000e+00 0.000000000000000000e+00
0.000000000000000000e+00 2.650468144565820694e-03 3.730491735041141510e-03 0.000000000000000000e+00 3.673655446618795395e-03 0.000000000000000000e+00 7.131068035960197449e-03 2.365298336371779442e-03 0.000000000000000000e+00 8.215440902858972549e-04 0.000000000000000000e+00
4.458937328308820724e-03 6.415653973817825317e-03 1.025487948209047318e-02 0.000000000000000000e+00 2.108380012214183807e-02 0.000000000000000000e+00 3.995392471551895142e-04 0.000000000000000000e+00 5.530114285647869110e-03 0.000000000000000000e+00 9.360656142234802246e-03
0.000000000000000000e+00 0.000000000000000000e+00 4.771827661897987127e-06 0.000000000000000000e+00 7.331981578317936510e-06 0.000000000000000000e+00 0.000000000000000000e+00 5.274455929793475661e-07 6.289507723522547167e-07 1.393052457387966570e-06 0.000000000000000000e+00
