0.000000000000000000e+00 0.000000000000000000e+00 0.000000000000000000e+00 0.000000000000000000e+00 0.000000000000000000e+00 0.000000000000000000e+00 4.044554196298122406e-03 0.000000000000000000e+00 0.000000000000000000e+00 0.000000000000000000e+00 0.000000000000000000e+00
6.211887579411268234e-03 0.000000000000000000e+00 3.315357258543372154e-03 3.634350374341011047e-03 1.091197691857814789e-02 0.000000000000000000e+00 5.929438862949609756e-03 2.949809189885854721e-03 3.846243955194950104e-03 0.000000000000000000e+00 8.614850812591612339e-04
0.000000000000000000e+00 4.539728164672851562e-03 2.592470031231641769e-03 1.237164815393043682e-05 0.000000000000000000e+00 1.088967453688383102e-02 8.055589161813259125e-03 0.000000000000000000e+00 9.301424026489257812e-03 1.652758754789829254e-02 6.518829148262739182e-03
8.232041262090206146e-03 0.000000000000000000e+00 0.000000000000000000e+00 0.000000000000000000e+00 9.450204670429229736e-03 0.000000000000000000e+00 0.000000000000000000e+00 0.000000000000000000e+00 3.196468576788902283e-03 2.394716022536158562e-03 0.000000000000000000e+00
0.000000000000000000e+00 0.000000000000000000e+00 4.349369191913865507e-05 6.983852654229849577e-05 0.000000000000000000e+00 6.451048102462664247e-05 8.303966751554980874e-05 0.000000000000000000e+00 1.131161570810945705e-05 7.713577360846102238e-05 3.515694697853177786e-04
0.000000000000000000e+00 0.000000000000000000e+00 0.000000000000000000e+00 0.000000000000000000e+00 0.000000000000000000e+00 1.662011258304119110e-03 0.000000000000000000e+00 0.000000000000000000e+00 0.000000000000000000e+00 0.000000000000000000e+00 0.000000000000000000e+00
5.161398090422153473e-03 2.048383466899394989e-03 1.767349313013255596e-03 9.238811908289790154e-04 0.000000000000000000e+00 4.207291174679994583e-03 7.493306882679462433e-03 1.331241801381111145e-02 0.000000000000000000e+00 1.575726317241787910e-03 1.373002212494611740e-02
0.000000000000000000e+00 0.000000000000000000e+00 0.000000000000000000e+00 0.000000000000000000e+00 1.029690820723772049e-02 0.000000000000000000e+00 0.000000000000000000e+00 3.212838899344205856e-03 8.245694451034069061e-03 0.000000000000000000e+00 4.751405795104801655e-04
0.000000000000000000e+00 3.188367001712322235e-03 0.000000000000000000e+00 0.000000000000000000e+00 0.000000000000000000e+00 0.000000000000000000e+00 0.000000000000000000e+00 2.441595774143934250e-03 3.105913056060671806e-03 0.000000000000000000e+00 0.000000000000000000e+00
4.063722211867570877e-03 5.380895920097827911e-03 1.049989089369773865e-02 0.000000000000000000e+00 4.703100398182868958e-02 3.609684761613607407e-03 0.000000000000000000e+00 0.000000000000000000e+00 4.866349510848522186e-03 0.000000000000000000e+00 1.850309967994689941e-02
0.000000000000000000e+00 2.624447290600073757e-07 2.718822543101850897e-06 1.609983314665441867e-06 5.055591827840544283e-06 0.000000000000000000e+00 2.036625573964556679e-06 1.602206566531094722e-06 9.032760317495558411e-07 3.121614099654834718e-06 0.000000000000000000e+00
