0.000000000000000000e+00 0.000000000000000000e+00 2.661304082721471786e-03 0.000000000000000000e+00 0.000000000000000000e+00 0.000000000000000000e+00 1.301756594330072403e-03 0.000000000000000000e+00 7.229867391288280487e-03 1.792819239199161530e-03 0.000000000000000000e+00
1.176055334508419037e-02 0.000000000000000000e+00 0.000000000000000000e+00 0.000000000000000000e+00 0.000000000000000000e+00 0.000000000000000000e+00 3.394455648958683014e-03 3.340167691931128502e-03 0.000000000000000000e+00 6.662108004093170166e-03 0.000000000000000000e+00
0.000000000000000000e+00 1.312003470957279205e-02 0.000000000000000000e+00 0.000000000000000000e+00 1.587679260410368443e-03 2.347733359783887863e-03 8.110646158456802368e-03 0.000000000000000000e+00 3.968242555856704712e-03 0.000000000000000000e+00 0.000000000000000000e+00
3.351687919348478317e-03 0.000000000000000000e+00 0.000000000000000000e+00 8.526316378265619278e-04 3.668812802061438560e-03 9.588286047801375389e-04 0.000000000000000000e+00 1.180302631109952927e-02 0.000000000000000000e+00 0.000000000000000000e+00 0.000000000000000000e+00
3.355154694872908294e-05 1.976691128220409155e-04 2.134636742994189262e-04 3.128475218545645475e-04 0.000000000000000000e+00 1.969286968233063817e-04 1.069251011358574033e-04 8.212006832764018327e-06 5.941418203292414546e-05 2.353276213398203254e-04 5.405544070526957512e-04
0.000000000000000000e+00 0.000000000000000000e+00 0.000000000000000000e+00 0.000000000000000000e+00 0.000000000000000000e+00 0.000000000000000000e+00 0.000000000000000000e+00 0.000000000000000000e+00 0.000000000000000000e+00 0.000000000000000000e+00 0.000000000000000000e+00
5.931954830884933472e-03 6.704904604703187943e-03 0.000000000000000000e+00 9.490015800110995770e-04 0.000000000000000000e+00 3.548158798366785049e-03 1.102798734791576862e-03 0.000000000000000000e+00 0.000000000000000000e+00 9.500033222138881683e-03 6.150375586003065109e-03
0.000000000000000000e+00 3.445763839408755302e-03 0.000000000000000000e+00 0.000000000000000000e+00 2.540471265092492104e-03 3.303549252450466156e-03 0.000000000000000000e+00 1.814209535950794816e-04 1.552162109874188900e-03 0.000000000000000000e+00 0.000000000000000000e+00
0.000000000000000000e+00 0.000000000000000000e+00 0.000000000000000000e+00 0.000000000000000000e+00 0.000000000000000000e+00 1.405415241606533527e-03 1.053574495017528534e-03 0.000000000000000000e+00 0.000000000000000000e+00 9.520953521132469177e-03 6.905214395374059677e-03
1.497004996053874493e-03 1.633172389119863510e-03 8.718475583009421825e-04 0.000000000000000000e+00 3.846371173858642578e-02 0.000000000000000000e+00 0.000000000000000000e+00 0.000000000000000000e+00 4.567013122141361237e-03 0.000000000000000000e+00 1.153768785297870636e-02
0.000000000000000000e+00 0.000000000000000000e+00 8.479738426103722304e-06 1.686508426246291492e-06 8.915038961276877671e-06 0.000000000000000000e+00 3.689860704980674200e-06 3.575872142391745001e-06 0.000000000000000000e+00 3.225011369067942724e-06 0.000000000000000000e+00
