0.000000000000000000e+00 1.762749075889587402e+00 4.727015018463134766e+00 0.000000000000000000e+00 0.000000000000000000e+00 0.000000000000000000e+00 1.672647148370742798e-01 1.312293291091918945e+00 3.513590097427368164e-01 6.296499050222337246e-04 0.000000000000000000e+00
1.804729342460632324e+00 6.137590389698743820e-06 6.570979595184326172e+00 2.648198843002319336e+00 3.242549020797014236e-03 1.504938125610351562e+00 6.058943271636962891e+00 5.285867691040039062e+00 2.298118360340595245e-02 1.459718123078346252e-02 7.644237484782934189e-04
2.665812789928168058e-04 1.357317209243774414e+00 2.040843665599822998e-01 5.126775358803570271e-04 0.000000000000000000e+00 1.284619092941284180e+00 1.522171944379806519e-01 5.675908178091049194e-02 3.267824277281761169e-02 6.767040491104125977e-01 1.516816206276416779e-03
1.064456582069396973e+00 1.731544180074706674e-04 2.926136832684278488e-03 5.451461300253868103e-02 3.891594335436820984e-02 9.629689157009124756e-02 7.730412483215332031e-01 4.586659073829650879e-01 3.671337664127349854e-01 4.046895503997802734e-01 1.175845100078731775e-04
1.030825733323581517e-04 5.724553484469652176e-03 2.909507893491536379e-04 9.822377935051918030e-03 0.000000000000000000e+00 9.977933019399642944e-03 9.763441979885101318e-03 3.320580348372459412e-03 3.730910131707787514e-03 1.111705042421817780e-02 2.244919911026954651e-02
0.000000000000000000e+00 0.000000000000000000e+00 0.000000000000000000e+00 0.000000000000000000e+00 0.000000000000000000e+00 8.749733096919953823e-04 0.000000000000000000e+00 0.000000000000000000e+00 0.000000000000000000e+00 0.000000000000000000e+00 9.038325998744767276e-08
6.689724922180175781e-01 2.324983850121498108e-02 0.000000000000000000e+00 3.487076759338378906e-01 1.429438292980194092e-01 6.003947854042053223e-01 1.059430018067359924e-01 1.177990157157182693e-02 6.721646189689636230e-01 4.683665633201599121e-01 1.586388349533081055e-01
8.436409756541252136e-03 6.263449788093566895e-02 1.164998292922973633e+00 2.626690256875008345e-04 9.323956966400146484e-01 4.959104657173156738e-01 1.045912265777587891e+00 4.021757245063781738e-01 1.309031248092651367e-01 2.613981487229466438e-03 4.885565955191850662e-03
3.865488106384873390e-04 6.351280212402343750e-01 2.599353313446044922e+00 6.859256420284509659e-03 5.229716189205646515e-03 1.107134342193603516e+00 5.852485895156860352e-01 1.120076179504394531e+00 1.054819207638502121e-03 2.342711947858333588e-02 4.635523855686187744e-01
0.000000000000000000e+00 0.000000000000000000e+00 9.023299207910895348e-04 0.000000000000000000e+00 3.369965255260467529e-01 0.000000000000000000e+00 0.000000000000000000e+00 0.000000000000000000e+00 0.000000000000000000e+00 0.000000000000000000e+00 4.551206156611442566e-02
0.000000000000000000e+00 3.789198308368213475e-05 2.150036452803760767e-04 1.287326904275687411e-05 4.986888379789888859e-04 0.000000000000000000e+00 1.499792269896715879e-04 1.277900300920009613e-04 0.000000000000000000e+00 1.723388122627511621e-04 2.988404617099149618e-07
