0.000000000000000000e+00 1.258160156250000000e+04 1.136185644531250000e+04 0.000000000000000000e+00 0.000000000000000000e+00 0.000000000000000000e+00 1.095695312500000000e+04 7.903710937500000000e+03 1.615465136718750000e+04 1.123390197753906250e+02 0.000000000000000000e+00
6.168731689453125000e+01 2.766362570127967047e-07 2.337713476562500000e+04 3.338864453125000000e+04 2.599780261516571045e-01 1.975338671875000000e+04 1.734664648437500000e+04 3.704996585845947266e+00 8.060070800781250000e+01 4.202584472656250000e+03 5.286434765625000000e+04
1.462897751480340958e-02 3.622817230224609375e+01 6.693634033203125000e+00 8.034005295485258102e-04 9.046267089843750000e+02 1.167859179687500000e+04 2.445980468750000000e+04 4.254672622680664062e+01 4.867306640625000000e+03 1.913546142578125000e+02 1.049576855468750000e+04
1.823665039062500000e+03 5.720090848626568913e-05 4.610047675669193268e-03 1.604613647460937500e+02 2.201714477539062500e+02 1.823387527465820312e+01 2.240258789062500000e+03 1.349778320312500000e+04 3.149313964843750000e+03 3.377933349609375000e+03 1.164811096191406250e+02
1.302193164825439453e+00 6.923913955688476562e+00 4.415902137756347656e+00 1.702310800552368164e+00 4.495657776715233922e-06 8.918091058731079102e-01 3.194696903228759766e+00 6.254833221435546875e+00 4.915313243865966797e+00 1.174721908569335938e+01 2.947278976440429688e+01
0.000000000000000000e+00 0.000000000000000000e+00 0.000000000000000000e+00 0.000000000000000000e+00 0.000000000000000000e+00 0.000000000000000000e+00 0.000000000000000000e+00 0.000000000000000000e+00 0.000000000000000000e+00 0.000000000000000000e+00 0.000000000000000000e+00
4.124099218750000000e+04 3.398267187500000000e+04 5.921937500000000000e+03 3.760320312500000000e+04 8.218681640625000000e+03 2.848979296875000000e+04 4.448657989501953125e+01 5.783874541521072388e-02 5.333764453125000000e+04 4.802491406250000000e+04 2.813475036621093750e+02
0.000000000000000000e+00 5.034411549568176270e-01 4.531638671875000000e+03 3.946635818481445312e+01 1.250464160156250000e+04 4.662524414062500000e+01 1.009862823486328125e+02 1.463378613281250000e+04 1.525551367187500000e+04 1.321854686737060547e+01 1.006653320312500000e+04
0.000000000000000000e+00 6.713462829589843750e+01 1.557651562500000000e+04 1.345829162597656250e+02 5.111868164062500000e+03 3.865028320312500000e+03 3.105438720703125000e+03 3.869303894042968750e+01 4.664917755126953125e+01 6.489100633189082146e-04 8.729986328125000000e+03
0.000000000000000000e+00 0.000000000000000000e+00 0.000000000000000000e+00 0.000000000000000000e+00 2.245266151428222656e+01 0.000000000000000000e+00 0.000000000000000000e+00 0.000000000000000000e+00 0.000000000000000000e+00 0.000000000000000000e+00 0.000000000000000000e+00
0.000000000000000000e+00 1.998245897993911058e-05 1.353540718555450439e-01 8.226283654266808298e-08 2.193933725357055664e-01 0.000000000000000000e+00 2.733502350747585297e-02 5.436701327562332153e-02 8.002874528756365180e-05 7.795968651771545410e-02 8.482168195769190788e-04
