0.000000000000000000e+00 0.000000000000000000e+00 2.899087266996502876e-03 0.000000000000000000e+00 0.000000000000000000e+00 0.000000000000000000e+00 6.948447320610284805e-03 0.000000000000000000e+00 0.000000000000000000e+00 0.000000000000000000e+00 0.000000000000000000e+00
7.799481507390737534e-03 0.000000000000000000e+00 2.077163197100162506e-03 3.479808568954467773e-03 0.000000000000000000e+00 0.000000000000000000e+00 2.704008715227246284e-03 0.000000000000000000e+00 7.358176517300307751e-04 0.000000000000000000e+00 0.000000000000000000e+00
0.000000000000000000e+00 7.364021148532629013e-03 1.265440805582329631e-04 4.155888222157955170e-03 0.000000000000000000e+00 1.475966768339276314e-03 0.000000000000000000e+00 0.000000000000000000e+00 4.075699485838413239e-03 4.111683461815118790e-03 5.144650582224130630e-03
1.202916726469993591e-02 0.000000000000000000e+00 0.000000000000000000e+00 0.000000000000000000e+00 3.276416799053549767e-03 2.948564710095524788e-03 1.347923534922301769e-04 1.062989234924316406e-02 3.021452343091368675e-03 0.000000000000000000e+00 0.000000000000000000e+00
0.000000000000000000e+00 0.000000000000000000e+00 2.958900295197963715e-04 3.846383769996464252e-04 0.000000000000000000e+00 0.000000000000000000e+00 2.357473713345825672e-04 8.433648326899856329e-05 4.273260856280103326e-05 3.889874788001179695e-04 1.383353839628398418e-03
0.000000000000000000e+00 0.000000000000000000e+00 0.000000000000000000e+00 0.000000000000000000e+00 0.000000000000000000e+00 0.000000000000000000e+00 0.000000000000000000e+00 0.000000000000000000e+00 0.000000000000000000e+00 0.000000000000000000e+00 0.000000000000000000e+00
1.103663351386785507e-03 6.212052423506975174e-03 0.000000000000000000e+00 2.450047293677926064e-03 0.000000000000000000e+00 0.000000000000000000e+00 0.000000000000000000e+00 6.127544678747653961e-03 2.466632518917322159e-03 0.000000000000000000e+00 1.079197321087121964e-02
0.000000000000000000e+00 4.038406535983085632e-03 0.000000000000000000e+00 0.000000000000000000e+00 0.000000000000000000e+00 0.000000000000000000e+00 1.186030684038996696e-03 3.696156432852149010e-03 3.494573058560490608e-03 0.000000000000000000e+00 0.000000000000000000e+00
0.000000000000000000e+00 2.268447307869791985e-03 6.672866176813840866e-03 0.000000000000000000e+00 0.000000000000000000e+00 5.290444009006023407e-03 6.986284628510475159e-03 0.000000000000000000e+00 1.534193754196166992e-03 0.000000000000000000e+00 6.993834394961595535e-03
9.515454061329364777e-03 2.647376153618097305e-03 1.205616630613803864e-02 0.000000000000000000e+00 4.067278280854225159e-02 0.000000000000000000e+00 0.000000000000000000e+00 0.000000000000000000e+00 1.265769009478390217e-03 0.000000000000000000e+00 1.337826345115900040e-02
0.000000000000000000e+00 0.000000000000000000e+00 9.596030395186971873e-06 0.000000000000000000e+00 2.249172575830016285e-05 0.000000000000000000e+00 3.051179419344407506e-06 2.719234998949104920e-06 0.000000000000000000e+00 4.437922143551986665e-06 0.000000000000000000e+00
