0.000000000000000000e+00 0.000000000000000000e+00 0.000000000000000000e+00 0.000000000000000000e+00 0.000000000000000000e+00 0.000000000000000000e+00 5.560437683016061783e-03 2.023354638367891312e-03 9.080705232918262482e-03 0.000000000000000000e+00 0.000000000000000000e+00
8.455360308289527893e-03 0.000000000000000000e+00 8.426032029092311859e-03 0.000000000000000000e+00 7.567096035927534103e-04 2.370754256844520569e-03 6.920460145920515060e-04 0.000000000000000000e+00 0.000000000000000000e+00 0.000000000000000000e+00 0.000000000000000000e+00
0.000000000000000000e+00 6.405385676771402359e-03 0.000000000000000000e+00 9.474902180954813957e-04 2.638333244249224663e-03 6.512334570288658142e-03 3.850164357572793961e-03 0.000000000000000000e+00 2.660317346453666687e-03 1.564520411193370819e-03 5.533741787075996399e-03
1.147340703755617142e-02 0.000000000000000000e+00 0.000000000000000000e+00 2.975767478346824646e-03 4.654644057154655457e-03 6.757375085726380348e-04 0.000000000000000000e+00 1.171008497476577759e-02 0.000000000000000000e+00 0.000000000000000000e+00 0.000000000000000000e+00
1.227985922014340758e-04 1.938707573572173715e-04 1.525290572317317128e-04 2.205638738814741373e-04 0.000000000000000000e+00 6.659860082436352968e-05 1.336357527179643512e-04 1.197593228425830603e-04 1.040740535245276988e-04 4.219826223561540246e-05 6.457687122747302055e-04
0.000000000000000000e+00 0.000000000000000000e+00 0.000000000000000000e+00 0.000000000000000000e+00 0.000000000000000000e+00 1.413729041814804077e-04 0.000000000000000000e+00 0.000000000000000000e+00 0.000000000000000000e+00 0.000000000000000000e+00 0.000000000000000000e+00
5.047484301030635834e-04 6.005158647894859314e-03 0.000000000000000000e+00 8.332938887178897858e-03 0.000000000000000000e+00 6.455775350332260132e-03 2.143770921975374222e-03 0.000000000000000000e+00 2.865349408239126205e-03 1.304233353585004807e-02 2.538552507758140564e-03
0.000000000000000000e+00 4.555239866022020578e-04 0.000000000000000000e+00 0.000000000000000000e+00 2.291122917085886002e-03 0.000000000000000000e+00 0.000000000000000000e+00 0.000000000000000000e+00 1.204116735607385635e-03 0.000000000000000000e+00 0.000000000000000000e+00
0.000000000000000000e+00 3.606397425755858421e-03 2.783019561320543289e-03 0.000000000000000000e+00 1.103782444261014462e-03 0.000000000000000000e+00 1.366887474432587624e-03 0.000000000000000000e+00 3.717334708198904991e-03 2.774013206362724304e-03 2.585882553830742836e-03
4.168303683400154114e-03 4.278056789189577103e-03 1.553181465715169907e-02 0.000000000000000000e+00 3.918013349175453186e-02 0.000000000000000000e+00 1.069500460289418697e-03 0.000000000000000000e+00 6.029526237398386002e-03 0.000000000000000000e+00 7.258415222167968750e-03
0.000000000000000000e+00 0.000000000000000000e+00 4.963124411005992442e-06 8.928062129598401953e-07 8.219491974159609526e-06 0.000000000000000000e+00 3.165661837556399405e-06 2.325300556549336761e-06 1.641681933506333735e-06 3.135975020995829254e-06 0.000000000000000000e+00
