0.000000000000000000e+00 0.000000000000000000e+00 5.804467480629682541e-03 0.000000000000000000e+00 0.000000000000000000e+00 0.000000000000000000e+00 0.000000000000000000e+00 1.472669770009815693e-03 7.495974423363804817e-04 0.000000000000000000e+00 0.000000000000000000e+00
1.521902903914451599e-02 0.000000000000000000e+00 3.848300548270344734e-03 9.395295754075050354e-03 0.000000000000000000e+00 0.000000000000000000e+00 1.195347309112548828e-02 0.000000000000000000e+00 4.707401967607438564e-04 0.000000000000000000e+00 0.000000000000000000e+00
0.000000000000000000e+00 1.198215223848819733e-02 3.483179491013288498e-03 1.856326009146869183e-03 6.835505366325378418e-03 2.818180248141288757e-03 6.096378434449434280e-03 0.000000000000000000e+00 2.063226327300071716e-02 5.767997354269027710e-03 1.104446779936552048e-02
1.238811109215021133e-02 0.000000000000000000e+00 0.000000000000000000e+00 0.000000000000000000e+00 9.930265136063098907e-03 0.000000000000000000e+00 9.056625422090291977e-04 2.248385176062583923e-02 5.116765387356281281e-03 0.000000000000000000e+00 0.000000000000000000e+00
0.000000000000000000e+00 1.899616654554847628e-05 1.104573311749845743e-04 3.022054734174162149e-04 0.000000000000000000e+00 1.533723552711308002e-04 6.940572347957640886e-05 3.797576937358826399e-05 1.123334950534626842e-04 3.287620493210852146e-04 4.467885009944438934e-04
0.000000000000000000e+00 0.000000000000000000e+00 0.000000000000000000e+00 0.000000000000000000e+00 0.000000000000000000e+00 1.425149501301348209e-03 0.000000000000000000e+00 0.000000000000000000e+00 0.000000000000000000e+00 0.000000000000000000e+00 1.734723475976807094e-18
1.270820293575525284e-02 8.670291863381862640e-03 0.000000000000000000e+00 3.288611478637903929e-04 0.000000000000000000e+00 1.184819452464580536e-02 7.396476343274116516e-03 1.679722219705581665e-02 6.645800080150365829e-03 9.074739180505275726e-03 3.451934084296226501e-03
0.000000000000000000e+00 4.657042212784290314e-03 0.000000000000000000e+00 0.000000000000000000e+00 9.810402058064937592e-03 0.000000000000000000e+00 1.102410256862640381e-02 0.000000000000000000e+00 4.636351019144058228e-03 0.000000000000000000e+00 4.359236452728509903e-03
0.000000000000000000e+00 0.000000000000000000e+00 0.000000000000000000e+00 4.382155835628509521e-03 0.000000000000000000e+00 0.000000000000000000e+00 1.186800654977560043e-02 2.971977228298783302e-03 0.000000000000000000e+00 0.000000000000000000e+00 6.288090255111455917e-03
1.496586762368679047e-02 6.736956536769866943e-03 1.002196688205003738e-02 0.000000000000000000e+00 6.020223349332809448e-02 5.771644413471221924e-03 4.934302996844053268e-03 0.000000000000000000e+00 3.956918604671955109e-03 2.966743195429444313e-03 8.390460163354873657e-03
0.000000000000000000e+00 2.150232603526092134e-06 7.180039119702996686e-06 2.215898803115123883e-06 8.244077434937935323e-06 0.000000000000000000e+00 2.018755594690446742e-06 1.971769052033778280e-06 0.000000000000000000e+00 3.009522060892777517e-06 0.000000000000000000e+00
