0.000000000000000000e+00 0.000000000000000000e+00 0.000000000000000000e+00 0.000000000000000000e+00 0.000000000000000000e+00 0.000000000000000000e+00 0.000000000000000000e+00 7.146146148443222046e-03 0.000000000000000000e+00 0.000000000000000000e+00 0.000000000000000000e+00
5.301330238580703735e-04 0.000000000000000000e+00 0.000000000000000000e+00 4.346903879195451736e-04 1.241017132997512817e-03 0.000000000000000000e+00 1.007450977340340614e-03 4.011608834844082594e-04 0.000000000000000000e+00 7.948985876282677054e-05 0.000000000000000000e+00
0.000000000000000000e+00 2.184224082157015800e-03 1.692487858235836029e-03 0.000000000000000000e+00 5.381377995945513248e-04 6.451883353292942047e-03 1.800367259420454502e-03 0.000000000000000000e+00 0.000000000000000000e+00 4.211685620248317719e-03 0.000000000000000000e+00
6.091099698096513748e-03 0.000000000000000000e+00 0.000000000000000000e+00 0.000000000000000000e+00 0.000000000000000000e+00 0.000000000000000000e+00 0.000000000000000000e+00 3.650022263173013926e-04 2.979886252433061600e-03 0.000000000000000000e+00 0.000000000000000000e+00
0.000000000000000000e+00 7.687805191380903125e-05 9.254670294467359781e-05 5.081676135887391865e-06 0.000000000000000000e+00 1.032873769872821867e-04 7.828684465494006872e-05 0.000000000000000000e+00 4.269786586519330740e-05 1.375907449983060360e-04 2.844401751644909382e-04
0.000000000000000000e+00 0.000000000000000000e+00 0.000000000000000000e+00 0.000000000000000000e+00 0.000000000000000000e+00 1.806351356208324432e-02 0.000000000000000000e+00 2.616821089759469032e-03 0.000000000000000000e+00 3.928776830434799194e-03 2.260299399495124817e-02
1.699922955594956875e-03 1.384599599987268448e-03 1.926494878716766834e-03 4.338252183515578508e-04 0.000000000000000000e+00 2.587317023426294327e-03 7.602216210216283798e-04 8.407611167058348656e-04 9.759992244653403759e-04 6.350749172270298004e-03 5.713713471777737141e-04
0.000000000000000000e+00 2.201499650254845619e-03 0.000000000000000000e+00 2.055337536148726940e-04 2.114417264237999916e-03 0.000000000000000000e+00 0.000000000000000000e+00 0.000000000000000000e+00 2.913205418735742569e-03 0.000000000000000000e+00 0.000000000000000000e+00
0.000000000000000000e+00 2.523507224395871162e-03 0.000000000000000000e+00 1.872450375230982900e-04 0.000000000000000000e+00 3.101173089817166328e-03 3.000775817781686783e-03 0.000000000000000000e+00 0.000000000000000000e+00 3.840545832645148039e-04 9.637536131776869297e-04
7.642543874680995941e-03 4.618350649252533913e-04 1.305716432398185134e-04 0.000000000000000000e+00 1.762991957366466522e-02 0.000000000000000000e+00 0.000000000000000000e+00 0.000000000000000000e+00 3.571394830942153931e-03 0.000000000000000000e+00 7.377059664577245712e-03
0.000000000000000000e+00 0.000000000000000000e+00 1.640718551243480761e-06 5.334113666322082281e-07 2.848214080586330965e-06 0.000000000000000000e+00 1.022874471345858183e-06 1.492118599344394170e-06 0.000000000000000000e+00 1.547742385810124688e-06 1.311961295158425855e-08
