0.000000000000000000e+00 1.341450260952115059e-03 9.859601967036724091e-03 0.000000000000000000e+00 0.000000000000000000e+00 0.000000000000000000e+00 0.000000000000000000e+00 3.846038132905960083e-03 4.112937487661838531e-03 0.000000000000000000e+00 0.000000000000000000e+00
4.376582335680723190e-03 0.000000000000000000e+00 8.149663917720317841e-03 1.042817719280719757e-02 0.000000000000000000e+00 0.000000000000000000e+00 5.708931013941764832e-03 1.250028377398848534e-03 2.467712387442588806e-03 0.000000000000000000e+00 0.000000000000000000e+00
0.000000000000000000e+00 6.016789935529232025e-03 2.231158548966050148e-03 6.286045070737600327e-03 0.000000000000000000e+00 1.315929368138313293e-02 7.187998387962579727e-03 0.000000000000000000e+00 0.000000000000000000e+00 6.620551459491252899e-03 1.874053734354674816e-03
1.500673498958349228e-02 8.238794980570673943e-04 0.000000000000000000e+00 3.362969029694795609e-03 2.464752644300460815e-03 3.994946833699941635e-03 8.715541101992130280e-03 5.345661658793687820e-03 1.724373083561658859e-03 0.000000000000000000e+00 0.000000000000000000e+00
1.292629021918401122e-04 1.626519660931080580e-04 1.412510027876123786e-04 9.469092765357345343e-05 0.000000000000000000e+00 1.288148341700434685e-04 1.078579807654023170e-04 3.694162296596914530e-05 1.624603464733809233e-04 2.470772597007453442e-04 5.378404748626053333e-04
0.000000000000000000e+00 0.000000000000000000e+00 0.000000000000000000e+00 0.000000000000000000e+00 0.000000000000000000e+00 0.000000000000000000e+00 0.000000000000000000e+00 0.000000000000000000e+00 0.000000000000000000e+00 0.000000000000000000e+00 6.221982766874134541e-04
3.394051920622587204e-03 6.233012303709983826e-03 0.000000000000000000e+00 0.000000000000000000e+00 0.000000000000000000e+00 5.498778540641069412e-03 1.017186418175697327e-02 2.036272344412282109e-04 9.209602139890193939e-03 2.903346670791506767e-03 8.941338397562503815e-03
0.000000000000000000e+00 3.481104969978332520e-03 0.000000000000000000e+00 0.000000000000000000e+00 6.962241139262914658e-03 1.813626149669289589e-03 0.000000000000000000e+00 4.967707674950361252e-03 0.000000000000000000e+00 0.000000000000000000e+00 0.000000000000000000e+00
0.000000000000000000e+00 9.551959112286567688e-03 5.043357145041227341e-03 5.179943982511758804e-03 0.000000000000000000e+00 3.500143997371196747e-03 5.686911288648843765e-03 1.397809851914644241e-02 0.000000000000000000e+00 0.000000000000000000e+00 0.000000000000000000e+00
0.000000000000000000e+00 2.519086468964815140e-03 1.884508877992630005e-02 0.000000000000000000e+00 4.291985556483268738e-02 2.376256743445992470e-03 0.000000000000000000e+00 0.000000000000000000e+00 9.993068873882293701e-03 9.018621640279889107e-04 1.211431808769702911e-02
0.000000000000000000e+00 0.000000000000000000e+00 2.968165972561109811e-06 2.689123903110157698e-06 7.193384135462110862e-06 0.000000000000000000e+00 8.777411721894168295e-07 1.542858285574766342e-06 0.000000000000000000e+00 2.800693209792370908e-06 0.000000000000000000e+00
