0.000000000000000000e+00 1.111381530761718750e+00 2.156965732574462891e+00 0.000000000000000000e+00 0.000000000000000000e+00 0.000000000000000000e+00 2.817492723464965820e+00 3.295922651886940002e-02 1.026412963867187500e+00 3.618880212306976318e-01 0.000000000000000000e+00
8.290466070175170898e-01 0.000000000000000000e+00 1.320589303970336914e+00 9.310544282197952271e-02 6.080185174942016602e-01 5.031929351389408112e-03 1.203140430152416229e-02 2.358068972826004028e-01 1.966336369514465332e-01 5.351221654564142227e-03 9.570308327674865723e-01
2.057977486401796341e-03 4.035497903823852539e-01 7.140920934034511447e-05 2.631702125072479248e-01 9.852949529886245728e-03 1.038766801357269287e-01 2.481577694416046143e-01 0.000000000000000000e+00 0.000000000000000000e+00 9.686723351478576660e-03 0.000000000000000000e+00
2.887363433837890625e-01 4.871606081724166870e-02 1.265172362327575684e-01 2.796767977997660637e-03 7.008779328316450119e-03 2.779043614864349365e-01 1.727286912500858307e-02 2.840186059474945068e-01 2.113776057958602905e-01 2.306834422051906586e-02 8.829684928059577942e-03
1.217199140228331089e-03 3.162224777042865753e-03 2.350179478526115417e-03 2.618634141981601715e-03 0.000000000000000000e+00 2.380749443545937538e-03 2.792228944599628448e-03 2.472111955285072327e-03 2.024858724325895309e-03 3.782548476010560989e-03 6.709462031722068787e-03
0.000000000000000000e+00 0.000000000000000000e+00 0.000000000000000000e+00 0.000000000000000000e+00 0.000000000000000000e+00 0.000000000000000000e+00 0.000000000000000000e+00 0.000000000000000000e+00 0.000000000000000000e+00 0.000000000000000000e+00 0.000000000000000000e+00
3.863510116934776306e-02 2.399862408638000488e-01 5.694120656698942184e-03 2.209361409768462181e-03 0.000000000000000000e+00 3.514675050973892212e-02 8.302815258502960205e-02 8.556715212762355804e-03 3.083409368991851807e-01 1.982154697179794312e-01 2.758464589715003967e-02
0.000000000000000000e+00 8.243122100830078125e-01 8.812552690505981445e-01 3.174214959144592285e-01 6.648703217506408691e-01 6.604604721069335938e-01 0.000000000000000000e+00 4.648104906082153320e-01 3.879042714834213257e-02 0.000000000000000000e+00 2.295962572097778320e-01
1.003030240535736084e-01 2.011445760726928711e-01 1.899711787700653076e-01 1.580308675765991211e-01 0.000000000000000000e+00 1.257711648941040039e-01 1.868959367275238037e-01 1.949693858623504639e-01 1.456711888313293457e-01 1.202282533049583435e-01 2.259989380836486816e-01
7.867138832807540894e-03 0.000000000000000000e+00 0.000000000000000000e+00 0.000000000000000000e+00 5.188811421394348145e-01 0.000000000000000000e+00 5.673543550074100494e-03 1.238537719473242760e-03 3.524202620610594749e-03 2.666317857801914215e-03 1.246815249323844910e-01
0.000000000000000000e+00 4.833790399061399512e-07 2.023379602178465575e-05 9.547788067720830441e-06 4.098200224689207971e-05 0.000000000000000000e+00 4.815602551389019936e-06 1.898780647024977952e-05 0.000000000000000000e+00 1.299835457757581025e-05 0.000000000000000000e+00
