0.000000000000000000e+00 1.432615518569946289e+00 8.003638183593750000e+03 0.000000000000000000e+00 0.000000000000000000e+00 0.000000000000000000e+00 5.974406250000000000e+03 4.754041015625000000e+03 1.545496520996093750e+02 2.403014755249023438e+01 0.000000000000000000e+00
1.817328125000000000e+04 0.000000000000000000e+00 5.939014453125000000e+04 1.279113464355468750e+02 4.931954589843750000e+03 1.753129512071609497e-01 1.352645117187500000e+04 6.091024354100227356e-02 1.395610595703125000e+03 4.624102592468261719e+00 1.809418750000000000e+04
4.918843750000000000e+03 7.588425292968750000e+03 1.035241723060607910e+00 6.843373046875000000e+03 7.269954221555963159e-05 1.096286132812500000e+04 1.035281054687500000e+04 2.186316894531250000e+03 1.990012695312500000e+03 1.062274627685546875e+02 1.378923645019531250e+02
6.555639648437500000e+03 7.396889328956604004e-01 7.622373104095458984e+00 2.448864364624023438e+01 5.486702148437500000e+03 1.800393981933593750e+02 1.111187744140625000e+03 5.023677368164062500e+02 1.305831756591796875e+02 1.413859462738037109e+01 1.834570159912109375e+02
2.836613655090332031e+00 3.237308502197265625e+00 2.442135214805603027e-01 1.046814173460006714e-01 0.000000000000000000e+00 2.486906596459448338e-04 1.136231780052185059e+00 8.285588026046752930e-01 5.698271393775939941e-01 5.955714225769042969e+00 2.467018508911132812e+01
0.000000000000000000e+00 0.000000000000000000e+00 0.000000000000000000e+00 0.000000000000000000e+00 0.000000000000000000e+00 0.000000000000000000e+00 0.000000000000000000e+00 0.000000000000000000e+00 0.000000000000000000e+00 0.000000000000000000e+00 0.000000000000000000e+00
1.080573242187500000e+03 7.882161132812500000e+03 0.000000000000000000e+00 2.191969531250000000e+04 1.768172478477936238e-05 1.125739072449505329e-03 3.789244890213012695e-01 1.507094129920005798e-02 2.489457550048828125e+02 5.603171386718750000e+03 1.318424707031250000e+04
0.000000000000000000e+00 1.284771386718750000e+04 1.072826367187500000e+04 1.425545692443847656e+00 5.494762802124023438e+01 1.135848462581634521e-02 3.131185367237776518e-04 1.540194726562500000e+04 1.074518798828125000e+03 1.417056369781494141e+01 7.629734516143798828e+00
0.000000000000000000e+00 1.706787109375000000e+04 2.523912506103515625e+02 9.572131347656250000e+02 5.211198806762695312e+01 1.998957824707031250e+02 1.128422070312500000e+04 1.062111759185791016e+01 2.313557617187500000e+03 7.004622459411621094e+00 3.828533935546875000e+01
0.000000000000000000e+00 0.000000000000000000e+00 0.000000000000000000e+00 0.000000000000000000e+00 2.147086143493652344e+01 0.000000000000000000e+00 0.000000000000000000e+00 0.000000000000000000e+00 0.000000000000000000e+00 0.000000000000000000e+00 0.000000000000000000e+00
0.000000000000000000e+00 3.957596200052648783e-04 9.929697960615158081e-02 0.000000000000000000e+00 2.188805341720581055e-01 0.000000000000000000e+00 4.792809486389160156e-03 5.607979744672775269e-02 0.000000000000000000e+00 3.067941591143608093e-02 6.376462238222302403e-07
