0.000000000000000000e+00 7.697239746093750000e+03 7.543101501464843750e+01 0.000000000000000000e+00 0.000000000000000000e+00 0.000000000000000000e+00 1.311999902343750000e+04 1.047610156250000000e+04 6.412896972656250000e+03 3.117752197265625000e+03 0.000000000000000000e+00
1.399931835937500000e+04 0.000000000000000000e+00 4.087467041015625000e+03 2.172835540771484375e+01 1.248619335937500000e+04 5.589454650878906250e+00 1.868529296875000000e+04 2.172425292968750000e+03 1.870836328125000000e+04 3.371549987792968750e+01 1.048302734375000000e+04
4.610776156187057495e-02 1.766442187500000000e+04 6.893013671875000000e+03 1.892099609375000000e+04 1.711346484375000000e+04 3.687536926269531250e+02 1.710152929687500000e+04 2.637206640625000000e+04 2.387210130691528320e+00 2.113114843750000000e+04 1.906282501295208931e-03
9.534849548339843750e+01 9.012127876281738281e+00 1.554180664062500000e+03 4.720903778076171875e+01 2.056571502685546875e+02 6.773682250976562500e+02 2.237952636718750000e+03 2.642840820312500000e+03 1.398830566406250000e+03 1.792880296707153320e+00 1.036082744598388672e+01
2.177325934171676636e-01 1.043634176254272461e+00 2.181969165802001953e+00 3.759972378611564636e-02 1.052283914759755135e-05 2.348800189793109894e-02 4.168687388300895691e-03 1.775588840246200562e-02 7.099909335374832153e-02 3.496610641479492188e+00 6.938602447509765625e+00
0.000000000000000000e+00 0.000000000000000000e+00 0.000000000000000000e+00 0.000000000000000000e+00 0.000000000000000000e+00 0.000000000000000000e+00 0.000000000000000000e+00 0.000000000000000000e+00 0.000000000000000000e+00 0.000000000000000000e+00 0.000000000000000000e+00
2.242865478515625000e+03 9.440692138671875000e+01 7.937762737274169922e+00 9.149414062500000000e+02 2.129515647888183594e+00 3.461939811706542969e+00 1.194028663635253906e+01 2.163254830520600080e-04 7.602054595947265625e+00 7.076159667968750000e+01 4.817957519531250000e+03
0.000000000000000000e+00 7.170845214843750000e+03 1.357977050781250000e+03 0.000000000000000000e+00 6.165404296875000000e+03 5.845407714843750000e+03 3.692550659179687500e-01 7.598509979248046875e+01 5.175019531250000000e+03 3.711561858654022217e-01 2.464193385094404221e-04
7.871622443199157715e-01 2.365988525390625000e+03 1.369508178710937500e+03 2.297905921936035156e+00 2.407907104492187500e+01 4.911795043945312500e+01 3.281375244140625000e+03 2.149639651179313660e-03 9.223015136718750000e+02 1.486008167266845703e+00 9.225589036941528320e-01
0.000000000000000000e+00 0.000000000000000000e+00 0.000000000000000000e+00 0.000000000000000000e+00 6.204093456268310547e+00 0.000000000000000000e+00 0.000000000000000000e+00 0.000000000000000000e+00 2.771029357973020524e-05 0.000000000000000000e+00 0.000000000000000000e+00
0.000000000000000000e+00 8.501225966028869152e-05 6.168525293469429016e-02 1.309354905970394611e-03 2.510652244091033936e-01 0.000000000000000000e+00 8.716773241758346558e-03 6.062896549701690674e-02 3.049226361326873302e-04 1.548359077423810959e-02 5.606198101304471493e-04
