0.000000000000000000e+00 8.502689190208911896e-03 0.000000000000000000e+00 0.000000000000000000e+00 0.000000000000000000e+00 0.000000000000000000e+00 5.764447851106524467e-04 1.920374296605587006e-02 0.000000000000000000e+00 0.000000000000000000e+00 0.000000000000000000e+00
8.571700192987918854e-03 0.000000000000000000e+00 1.307469513267278671e-02 1.487026602262631059e-04 0.000000000000000000e+00 0.000000000000000000e+00 5.887125618755817413e-03 0.000000000000000000e+00 3.055843524634838104e-03 0.000000000000000000e+00 0.000000000000000000e+00
0.000000000000000000e+00 0.000000000000000000e+00 0.000000000000000000e+00 0.000000000000000000e+00 4.874391015619039536e-03 3.355321241542696953e-03 6.350081413984298706e-03 0.000000000000000000e+00 0.000000000000000000e+00 1.293738838285207748e-02 1.023861858993768692e-02
1.274423673748970032e-02 0.000000000000000000e+00 0.000000000000000000e+00 0.000000000000000000e+00 1.236381009221076965e-02 0.000000000000000000e+00 1.786119653843343258e-03 3.386785974726080894e-03 7.972148596309125423e-04 0.000000000000000000e+00 0.000000000000000000e+00
0.000000000000000000e+00 1.308400242123752832e-04 1.421517081325873733e-04 3.237217242713086307e-05 0.000000000000000000e+00 1.649955520406365395e-04 2.928813046310096979e-04 0.000000000000000000e+00 1.273529487662017345e-04 2.491356572136282921e-04 6.689571309834718704e-04
0.000000000000000000e+00 0.000000000000000000e+00 0.000000000000000000e+00 0.000000000000000000e+00 0.000000000000000000e+00 0.000000000000000000e+00 0.000000000000000000e+00 0.000000000000000000e+00 0.000000000000000000e+00 0.000000000000000000e+00 0.000000000000000000e+00
6.373059004545211792e-03 1.005720929242670536e-03 0.000000000000000000e+00 2.315597608685493469e-03 0.000000000000000000e+00 0.000000000000000000e+00 5.534357042051851749e-04 1.611035503447055817e-02 5.324054509401321411e-03 8.201379328966140747e-03 4.957632161676883698e-03
0.000000000000000000e+00 7.459095679223537445e-03 0.000000000000000000e+00 0.000000000000000000e+00 0.000000000000000000e+00 0.000000000000000000e+00 0.000000000000000000e+00 0.000000000000000000e+00 1.151778735220432281e-02 0.000000000000000000e+00 2.579671330749988556e-03
0.000000000000000000e+00 1.077591534703969955e-02 0.000000000000000000e+00 0.000000000000000000e+00 0.000000000000000000e+00 1.601702766492962837e-03 1.043147314339876175e-02 2.691130386665463448e-03 0.000000000000000000e+00 0.000000000000000000e+00 1.228814362548291683e-03
1.761668734252452850e-02 3.109006211161613464e-03 1.662848703563213348e-02 0.000000000000000000e+00 5.040709674358367920e-02 0.000000000000000000e+00 0.000000000000000000e+00 0.000000000000000000e+00 8.265764452517032623e-03 0.000000000000000000e+00 1.336767897009849548e-02
0.000000000000000000e+00 2.100115352732245810e-06 9.905646038532722741e-06 1.580030243530927692e-06 1.411950597685063258e-05 0.000000000000000000e+00 7.927707883936818689e-06 5.147821411810582504e-06 1.350129082311468665e-06 5.527866051124874502e-06 0.000000000000000000e+00
