0.000000000000000000e+00 0.000000000000000000e+00 0.000000000000000000e+00 0.000000000000000000e+00 0.000000000000000000e+00 0.000000000000000000e+00 0.000000000000000000e+00 7.350049912929534912e-03 0.000000000000000000e+00 0.000000000000000000e+00 0.000000000000000000e+00
1.292189955711364746e-02 0.000000000000000000e+00 7.224524393677711487e-03 3.465886926278471947e-03 0.000000000000000000e+00 0.000000000000000000e+00 2.519408706575632095e-03 0.000000000000000000e+00 6.831442937254905701e-03 0.000000000000000000e+00 0.000000000000000000e+00
1.103779883123934269e-03 5.173733923584222794e-03 0.000000000000000000e+00 0.000000000000000000e+00 0.000000000000000000e+00 3.041226882487535477e-03 1.026408933103084564e-02 0.000000000000000000e+00 4.299711901694536209e-03 1.470659393817186356e-02 4.425955936312675476e-03
5.587934516370296478e-03 3.599952207878232002e-03 0.000000000000000000e+00 4.147221625316888094e-04 3.939006943255662918e-03 0.000000000000000000e+00 9.297311305999755859e-03 9.237400256097316742e-03 3.268461907282471657e-03 3.656905377283692360e-03 0.000000000000000000e+00
0.000000000000000000e+00 7.483728404622524977e-05 1.456957979826256633e-04 0.000000000000000000e+00 0.000000000000000000e+00 4.587774674291722476e-05 2.209349986515007913e-05 3.126905721728689969e-05 5.166451228433288634e-05 1.841942575993016362e-04 4.460868949536234140e-04
0.000000000000000000e+00 0.000000000000000000e+00 0.000000000000000000e+00 0.000000000000000000e+00 0.000000000000000000e+00 4.784340562764555216e-04 0.000000000000000000e+00 0.000000000000000000e+00 0.000000000000000000e+00 0.000000000000000000e+00 1.734723475976807094e-18
8.743351325392723083e-03 0.000000000000000000e+00 0.000000000000000000e+00 1.672686659730970860e-03 0.000000000000000000e+00 0.000000000000000000e+00 2.030358649790287018e-03 4.068700596690177917e-03 1.210794132202863693e-02 5.334747023880481720e-03 5.016481038182973862e-03
0.000000000000000000e+00 0.000000000000000000e+00 0.000000000000000000e+00 6.061156746000051498e-03 0.000000000000000000e+00 0.000000000000000000e+00 2.191016916185617447e-03 0.000000000000000000e+00 9.954383596777915955e-03 0.000000000000000000e+00 1.980531495064496994e-03
0.000000000000000000e+00 3.131781704723834991e-03 5.034769419580698013e-03 1.700147520750761032e-03 6.161803845316171646e-03 0.000000000000000000e+00 7.894549053162336349e-04 0.000000000000000000e+00 0.000000000000000000e+00 3.644720651209354401e-03 4.089087713509798050e-03
8.262999355792999268e-03 0.000000000000000000e+00 1.415711734443902969e-02 0.000000000000000000e+00 4.462259262800216675e-02 0.000000000000000000e+00 0.000000000000000000e+00 0.000000000000000000e+00 9.859240613877773285e-03 0.000000000000000000e+00 1.579089649021625519e-02
0.000000000000000000e+00 0.000000000000000000e+00 2.902901314882910810e-06 1.446079750166973099e-06 6.774795110686682165e-06 0.000000000000000000e+00 3.250657698572467780e-07 6.503682925540488213e-07 5.503219426827854477e-07 3.470424303486652207e-07 0.000000000000000000e+00
