0.000000000000000000e+00 0.000000000000000000e+00 3.761119907721877098e-03 0.000000000000000000e+00 0.000000000000000000e+00 0.000000000000000000e+00 5.128340562805533409e-04 6.619273219257593155e-03 2.041078638285398483e-03 3.810588968917727470e-03 0.000000000000000000e+00
1.568708382546901703e-02 0.000000000000000000e+00 2.330938354134559631e-03 0.000000000000000000e+00 0.000000000000000000e+00 0.000000000000000000e+00 5.357905291020870209e-03 0.000000000000000000e+00 0.000000000000000000e+00 0.000000000000000000e+00 0.000000000000000000e+00
1.334137283265590668e-03 3.966958262026309967e-03 0.000000000000000000e+00 0.000000000000000000e+00 1.176630333065986633e-02 0.000000000000000000e+00 4.444158636033535004e-03 0.000000000000000000e+00 0.000000000000000000e+00 8.504198864102363586e-03 0.000000000000000000e+00
1.216515246778726578e-02 0.000000000000000000e+00 3.369377227500081062e-03 0.000000000000000000e+00 0.000000000000000000e+00 0.000000000000000000e+00 5.000199656933546066e-03 5.886064842343330383e-03 6.440994329750537872e-04 0.000000000000000000e+00 0.000000000000000000e+00
2.647220389917492867e-04 3.993379650637507439e-04 4.358240403234958649e-04 2.134777168976143003e-04 0.000000000000000000e+00 1.870924752438440919e-04 2.873198827728629112e-04 2.185344928875565529e-04 2.411821769783273339e-04 4.708516062237322330e-04 9.263090905733406544e-04
0.000000000000000000e+00 0.000000000000000000e+00 0.000000000000000000e+00 0.000000000000000000e+00 0.000000000000000000e+00 3.951437771320343018e-03 0.000000000000000000e+00 0.000000000000000000e+00 0.000000000000000000e+00 0.000000000000000000e+00 0.000000000000000000e+00
6.282994872890412807e-04 1.819737604819238186e-03 0.000000000000000000e+00 2.586730697657912970e-04 0.000000000000000000e+00 0.000000000000000000e+00 6.740347016602754593e-04 0.000000000000000000e+00 2.143999328836798668e-03 0.000000000000000000e+00 0.000000000000000000e+00
0.000000000000000000e+00 6.493658758699893951e-03 2.067521214485168457e-03 0.000000000000000000e+00 0.000000000000000000e+00 4.155205097049474716e-03 0.000000000000000000e+00 0.000000000000000000e+00 0.000000000000000000e+00 0.000000000000000000e+00 0.000000000000000000e+00
0.000000000000000000e+00 2.161708194762468338e-03 5.021893419325351715e-03 3.657028777524828911e-03 0.000000000000000000e+00 6.482939701527357101e-03 3.259171033278107643e-03 0.000000000000000000e+00 0.000000000000000000e+00 0.000000000000000000e+00 7.346305996179580688e-03
6.779856979846954346e-03 0.000000000000000000e+00 8.910682983696460724e-03 0.000000000000000000e+00 3.743621706962585449e-02 0.000000000000000000e+00 0.000000000000000000e+00 0.000000000000000000e+00 7.972490042448043823e-03 0.000000000000000000e+00 1.799872517585754395e-02
0.000000000000000000e+00 0.000000000000000000e+00 1.996584614971652627e-06 0.000000000000000000e+00 1.952316233655437827e-05 0.000000000000000000e+00 0.000000000000000000e+00 5.075961780676152557e-06 0.000000000000000000e+00 7.615342838107608259e-06 0.000000000000000000e+00
