0.000000000000000000e+00 2.118734642863273621e-03 0.000000000000000000e+00 0.000000000000000000e+00 0.000000000000000000e+00 0.000000000000000000e+00 1.576827256940305233e-03 3.874972229823470116e-03 2.924231113865971565e-03 0.000000000000000000e+00 0.000000000000000000e+00
6.928383372724056244e-03 0.000000000000000000e+00 1.130110467784106731e-03 1.079825800843536854e-03 0.000000000000000000e+00 0.000000000000000000e+00 0.000000000000000000e+00 0.000000000000000000e+00 5.470802541822195053e-03 0.000000000000000000e+00 0.000000000000000000e+00
3.980972178396768868e-05 0.000000000000000000e+00 0.000000000000000000e+00 0.000000000000000000e+00 0.000000000000000000e+00 8.069751784205436707e-03 3.609232371672987938e-03 2.215541666373610497e-03 5.115755368024110794e-03 5.474579054862260818e-03 2.471139421686530113e-03
9.148107841610908508e-03 0.000000000000000000e+00 0.000000000000000000e+00 1.893903827294707298e-03 8.624849840998649597e-03 0.000000000000000000e+00 0.000000000000000000e+00 7.196831051260232925e-03 7.094538159435614944e-05 2.602431224659085274e-03 0.000000000000000000e+00
3.244968183935270645e-06 6.656359619228169322e-05 2.570356855358113535e-06 2.536370266170706600e-05 0.000000000000000000e+00 3.387239848962053657e-05 5.121035064803436399e-05 0.000000000000000000e+00 4.588485535350628197e-05 6.097553341533057392e-05 2.001788525376468897e-04
0.000000000000000000e+00 0.000000000000000000e+00 0.000000000000000000e+00 0.000000000000000000e+00 0.000000000000000000e+00 0.000000000000000000e+00 0.000000000000000000e+00 0.000000000000000000e+00 0.000000000000000000e+00 0.000000000000000000e+00 0.000000000000000000e+00
2.995129907503724098e-03 7.894192822277545929e-04 0.000000000000000000e+00 4.247725475579500198e-03 0.000000000000000000e+00 1.642995164729654789e-03 2.011391567066311836e-03 0.000000000000000000e+00 3.696909174323081970e-03 7.462587207555770874e-03 5.689679179340600967e-03
0.000000000000000000e+00 0.000000000000000000e+00 0.000000000000000000e+00 0.000000000000000000e+00 6.687487941235303879e-03 0.000000000000000000e+00 1.179818063974380493e-03 1.195448217913508415e-03 3.550168359652161598e-03 1.943496172316372395e-03 1.089959056116640568e-03
0.000000000000000000e+00 5.926119629293680191e-03 1.143025117926299572e-03 5.182783119380474091e-03 1.453794393455609679e-04 0.000000000000000000e+00 0.000000000000000000e+00 1.688723685219883919e-03 0.000000000000000000e+00 2.212642459198832512e-03 0.000000000000000000e+00
9.563823230564594269e-03 9.701911360025405884e-03 1.057426817715167999e-02 0.000000000000000000e+00 2.633553184568881989e-02 3.722052497323602438e-04 0.000000000000000000e+00 0.000000000000000000e+00 3.627169644460082054e-03 0.000000000000000000e+00 9.634727612137794495e-03
0.000000000000000000e+00 0.000000000000000000e+00 2.056400717265205458e-06 3.734612619155086577e-08 2.347346253372961655e-06 0.000000000000000000e+00 8.163390248228097335e-07 3.921671520856762072e-07 0.000000000000000000e+00 9.959674116544192657e-07 0.000000000000000000e+00
