0.000000000000000000e+00 3.158585357666015625e+01 1.463000122070312500e+03 0.000000000000000000e+00 0.000000000000000000e+00 0.000000000000000000e+00 9.400120239257812500e+02 3.408396240234375000e+03 7.420584960937500000e+03 1.043385887145996094e+01 0.000000000000000000e+00
3.272817187500000000e+04 1.330707788467407227e+00 3.218088867187500000e+03 2.026579666137695312e+01 3.202002048492431641e+00 6.672684669494628906e+00 5.141341406250000000e+04 1.128617227077484131e-01 4.087678909301757812e+00 3.665088415145874023e+00 1.819548492431640625e+02
3.225417327880859375e+01 1.752645703125000000e+04 2.618861083984375000e+03 8.883006835937500000e+03 1.857460327148437500e+03 1.645652770996093750e+02 3.910510253906250000e+03 3.674793243408203125e+01 1.406246032714843750e+02 2.019673828125000000e+04 2.916279541015625000e+03
2.032971289062500000e+04 1.130934655666351318e-01 3.056477050781250000e+03 6.430972290039062500e+01 2.315238342285156250e+02 8.014515686035156250e+01 2.328837776184082031e+01 2.549490234375000000e+04 1.103796289062500000e+04 2.286774658203125000e+03 3.399806022644042969e+00
6.420668125152587891e+00 1.388436412811279297e+01 1.069503593444824219e+01 6.101443767547607422e+00 0.000000000000000000e+00 9.749248027801513672e-01 4.410008430480957031e+00 9.085165709257125854e-02 4.462493062019348145e-01 9.092388153076171875e+00 3.018782615661621094e+01
0.000000000000000000e+00 0.000000000000000000e+00 0.000000000000000000e+00 0.000000000000000000e+00 0.000000000000000000e+00 0.000000000000000000e+00 0.000000000000000000e+00 0.000000000000000000e+00 0.000000000000000000e+00 0.000000000000000000e+00 0.000000000000000000e+00
1.057550585937500000e+04 4.679817382812500000e+03 4.645111816406250000e+03 2.351720214843750000e+03 0.000000000000000000e+00 9.484646845692168426e-09 1.342455139160156250e+02 1.695252609252929688e+01 1.013598437500000000e+04 1.120219628906250000e+04 9.606749725341796875e+01
1.159138232469558716e-02 8.034996032714843750e+00 4.844690429687500000e+03 4.484550476074218750e+00 2.881766601562500000e+04 1.597080078125000000e+04 3.065426635742187500e+02 2.167892303466796875e+02 6.663444519042968750e+01 9.651896484375000000e+03 5.211865234375000000e+03
1.899385009892284870e-03 8.701534271240234375e+01 2.287051562500000000e+04 3.055366516113281250e+01 1.333829522132873535e+00 4.015549850463867188e+01 8.039128112792968750e+01 3.841442871093750000e+03 8.493382263183593750e+01 4.843174934387207031e+00 8.425209960937500000e+03
0.000000000000000000e+00 0.000000000000000000e+00 0.000000000000000000e+00 0.000000000000000000e+00 2.363433647155761719e+01 0.000000000000000000e+00 0.000000000000000000e+00 0.000000000000000000e+00 0.000000000000000000e+00 0.000000000000000000e+00 0.000000000000000000e+00
0.000000000000000000e+00 5.119711204315535724e-06 1.534681618213653564e-01 4.778987090503505897e-07 1.943888366222381592e-01 0.000000000000000000e+00 3.193109109997749329e-02 1.651464700698852539e-01 2.748881932348012924e-03 5.226632952690124512e-02 6.442350013458053581e-07
