0.000000000000000000e+00 9.392836093902587891e-01 9.522853493690490723e-01 0.000000000000000000e+00 0.000000000000000000e+00 0.000000000000000000e+00 1.568312883377075195e+00 4.687002003192901611e-01 9.803485125303268433e-03 2.130906330421566963e-03 0.000000000000000000e+00
5.255439504981040955e-02 5.153608799446374178e-05 8.206695556640625000e+00 4.796475410461425781e+00 2.876808404922485352e+00 3.009370326995849609e+00 1.466030597686767578e+00 1.487705594627186656e-04 6.076483987271785736e-03 1.271927729249000549e-03 1.594745039939880371e+00
9.965999051928520203e-03 7.783057093620300293e-01 1.480885129421949387e-02 1.315241586416959763e-02 1.630014926195144653e-02 1.731242895126342773e+00 2.294187068939208984e+00 0.000000000000000000e+00 4.975251108407974243e-02 6.523514539003372192e-02 1.007599472999572754e+00
2.452726840972900391e+00 5.255955038592219353e-04 5.638133734464645386e-03 5.771607756614685059e-01 9.619341492652893066e-01 1.164106745272874832e-02 3.433906286954879761e-02 1.827738523483276367e+00 3.971683979034423828e-02 2.953611016273498535e-01 7.447065319865942001e-03
1.505212043412029743e-03 5.770547315478324890e-03 5.471942946314811707e-03 4.660661797970533371e-03 0.000000000000000000e+00 9.744347771629691124e-04 7.058124989271163940e-03 2.384653780609369278e-03 3.232190851122140884e-03 1.019343081861734390e-02 1.541189849376678467e-02
0.000000000000000000e+00 0.000000000000000000e+00 2.390146953985095024e-03 5.723333015339449048e-05 0.000000000000000000e+00 1.100985854864120483e-01 7.045158999972045422e-04 1.482461346313357353e-03 0.000000000000000000e+00 2.772999927401542664e-03 1.423220872879028320e+00
1.352370716631412506e-02 1.731760978698730469e+00 0.000000000000000000e+00 7.575269937515258789e-01 0.000000000000000000e+00 4.044683882966637611e-04 8.786296844482421875e-01 3.018835373222827911e-02 1.074311494827270508e+00 1.804786562919616699e+00 1.472254376858472824e-02
0.000000000000000000e+00 1.272842526435852051e+00 2.097007274627685547e+00 2.041240215301513672e+00 4.384393244981765747e-02 3.385625034570693970e-02 1.502718687057495117e+00 5.381297111511230469e+00 2.838592052459716797e+00 1.738012194633483887e+00 5.286151170730590820e-01
1.579245030879974365e-01 3.301352560520172119e-01 2.864096164703369141e-01 2.399974465370178223e-01 0.000000000000000000e+00 2.844769954681396484e-01 2.301893234252929688e-01 1.582400947809219360e-01 2.827731966972351074e-01 1.075439378619194031e-01 3.168589472770690918e-01
0.000000000000000000e+00 0.000000000000000000e+00 0.000000000000000000e+00 0.000000000000000000e+00 3.810772206634283066e-03 0.000000000000000000e+00 0.000000000000000000e+00 0.000000000000000000e+00 0.000000000000000000e+00 0.000000000000000000e+00 1.760774830472655594e-05
0.000000000000000000e+00 0.000000000000000000e+00 9.784448775462806225e-05 0.000000000000000000e+00 1.376790169160813093e-04 0.000000000000000000e+00 0.000000000000000000e+00 5.805516047985292971e-05 0.000000000000000000e+00 2.225688876933418214e-05 2.120662429661024362e-06
