0.000000000000000000e+00 0.000000000000000000e+00 3.274275455623865128e-03 0.000000000000000000e+00 0.000000000000000000e+00 0.000000000000000000e+00 0.000000000000000000e+00 3.650670114438980818e-04 0.000000000000000000e+00 0.000000000000000000e+00 0.000000000000000000e+00
5.088975187391042709e-03 0.000000000000000000e+00 5.400225985795259476e-03 5.846427753567695618e-03 0.000000000000000000e+00 0.000000000000000000e+00 0.000000000000000000e+00 0.000000000000000000e+00 1.448056311346590519e-03 0.000000000000000000e+00 0.000000000000000000e+00
3.446910064667463303e-03 5.635299254208803177e-03 8.525680168531835079e-04 0.000000000000000000e+00 0.000000000000000000e+00 2.025478146970272064e-02 6.338193081319332123e-03 0.000000000000000000e+00 6.525825243443250656e-03 8.198343217372894287e-03 4.897281527519226074e-03
8.547575213015079498e-03 0.000000000000000000e+00 0.000000000000000000e+00 6.071351468563079834e-03 0.000000000000000000e+00 0.000000000000000000e+00 0.000000000000000000e+00 6.882812362164258957e-03 0.000000000000000000e+00 6.482745055109262466e-03 0.000000000000000000e+00
0.000000000000000000e+00 7.109074795152992010e-05 9.612319263396784663e-05 1.082152521121315658e-04 0.000000000000000000e+00 6.230632425285875797e-05 0.000000000000000000e+00 0.000000000000000000e+00 3.456048943917267025e-05 1.472681178711354733e-04 5.862544639967381954e-04
0.000000000000000000e+00 0.000000000000000000e+00 0.000000000000000000e+00 0.000000000000000000e+00 0.000000000000000000e+00 0.000000000000000000e+00 0.000000000000000000e+00 0.000000000000000000e+00 0.000000000000000000e+00 0.000000000000000000e+00 0.000000000000000000e+00
9.212518110871315002e-03 2.116256393492221832e-03 0.000000000000000000e+00 0.000000000000000000e+00 0.000000000000000000e+00 0.000000000000000000e+00 4.218049813061952591e-03 9.076496935449540615e-04 4.218923859298229218e-03 3.107323078438639641e-03 2.304077148437500000e-03
0.000000000000000000e+00 0.000000000000000000e+00 0.000000000000000000e+00 0.000000000000000000e+00 0.000000000000000000e+00 0.000000000000000000e+00 0.000000000000000000e+00 7.125293370336294174e-03 6.624458823353052139e-03 0.000000000000000000e+00 5.363669246435165405e-03
0.000000000000000000e+00 1.265546423383057117e-03 0.000000000000000000e+00 0.000000000000000000e+00 0.000000000000000000e+00 0.000000000000000000e+00 6.202369695529341698e-04 0.000000000000000000e+00 0.000000000000000000e+00 1.703137182630598545e-03 2.187092090025544167e-03
0.000000000000000000e+00 5.126479663886129856e-04 1.299040950834751129e-02 0.000000000000000000e+00 2.971290983259677887e-02 7.029338739812374115e-03 0.000000000000000000e+00 4.992914618924260139e-04 9.942273609340190887e-03 0.000000000000000000e+00 1.220558304339647293e-02
0.000000000000000000e+00 0.000000000000000000e+00 3.110244961135322228e-06 2.165429805245366879e-06 6.727627351210685447e-06 0.000000000000000000e+00 1.431672103535674978e-06 2.529998255340615287e-06 2.196037911517123575e-07 2.944391326309414580e-06 0.000000000000000000e+00
