0.000000000000000000e+00 2.949665451049804688e+01 2.143509063720703125e+02 0.000000000000000000e+00 0.000000000000000000e+00 0.000000000000000000e+00 8.260965347290039062e+00 5.626649169921875000e+02 1.221298370361328125e+02 1.317917022705078125e+02 0.000000000000000000e+00
5.102560424804687500e+02 0.000000000000000000e+00 2.795234375000000000e+02 4.608075714111328125e+01 4.079077392816543579e-03 9.857052612304687500e+01 1.105634498596191406e+01 1.895862388610839844e+01 5.298890304565429688e+01 2.741893959045410156e+01 3.861943359375000000e+02
8.485580328851938248e-04 2.984129333496093750e+01 6.158024311065673828e+00 3.345331420898437500e+02 1.555781636852771044e-06 7.118696594238281250e+01 4.389237976074218750e+01 1.010282897949218750e+01 1.096579432487487793e-02 6.308172607421875000e+02 3.727523803710937500e+01
3.788896484375000000e+02 0.000000000000000000e+00 0.000000000000000000e+00 2.764514770507812500e+02 6.002835083007812500e+01 9.764375305175781250e+01 1.555217742919921875e+02 3.303440856933593750e+02 1.205400848388671875e+02 1.588476705364882946e-03 1.642275810241699219e+01
3.721792221069335938e+00 6.781732559204101562e+00 2.246275186538696289e+00 6.254410743713378906e+00 5.824064146509044804e-07 4.979353904724121094e+00 4.495758056640625000e+00 9.504737854003906250e-01 2.351058006286621094e+00 6.898591995239257812e+00 1.102360439300537109e+01
0.000000000000000000e+00 0.000000000000000000e+00 0.000000000000000000e+00 0.000000000000000000e+00 0.000000000000000000e+00 1.694224920356646180e-05 0.000000000000000000e+00 0.000000000000000000e+00 0.000000000000000000e+00 0.000000000000000000e+00 6.935863018035888672e+00
3.090526123046875000e+02 1.358223571777343750e+02 0.000000000000000000e+00 2.308667907714843750e+02 1.319861388765275478e-03 1.888556823730468750e+02 2.094777221679687500e+02 2.903722000122070312e+01 2.101056060791015625e+02 1.786515808105468750e+02 2.827080078125000000e+02
1.198202013969421387e+00 6.950592041015625000e+02 6.960367431640625000e+02 6.072772979736328125e+00 1.483891448974609375e+02 2.361484375000000000e+02 9.528280258178710938e+00 6.797606201171875000e+02 8.505020141601562500e+01 1.285219341516494751e-01 3.824289703369140625e+01
0.000000000000000000e+00 2.893012695312500000e+02 2.165408020019531250e+02 1.824997100830078125e+02 2.305888629052788019e-04 3.373510437011718750e+02 4.154565429687500000e+02 2.677766140550374985e-03 1.231440124511718750e+02 2.978213500976562500e+01 1.175089721679687500e+02
2.151817321777343750e+01 1.240863323211669922e+00 8.877941131591796875e+01 0.000000000000000000e+00 1.378221435546875000e+03 0.000000000000000000e+00 0.000000000000000000e+00 0.000000000000000000e+00 9.727663040161132812e+00 0.000000000000000000e+00 1.039547195434570312e+02
0.000000000000000000e+00 4.954181495122611523e-04 5.375545844435691833e-02 3.013132698833942413e-02 9.597173333168029785e-02 0.000000000000000000e+00 5.558367446064949036e-02 2.606623247265815735e-02 9.436601249035447836e-05 2.815016731619834900e-02 8.124213200062513351e-04
