0.000000000000000000e+00 0.000000000000000000e+00 0.000000000000000000e+00 0.000000000000000000e+00 0.000000000000000000e+00 0.000000000000000000e+00 4.174092784523963928e-03 4.261662717908620834e-03 6.133270449936389923e-03 0.000000000000000000e+00 0.000000000000000000e+00
7.212126627564430237e-03 0.000000000000000000e+00 0.000000000000000000e+00 2.397144911810755730e-03 0.000000000000000000e+00 0.000000000000000000e+00 1.193085801787674427e-03 0.000000000000000000e+00 0.000000000000000000e+00 0.000000000000000000e+00 4.514425061643123627e-03
0.000000000000000000e+00 2.910843817517161369e-03 0.000000000000000000e+00 0.000000000000000000e+00 0.000000000000000000e+00 7.898094132542610168e-03 9.020173922181129456e-03 0.000000000000000000e+00 7.115214597433805466e-03 0.000000000000000000e+00 0.000000000000000000e+00
5.796221666969358921e-04 0.000000000000000000e+00 0.000000000000000000e+00 9.044029749929904938e-03 0.000000000000000000e+00 4.495314322412014008e-03 0.000000000000000000e+00 0.000000000000000000e+00 1.778220641426742077e-03 8.502684533596038818e-03 0.000000000000000000e+00
7.363888289546594024e-05 1.857013703556731343e-04 1.880337804323062301e-04 1.312771055381745100e-04 0.000000000000000000e+00 1.391716505168005824e-04 9.565630170982331038e-05 8.940135012380778790e-05 1.255118258995935321e-04 1.680740679148584604e-04 6.273702601902186871e-04
0.000000000000000000e+00 0.000000000000000000e+00 0.000000000000000000e+00 0.000000000000000000e+00 0.000000000000000000e+00 4.081975668668746948e-03 0.000000000000000000e+00 0.000000000000000000e+00 0.000000000000000000e+00 0.000000000000000000e+00 0.000000000000000000e+00
5.165342707186937332e-03 0.000000000000000000e+00 0.000000000000000000e+00 3.364345524460077286e-03 0.000000000000000000e+00 0.000000000000000000e+00 0.000000000000000000e+00 1.354631502181291580e-03 3.001605626195669174e-03 0.000000000000000000e+00 4.962959326803684235e-03
0.000000000000000000e+00 3.063478274270892143e-03 8.688290603458881378e-03 0.000000000000000000e+00 0.000000000000000000e+00 0.000000000000000000e+00 0.000000000000000000e+00 4.237887624185532331e-04 7.126015610992908478e-03 1.256502699106931686e-03 0.000000000000000000e+00
3.146205330267548561e-03 7.677390705794095993e-03 3.900929586961865425e-03 0.000000000000000000e+00 1.260933233425021172e-03 6.385806482285261154e-04 6.699748337268829346e-03 0.000000000000000000e+00 0.000000000000000000e+00 3.770264796912670135e-03 2.469537546858191490e-03
1.175661198794841766e-02 4.225283395498991013e-03 1.725813373923301697e-03 4.439168260432779789e-04 4.100543260574340820e-02 0.000000000000000000e+00 0.000000000000000000e+00 3.117351792752742767e-03 0.000000000000000000e+00 0.000000000000000000e+00 1.664571277797222137e-02
0.000000000000000000e+00 0.000000000000000000e+00 4.922105290461331606e-06 0.000000000000000000e+00 7.557987373729702085e-06 0.000000000000000000e+00 0.000000000000000000e+00 0.000000000000000000e+00 0.000000000000000000e+00 0.000000000000000000e+00 0.000000000000000000e+00
