0.000000000000000000e+00 3.048631828278303146e-03 8.437508789062500000e+03 0.000000000000000000e+00 0.000000000000000000e+00 0.000000000000000000e+00 7.437203613281250000e+03 3.645076171875000000e+03 2.749022293090820312e+01 7.693284606933593750e+01 0.000000000000000000e+00
2.239095703125000000e+04 0.000000000000000000e+00 3.141997070312500000e+03 2.546052360534667969e+01 1.251508295536041260e-01 3.890480041503906250e+01 2.036170532226562500e+03 9.513470530509948730e-02 9.465883636474609375e+01 3.608655929565429688e+01 2.107288867187500000e+04
9.154871368408203125e+01 8.485479736328125000e+01 8.032855957031250000e+03 4.846640625000000000e+03 9.573535156250000000e+03 5.822928710937500000e+03 1.867525195312500000e+04 1.809227943420410156e+01 2.465748535156250000e+03 5.114067382812500000e+03 4.651525020599365234e+00
1.323896191406250000e+04 1.807723754882812500e+03 8.905421197414398193e-02 1.905180358886718750e+02 1.289952087402343750e+02 1.069990386962890625e+02 7.162020874023437500e+01 3.570641113281250000e+03 8.105750976562500000e+03 9.298637695312500000e+03 8.465503692626953125e+01
2.144321203231811523e-01 7.953383326530456543e-01 2.333738803863525391e+00 1.740315556526184082e-01 2.083144892139898730e-07 1.307032555341720581e-01 1.904556453227996826e-01 8.551675081253051758e-02 1.188085079193115234e+00 2.950973987579345703e+00 2.124206542968750000e+01
0.000000000000000000e+00 0.000000000000000000e+00 0.000000000000000000e+00 0.000000000000000000e+00 0.000000000000000000e+00 0.000000000000000000e+00 0.000000000000000000e+00 0.000000000000000000e+00 0.000000000000000000e+00 0.000000000000000000e+00 0.000000000000000000e+00
1.232043750000000000e+04 2.679525585937500000e+04 3.187919408082962036e-02 2.244709765625000000e+04 5.555025100708007812e+00 3.175428222656250000e+03 1.310480346679687500e+02 3.518752441406250000e+03 6.471739257812500000e+03 1.607104980468750000e+04 1.911404571533203125e+02
1.092243567109107971e-02 9.322309875488281250e+01 4.916883789062500000e+03 1.478157714843750000e+04 1.189373588562011719e+01 5.628381729125976562e+01 9.035647583007812500e+01 7.922334960937500000e+03 2.071924133300781250e+02 4.708663940429687500e+01 6.150421142578125000e+01
0.000000000000000000e+00 1.488374938964843750e+02 1.686304296875000000e+04 4.331392089843750000e+03 9.580601501464843750e+01 1.586581878662109375e+02 1.445842578125000000e+04 6.217252807617187500e+02 4.260828399658203125e+01 2.863990234375000000e+03 7.066882324218750000e+03
0.000000000000000000e+00 0.000000000000000000e+00 0.000000000000000000e+00 0.000000000000000000e+00 2.064064025878906250e+01 0.000000000000000000e+00 0.000000000000000000e+00 0.000000000000000000e+00 0.000000000000000000e+00 0.000000000000000000e+00 0.000000000000000000e+00
0.000000000000000000e+00 2.460497058928012848e-02 9.322523325681686401e-02 3.569696843624114990e-02 2.400592863559722900e-01 0.000000000000000000e+00 3.267987072467803955e-02 3.658999502658843994e-02 2.070544287562370300e-04 7.652952522039413452e-02 2.202486939495429397e-05
