0.000000000000000000e+00 0.000000000000000000e+00 4.572608042508363724e-03 0.000000000000000000e+00 0.000000000000000000e+00 0.000000000000000000e+00 2.403749153017997742e-03 1.494297408498823643e-03 4.062564577907323837e-03 7.325038895942270756e-04 0.000000000000000000e+00
6.282723974436521530e-03 0.000000000000000000e+00 0.000000000000000000e+00 0.000000000000000000e+00 0.000000000000000000e+00 0.000000000000000000e+00 0.000000000000000000e+00 0.000000000000000000e+00 0.000000000000000000e+00 0.000000000000000000e+00 2.947752131149172783e-03
0.000000000000000000e+00 1.274939742870628834e-03 0.000000000000000000e+00 0.000000000000000000e+00 1.763250184012576938e-04 3.148683113977313042e-03 1.130791031755506992e-03 0.000000000000000000e+00 0.000000000000000000e+00 3.228359622880816460e-03 0.000000000000000000e+00
3.273861249908804893e-03 0.000000000000000000e+00 0.000000000000000000e+00 4.468917613849043846e-04 0.000000000000000000e+00 0.000000000000000000e+00 0.000000000000000000e+00 9.175543673336505890e-03 3.152706660330295563e-03 3.121409798040986061e-03 0.000000000000000000e+00
1.172381817013956606e-04 3.165369271300733089e-04 2.100251731462776661e-04 1.392853009747341275e-04 0.000000000000000000e+00 2.228379162261262536e-04 9.534316632198169827e-05 4.922973676002584398e-05 1.039791604853235185e-04 2.615904086269438267e-04 5.556973046623170376e-04
0.000000000000000000e+00 0.000000000000000000e+00 0.000000000000000000e+00 0.000000000000000000e+00 0.000000000000000000e+00 1.187092624604701996e-03 0.000000000000000000e+00 0.000000000000000000e+00 0.000000000000000000e+00 0.000000000000000000e+00 0.000000000000000000e+00
2.212441526353359222e-03 0.000000000000000000e+00 0.000000000000000000e+00 3.985325340181589127e-03 0.000000000000000000e+00 0.000000000000000000e+00 3.971475525759160519e-04 0.000000000000000000e+00 3.543895902112126350e-03 3.621554933488368988e-03 8.591302903369069099e-04
0.000000000000000000e+00 0.000000000000000000e+00 3.684454597532749176e-03 0.000000000000000000e+00 0.000000000000000000e+00 1.436618738807737827e-03 0.000000000000000000e+00 3.360186237841844559e-04 0.000000000000000000e+00 1.090438570827245712e-03 0.000000000000000000e+00
0.000000000000000000e+00 2.471231156960129738e-03 8.912241086363792419e-03 0.000000000000000000e+00 0.000000000000000000e+00 3.659545676782727242e-03 5.680372007191181183e-03 0.000000000000000000e+00 0.000000000000000000e+00 3.931022249162197113e-03 4.276345483958721161e-03
4.149016924202442169e-03 3.959496505558490753e-03 6.162703502923250198e-03 0.000000000000000000e+00 2.420597523450851440e-02 0.000000000000000000e+00 0.000000000000000000e+00 3.497708821669220924e-03 4.955792333930730820e-03 0.000000000000000000e+00 1.176097244024276733e-02
0.000000000000000000e+00 0.000000000000000000e+00 1.676071747169771697e-06 0.000000000000000000e+00 4.496198016568087041e-06 0.000000000000000000e+00 0.000000000000000000e+00 2.146063252439489588e-06 0.000000000000000000e+00 8.550144912078394555e-07 0.000000000000000000e+00
