1.149618356066639535e-06 1.942957896972075105e-05 2.267719355586450547e-05 4.571325916913338006e-06 0.000000000000000000e+00 1.478272793065116275e-06 2.469569153618067503e-05 2.212397157563827932e-05 2.360918188060168177e-05 1.901824180094990879e-05 2.940972990472801030e-06
8.835154585540294647e-04 0.000000000000000000e+00 3.161789476871490479e-01 1.062167459167540073e-03 0.000000000000000000e+00 0.000000000000000000e+00 1.061490774154663086e+00 0.000000000000000000e+00 0.000000000000000000e+00 0.000000000000000000e+00 0.000000000000000000e+00
4.397666826844215393e-02 5.739363259635865688e-04 1.264956146478652954e-01 1.409426480531692505e-01 1.754294931888580322e-01 1.457726117223501205e-03 6.563439965248107910e-01 0.000000000000000000e+00 6.046774983406066895e-01 6.071882843971252441e-01 0.000000000000000000e+00
3.979714810848236084e-01 0.000000000000000000e+00 0.000000000000000000e+00 6.183825898915529251e-04 1.437984290532767773e-03 0.000000000000000000e+00 4.355089040473103523e-04 2.993039488792419434e-01 7.320099975913763046e-04 0.000000000000000000e+00 0.000000000000000000e+00
0.000000000000000000e+00 1.683756818238180131e-05 1.041725136019522324e-05 6.853424565633758903e-06 0.000000000000000000e+00 2.346235305594746023e-06 6.005540126352570951e-05 1.505503405496710911e-06 1.945626718224957585e-05 9.863095328910276294e-05 3.150923294015228748e-04
0.000000000000000000e+00 0.000000000000000000e+00 6.776582449674606323e-04 1.836272895161528140e-05 0.000000000000000000e+00 2.115813316777348518e-03 0.000000000000000000e+00 0.000000000000000000e+00 0.000000000000000000e+00 5.319535848684608936e-04 3.369285725057125092e-03
1.197508303448557854e-03 4.032871127128601074e-01 0.000000000000000000e+00 3.727126419544219971e-01 0.000000000000000000e+00 9.446209669113159180e-02 4.088231176137924194e-02 1.825688756071031094e-03 2.097911667078733444e-03 1.772188246250152588e-01 4.011332616209983826e-02
0.000000000000000000e+00 2.822553273290395737e-03 0.000000000000000000e+00 7.820895910263061523e-01 9.303814172744750977e-01 8.582091331481933594e-01 6.801493167877197266e-01 2.886019349098205566e-01 3.771288692951202393e-01 1.537413597106933594e-01 8.663180470466613770e-01
0.000000000000000000e+00 1.160430139862000942e-03 0.000000000000000000e+00 8.573457002639770508e-01 0.000000000000000000e+00 0.000000000000000000e+00 1.882763981819152832e+00 2.334811910986900330e-02 3.150131960865110159e-04 0.000000000000000000e+00 0.000000000000000000e+00
0.000000000000000000e+00 0.000000000000000000e+00 3.543771745171397924e-04 0.000000000000000000e+00 3.313859403133392334e-01 0.000000000000000000e+00 0.000000000000000000e+00 0.000000000000000000e+00 1.216711709275841713e-03 1.217345474287867546e-03 2.589025069028139114e-03
0.000000000000000000e+00 3.586373225061834091e-07 2.797467686832533218e-06 4.303945502215356100e-07 4.599881776812253520e-06 0.000000000000000000e+00 1.652773335081292316e-06 7.540236879322037566e-07 0.000000000000000000e+00 2.552633986852015369e-06 0.000000000000000000e+00
