1.355817437171936035e+00 2.919132995605468750e+01 3.134777832031250000e+01 9.302515029907226562e+00 7.987851276993751526e-04 1.006526350975036621e+00 3.396056365966796875e+01 3.745161437988281250e+01 3.177389144897460938e+01 2.952984428405761719e+01 7.174135208129882812e+00
1.098637329101562500e+03 0.000000000000000000e+00 1.675468505859375000e+03 5.547564941406250000e+03 5.151846923828125000e+02 3.172151565551757812e+01 4.186618652343750000e+02 6.636441040039062500e+01 9.020472412109375000e+02 1.473626494407653809e+00 8.895833129882812500e+02
6.864017486572265625e+01 5.041660156250000000e+03 9.119017333984375000e+02 4.966034667968750000e+03 1.137965591624379158e-05 4.569529785156250000e+03 5.671469238281250000e+03 1.767208740234375000e+03 0.000000000000000000e+00 1.150610351562500000e+03 2.471897949218750000e+03
7.980203613281250000e+03 1.030465888977050781e+01 7.866592884063720703e+00 8.236873779296875000e+02 5.841384277343750000e+02 1.395225620269775391e+01 3.620125000000000000e+03 3.242947753906250000e+03 6.192266845703125000e+01 1.081525421142578125e+01 3.411068725585937500e+01
1.986352157592773438e+01 5.734362792968750000e+01 3.308454895019531250e+01 3.391651535034179688e+01 6.548596047650789842e-06 2.548869514465332031e+01 2.348960494995117188e+01 1.198252677917480469e+01 3.897563934326171875e+00 4.669142913818359375e+01 1.023942794799804688e+02
0.000000000000000000e+00 0.000000000000000000e+00 0.000000000000000000e+00 0.000000000000000000e+00 0.000000000000000000e+00 2.242815792560577393e-01 0.000000000000000000e+00 0.000000000000000000e+00 0.000000000000000000e+00 0.000000000000000000e+00 2.002698602154850960e-05
1.847307617187500000e+03 4.345757324218750000e+03 0.000000000000000000e+00 2.768475097656250000e+03 0.000000000000000000e+00 2.671704345703125000e+03 2.675750000000000000e+03 1.722945709228515625e+02 7.601859741210937500e+02 2.429317138671875000e+03 5.298083984375000000e+03
0.000000000000000000e+00 5.418938476562500000e+03 5.933459472656250000e+02 5.202991962432861328e-01 3.109620361328125000e+02 1.512818481445312500e+03 3.591040039062500000e+02 1.899129272460937500e+03 3.017492675781250000e+03 4.595752358436584473e-01 1.200587402343750000e+03
8.222988806664943695e-03 4.902812500000000000e+02 7.768563232421875000e+02 1.563817016601562500e+03 4.663898348808288574e-01 4.397201660156250000e+03 5.731689453125000000e+03 4.258504882812500000e+03 1.100084960937500000e+03 1.724873809814453125e+02 7.115803222656250000e+02
0.000000000000000000e+00 0.000000000000000000e+00 0.000000000000000000e+00 0.000000000000000000e+00 8.898165893554687500e+01 0.000000000000000000e+00 0.000000000000000000e+00 0.000000000000000000e+00 0.000000000000000000e+00 0.000000000000000000e+00 0.000000000000000000e+00
0.000000000000000000e+00 6.223001400940120220e-05 5.135980844497680664e-01 1.078241877257823944e-02 1.021818041801452637e+00 0.000000000000000000e+00 1.974093914031982422e-02 2.485494911670684814e-01 1.134617632487788796e-04 2.030110359191894531e-02 1.065225806087255478e-04
