0.000000000000000000e+00 6.734303385019302368e-02 1.938048171997070312e+01 0.000000000000000000e+00 0.000000000000000000e+00 0.000000000000000000e+00 5.446279296875000000e+02 4.718891601562500000e+02 4.646482944488525391e+00 2.226936519145965576e-01 0.000000000000000000e+00
3.122778701782226562e+01 0.000000000000000000e+00 4.350761795043945312e+01 7.493117675781250000e+02 6.113127929687500000e+03 5.890727539062500000e+03 3.303005126953125000e+03 1.370260119438171387e-01 3.292766094207763672e+00 1.592040777206420898e+00 7.605503906250000000e+03
4.470562744140625000e+01 1.708252148437500000e+04 1.235224511718750000e+04 1.519137573242187500e+03 5.253461914062500000e+03 1.608901757812500000e+04 1.050128417968750000e+04 2.866447448730468750e+01 1.881703857421875000e+03 6.239620605468750000e+03 1.093263551592826843e-02
1.923470306396484375e+02 7.994964599609375000e+02 4.218472242355346680e-01 6.613200378417968750e+01 4.489984512329101562e+01 7.860398101806640625e+01 1.918562988281250000e+03 3.943979187011718750e+02 1.294028198242187500e+03 3.394034423828125000e+02 7.605681610107421875e+01
4.912903785705566406e+00 5.840122699737548828e+00 4.224421501159667969e+00 5.142814159393310547e+00 1.489805526944110170e-06 1.643875360488891602e+00 3.290974140167236328e+00 4.275749206542968750e+00 3.577762365341186523e+00 6.481719493865966797e+00 1.526450538635253906e+01
0.000000000000000000e+00 0.000000000000000000e+00 0.000000000000000000e+00 0.000000000000000000e+00 0.000000000000000000e+00 1.269326210021972656e+00 0.000000000000000000e+00 0.000000000000000000e+00 0.000000000000000000e+00 0.000000000000000000e+00 2.254976134281605482e-04
1.477700927734375000e+03 2.192722412109375000e+03 3.226316266591311432e-06 4.241770996093750000e+03 1.056421470642089844e+01 4.768286645412445068e-02 4.177841796875000000e+03 0.000000000000000000e+00 1.790233642578125000e+03 7.439474121093750000e+03 2.561585693359375000e+02
0.000000000000000000e+00 1.397477050781250000e+04 1.435605761718750000e+04 2.663895845413208008e+00 2.210068817138671875e+02 3.580280761718750000e+03 4.986234741210937500e+02 5.139845703125000000e+03 1.895605078125000000e+04 7.347032078541815281e-05 8.181265869140625000e+02
0.000000000000000000e+00 1.422562500000000000e+03 9.116524505615234375e+01 1.020511413574218750e+03 6.343755340576171875e+01 2.643887207031250000e+03 7.405410003662109375e+01 7.665429077148437500e+02 3.105448150634765625e+01 2.676774787902832031e+01 1.418619140625000000e+03
0.000000000000000000e+00 0.000000000000000000e+00 0.000000000000000000e+00 0.000000000000000000e+00 1.121790122985839844e+01 0.000000000000000000e+00 0.000000000000000000e+00 0.000000000000000000e+00 0.000000000000000000e+00 0.000000000000000000e+00 0.000000000000000000e+00
0.000000000000000000e+00 3.139227395877242088e-03 6.201786547899246216e-02 1.144196176028344780e-05 1.264233589172363281e-01 0.000000000000000000e+00 2.555574756115674973e-03 4.181244224309921265e-02 1.682141714809404220e-07 5.648149549961090088e-02 0.000000000000000000e+00
