8.752719622862059623e-06 3.196468605892732739e-05 3.068082514801062644e-05 1.986247525564976968e-06 0.000000000000000000e+00 2.279057753185043111e-06 3.670142177725210786e-05 3.236439806642010808e-05 2.907847920141648501e-05 2.999729622388258576e-05 3.776396624743938446e-06
5.419803261756896973e-01 0.000000000000000000e+00 2.523930668830871582e-01 1.133704354288056493e-04 0.000000000000000000e+00 0.000000000000000000e+00 4.626612062565982342e-04 0.000000000000000000e+00 5.714808357879519463e-04 0.000000000000000000e+00 0.000000000000000000e+00
1.160552710643969476e-04 9.436022043228149414e-01 2.189034372568130493e-01 1.825436353683471680e-01 4.501185030676424503e-04 4.602827131748199463e-01 1.238322973251342773e+00 0.000000000000000000e+00 1.252313377335667610e-04 1.673904955387115479e-01 9.680491530161816627e-06
5.796083807945251465e-01 0.000000000000000000e+00 0.000000000000000000e+00 0.000000000000000000e+00 6.976477452553808689e-04 0.000000000000000000e+00 0.000000000000000000e+00 2.826364070642739534e-04 4.359827653388492763e-05 2.466479199938476086e-04 0.000000000000000000e+00
4.875473678112030029e-05 1.248301414307206869e-04 7.179874955909326673e-05 3.210594877600669861e-05 0.000000000000000000e+00 1.016362293739803135e-04 9.579409379512071609e-05 8.222100586863234639e-05 1.870757550932466984e-04 2.451569016557186842e-04 5.061234114691615105e-04
0.000000000000000000e+00 0.000000000000000000e+00 5.214503034949302673e-04 0.000000000000000000e+00 0.000000000000000000e+00 2.840093336999416351e-03 0.000000000000000000e+00 0.000000000000000000e+00 0.000000000000000000e+00 9.766374714672565460e-04 3.976286854594945908e-03
2.776422202587127686e-01 8.270725957117974758e-04 0.000000000000000000e+00 2.707510590553283691e-01 0.000000000000000000e+00 7.004450890235602856e-05 4.278531705494970083e-04 8.546079625375568867e-04 5.835765004158020020e-01 1.264771819114685059e-01 3.732252225745469332e-04
0.000000000000000000e+00 5.936307311058044434e-01 0.000000000000000000e+00 0.000000000000000000e+00 3.081216127611696720e-04 1.179276823997497559e+00 3.329477913212031126e-04 0.000000000000000000e+00 1.758123189210891724e-02 0.000000000000000000e+00 3.029015846550464630e-02
3.600046329665929079e-04 6.239279755391180515e-04 1.524042636156082153e-01 0.000000000000000000e+00 0.000000000000000000e+00 1.235083341598510742e+00 7.384371161460876465e-01 3.950752143282443285e-04 0.000000000000000000e+00 5.931768100708723068e-04 4.600840508937835693e-01
5.173640674911439419e-04 7.628249004483222961e-04 1.122800982557237148e-03 0.000000000000000000e+00 8.734695315361022949e-01 0.000000000000000000e+00 0.000000000000000000e+00 0.000000000000000000e+00 4.376664292067289352e-04 2.855620696209371090e-04 1.070458791218698025e-03
0.000000000000000000e+00 1.868848897856878466e-07 8.584396709920838475e-06 1.505545924374018796e-06 9.370240150019526482e-06 0.000000000000000000e+00 2.118349812008091249e-06 5.394269010139396414e-06 1.308793429188881419e-07 2.119864575433894061e-06 0.000000000000000000e+00
