0.000000000000000000e+00 0.000000000000000000e+00 0.000000000000000000e+00 0.000000000000000000e+00 0.000000000000000000e+00 0.000000000000000000e+00 6.816075649112462997e-03 0.000000000000000000e+00 1.566733815707266331e-03 0.000000000000000000e+00 0.000000000000000000e+00
9.521798230707645416e-03 0.000000000000000000e+00 2.059778431430459023e-03 3.586874110624194145e-03 0.000000000000000000e+00 0.000000000000000000e+00 1.202982151880860329e-03 0.000000000000000000e+00 4.769220249727368355e-04 0.000000000000000000e+00 2.341040875762701035e-03
0.000000000000000000e+00 4.905862733721733093e-03 0.000000000000000000e+00 3.028154140338301659e-03 8.890044991858303547e-04 6.233090534806251526e-03 3.543590893968939781e-03 0.000000000000000000e+00 3.518604673445224762e-03 2.442324999719858170e-03 3.378227818757295609e-03
5.045681726187467575e-03 0.000000000000000000e+00 0.000000000000000000e+00 6.272680126130580902e-03 8.939109975472092628e-04 4.896623067907057703e-05 0.000000000000000000e+00 7.288004737347364426e-03 4.945859545841813087e-04 0.000000000000000000e+00 0.000000000000000000e+00
8.720887853996828198e-05 7.820990140317007899e-05 2.027284208452329040e-04 2.292622666573151946e-04 0.000000000000000000e+00 2.171698579331859946e-04 1.716695405775681138e-04 5.484449138748459518e-05 4.359794547781348228e-05 2.883609267883002758e-04 5.607988568954169750e-04
0.000000000000000000e+00 0.000000000000000000e+00 0.000000000000000000e+00 0.000000000000000000e+00 0.000000000000000000e+00 0.000000000000000000e+00 0.000000000000000000e+00 0.000000000000000000e+00 0.000000000000000000e+00 0.000000000000000000e+00 0.000000000000000000e+00
4.847260192036628723e-03 0.000000000000000000e+00 0.000000000000000000e+00 2.166760852560400963e-03 0.000000000000000000e+00 5.794098135083913803e-03 2.173506654798984528e-03 3.031321335583925247e-03 8.935745805501937866e-03 1.093878294341266155e-03 1.202397141605615616e-02
0.000000000000000000e+00 1.139107262133620679e-04 0.000000000000000000e+00 0.000000000000000000e+00 9.765375405550003052e-03 0.000000000000000000e+00 0.000000000000000000e+00 2.592213917523622513e-03 7.019060663878917694e-03 0.000000000000000000e+00 0.000000000000000000e+00
0.000000000000000000e+00 5.245225504040718079e-03 4.490898456424474716e-03 0.000000000000000000e+00 8.140882477164268494e-03 0.000000000000000000e+00 2.103182021528482437e-03 0.000000000000000000e+00 0.000000000000000000e+00 4.118398297578096390e-03 3.926360048353672028e-03
3.021555254235863686e-03 2.573786769062280655e-03 1.486689504235982895e-02 0.000000000000000000e+00 3.965135663747787476e-02 0.000000000000000000e+00 0.000000000000000000e+00 0.000000000000000000e+00 9.453606791794300079e-03 0.000000000000000000e+00 1.677761785686016083e-02
0.000000000000000000e+00 0.000000000000000000e+00 4.141046247241320089e-06 0.000000000000000000e+00 6.794749424443580210e-06 0.000000000000000000e+00 2.036875685007544234e-06 1.582519530529680196e-06 0.000000000000000000e+00 2.526637217670213431e-06 0.000000000000000000e+00
