1.233586663147434592e-04 1.003762125037610531e-03 1.092961756512522697e-03 2.474482753314077854e-04 4.497647387324832380e-05 6.442464655265212059e-05 1.247811131179332733e-03 1.117840874940156937e-03 9.172466234304010868e-04 5.953528452664613724e-04 0.000000000000000000e+00
3.910339251160621643e-02 0.000000000000000000e+00 4.944116622209548950e-02 1.759287416934967041e-01 7.351469248533248901e-04 1.741707324981689453e-01 0.000000000000000000e+00 2.196968197822570801e-01 1.865964033640921116e-03 7.297105342149734497e-02 6.295698694884777069e-03
3.071778686717152596e-03 3.693282371386885643e-03 2.252998820040374994e-04 2.459373474121093750e-01 0.000000000000000000e+00 1.440834254026412964e-01 1.837434172630310059e-01 2.859044075012207031e-02 0.000000000000000000e+00 3.585770726203918457e-01 0.000000000000000000e+00
3.816969925537705421e-03 2.951160967350006104e-01 0.000000000000000000e+00 4.473298788070678711e-01 1.803930103778839111e-01 4.196526110172271729e-02 4.352619946002960205e-01 1.016293913125991821e-01 3.895761966705322266e-01 1.519138575531542301e-03 0.000000000000000000e+00
8.138267003232613206e-05 3.153073193971067667e-04 1.408620155416429043e-04 1.078770728781819344e-04 0.000000000000000000e+00 2.295781450811773539e-04 1.424846122972667217e-04 2.903705535572953522e-05 1.279278949368745089e-04 2.919636899605393410e-04 6.025735638104379177e-04
0.000000000000000000e+00 0.000000000000000000e+00 0.000000000000000000e+00 0.000000000000000000e+00 0.000000000000000000e+00 0.000000000000000000e+00 0.000000000000000000e+00 0.000000000000000000e+00 0.000000000000000000e+00 0.000000000000000000e+00 6.156241521239280701e-03
1.613825857639312744e-01 2.120671560987830162e-03 0.000000000000000000e+00 1.332039684057235718e-01 0.000000000000000000e+00 7.418127730488777161e-03 4.824277712032198906e-04 5.543181323446333408e-04 7.899526506662368774e-03 6.287983804941177368e-02 3.019956871867179871e-02
1.999047696590423584e-01 6.072847172617912292e-02 5.906378850340843201e-03 0.000000000000000000e+00 1.078141629695892334e-01 2.199269831180572510e-02 2.325510233640670776e-02 1.178299891762435436e-03 3.161482280120253563e-03 0.000000000000000000e+00 0.000000000000000000e+00
5.256054997444152832e-01 2.067034132778644562e-03 0.000000000000000000e+00 0.000000000000000000e+00 2.884288132190704346e-01 7.396098226308822632e-04 2.318490743637084961e-01 4.070767164230346680e-01 1.151198055595159531e-03 0.000000000000000000e+00 0.000000000000000000e+00
3.238260396756231785e-04 1.059951842762529850e-03 3.609422128647565842e-03 0.000000000000000000e+00 2.813425064086914062e-01 0.000000000000000000e+00 0.000000000000000000e+00 0.000000000000000000e+00 4.564814269542694092e-03 0.000000000000000000e+00 3.816942218691110611e-03
0.000000000000000000e+00 9.470127224631141871e-07 4.431552497408119962e-06 4.547453613668039907e-07 6.069295523047912866e-06 0.000000000000000000e+00 1.999258529394865036e-06 5.629023689834866673e-06 1.538513743071234785e-06 2.394606553934863769e-06 0.000000000000000000e+00
