0.000000000000000000e+00 1.785232103429734707e-03 2.902711043134331703e-03 0.000000000000000000e+00 0.000000000000000000e+00 0.000000000000000000e+00 9.315957431681454182e-04 1.220989692956209183e-02 0.000000000000000000e+00 0.000000000000000000e+00 0.000000000000000000e+00
1.358691789209842682e-02 0.000000000000000000e+00 7.186091039329767227e-03 0.000000000000000000e+00 0.000000000000000000e+00 1.572977489558979869e-04 0.000000000000000000e+00 1.659752917475998402e-03 4.901491571217775345e-03 0.000000000000000000e+00 0.000000000000000000e+00
1.488232868723571301e-03 8.254857733845710754e-03 4.745595622807741165e-03 1.770597649738192558e-03 8.361843065358698368e-04 8.614680729806423187e-03 1.719718682579696178e-03 0.000000000000000000e+00 0.000000000000000000e+00 5.682379007339477539e-03 2.279602456837892532e-03
9.439958259463310242e-03 0.000000000000000000e+00 0.000000000000000000e+00 9.695583721622824669e-04 0.000000000000000000e+00 0.000000000000000000e+00 0.000000000000000000e+00 3.432552795857191086e-03 0.000000000000000000e+00 0.000000000000000000e+00 0.000000000000000000e+00
8.063846325967460871e-05 1.287902414333075285e-04 8.296262240037322044e-05 1.862026692833751440e-04 0.000000000000000000e+00 1.439279294572770596e-04 1.894379529403522611e-04 8.791258005658164620e-05 1.899995404528453946e-04 2.354002790525555611e-04 3.699586959555745125e-04
0.000000000000000000e+00 0.000000000000000000e+00 0.000000000000000000e+00 0.000000000000000000e+00 0.000000000000000000e+00 0.000000000000000000e+00 0.000000000000000000e+00 0.000000000000000000e+00 0.000000000000000000e+00 0.000000000000000000e+00 1.075027161277830601e-03
5.625154357403516769e-03 0.000000000000000000e+00 0.000000000000000000e+00 5.167168565094470978e-03 2.083150684484280646e-05 9.040605276823043823e-03 3.915671724826097488e-03 6.742962170392274857e-03 5.122464615851640701e-03 6.400566548109054565e-03 1.352846715599298477e-02
0.000000000000000000e+00 1.052678097039461136e-02 0.000000000000000000e+00 0.000000000000000000e+00 3.331076120957732201e-03 0.000000000000000000e+00 0.000000000000000000e+00 1.351436832919716835e-03 4.589310847222805023e-03 0.000000000000000000e+00 0.000000000000000000e+00
0.000000000000000000e+00 6.294792983680963516e-03 1.372026395983994007e-03 0.000000000000000000e+00 0.000000000000000000e+00 1.512839575298130512e-03 5.176003556698560715e-03 0.000000000000000000e+00 6.906219641678035259e-04 0.000000000000000000e+00 0.000000000000000000e+00
7.747118361294269562e-03 0.000000000000000000e+00 1.189081836491823196e-02 0.000000000000000000e+00 4.013838991522789001e-02 0.000000000000000000e+00 0.000000000000000000e+00 0.000000000000000000e+00 7.639863993972539902e-03 0.000000000000000000e+00 1.879189722239971161e-02
0.000000000000000000e+00 0.000000000000000000e+00 8.963801292338757776e-07 3.509393309286679141e-07 2.422588295303285122e-06 0.000000000000000000e+00 0.000000000000000000e+00 9.777787681741756387e-07 0.000000000000000000e+00 1.367957565889810212e-06 0.000000000000000000e+00
