0.000000000000000000e+00 2.964067840576171875e+01 1.157473526000976562e+02 0.000000000000000000e+00 0.000000000000000000e+00 0.000000000000000000e+00 4.182047424316406250e+02 4.812887207031250000e+03 7.432933807373046875e+01 1.235437774658203125e+02 0.000000000000000000e+00
8.140861816406250000e+02 1.065328542608767748e-04 3.089545288085937500e+02 9.203727722167968750e+01 4.952714843750000000e+02 2.731916809082031250e+02 1.255124511718750000e+03 1.744026184082031250e+00 4.656421279907226562e+01 1.778766632080078125e+00 1.309118774414062500e+03
1.379963159561157227e-01 3.925874633789062500e+02 4.566574096679687500e+02 1.493314208984375000e+02 7.742722778320312500e+02 1.061385742187500000e+03 1.369039062500000000e+03 1.112450752407312393e-02 2.935788574218750000e+02 8.127271728515625000e+02 1.675341339111328125e+02
1.566379089355468750e+02 2.131939941406250000e+03 7.498834133148193359e-01 1.008565127849578857e-01 3.156725311279296875e+01 1.155491638183593750e+02 1.761419677734375000e+03 3.414995605468750000e+03 9.352111816406250000e+02 1.143405395507812500e+03 1.850714599609375000e+03
3.882932066917419434e-01 4.254860877990722656e+00 2.453336715698242188e+00 8.935709483921527863e-03 0.000000000000000000e+00 7.504724860191345215e-01 2.586830854415893555e+00 1.090285301208496094e+00 1.586577177047729492e+00 8.880477905273437500e+00 2.181664466857910156e+01
0.000000000000000000e+00 0.000000000000000000e+00 0.000000000000000000e+00 0.000000000000000000e+00 0.000000000000000000e+00 0.000000000000000000e+00 0.000000000000000000e+00 0.000000000000000000e+00 0.000000000000000000e+00 0.000000000000000000e+00 3.588876724243164062e+01
7.203083801269531250e+01 5.344004516601562500e+02 5.199819952395046130e-06 6.894536590576171875e+01 7.133412361145019531e-02 4.620275878906250000e+01 9.796136856079101562e+00 3.058607788085937500e+02 4.998920288085937500e+02 7.298187255859375000e+02 1.096080322265625000e+03
0.000000000000000000e+00 4.367915954589843750e+02 1.619388771057128906e+01 5.988037719726562500e+02 2.172298278808593750e+02 1.247933120727539062e+02 2.716804829105967656e-06 4.580909729003906250e+02 1.608870117187500000e+03 1.889450454711914062e+01 8.911014795303344727e-01
1.535795593261718750e+01 6.454660034179687500e+02 9.314276733398437500e+02 1.484274902343750000e+03 4.351395263671875000e+02 1.011114257812500000e+03 1.114456298828125000e+03 5.451731109619140625e+01 1.996756591796875000e+02 6.371463623046875000e+02 2.327742675781250000e+03
1.391265487670898438e+01 1.683709716796875000e+01 3.422265243530273438e+01 0.000000000000000000e+00 3.426305419921875000e+03 0.000000000000000000e+00 0.000000000000000000e+00 0.000000000000000000e+00 1.404769897460937500e+01 2.099251174926757812e+01 6.586398315429687500e+02
0.000000000000000000e+00 1.146201924484557821e-07 1.064076274633407593e-01 2.226487360894680023e-02 2.467445731163024902e-01 0.000000000000000000e+00 1.080034393817186356e-02 8.113810792565345764e-03 1.582345248607452959e-06 2.223657444119453430e-02 0.000000000000000000e+00
