0.000000000000000000e+00 0.000000000000000000e+00 0.000000000000000000e+00 0.000000000000000000e+00 0.000000000000000000e+00 0.000000000000000000e+00 6.670786533504724503e-03 2.449152292683720589e-03 4.580178298056125641e-03 0.000000000000000000e+00 0.000000000000000000e+00
7.501512300223112106e-03 0.000000000000000000e+00 0.000000000000000000e+00 0.000000000000000000e+00 0.000000000000000000e+00 0.000000000000000000e+00 1.089396901079453528e-04 3.311101812869310379e-03 1.007884740829467773e-03 0.000000000000000000e+00 6.287327036261558533e-03
4.451051936484873295e-04 6.345614790916442871e-03 0.000000000000000000e+00 0.000000000000000000e+00 0.000000000000000000e+00 9.424072690308094025e-03 1.271775923669338226e-02 0.000000000000000000e+00 2.750752028077840805e-03 0.000000000000000000e+00 0.000000000000000000e+00
1.597307436168193817e-02 0.000000000000000000e+00 0.000000000000000000e+00 0.000000000000000000e+00 2.894914010539650917e-03 6.251049693673849106e-03 2.908424008637666702e-03 6.160315591841936111e-03 1.057274523191154003e-03 5.823902320116758347e-03 0.000000000000000000e+00
2.056247758446261287e-04 3.535944852046668530e-04 4.608937015291303396e-04 4.535578482318669558e-04 0.000000000000000000e+00 3.351556370034813881e-04 1.957663334906101227e-04 3.143020730931311846e-04 2.839730586856603622e-04 5.353012238629162312e-04 1.012707478366792202e-03
0.000000000000000000e+00 0.000000000000000000e+00 0.000000000000000000e+00 0.000000000000000000e+00 0.000000000000000000e+00 2.729441970586776733e-03 0.000000000000000000e+00 0.000000000000000000e+00 0.000000000000000000e+00 0.000000000000000000e+00 0.000000000000000000e+00
5.559128709137439728e-03 4.572285339236259460e-03 0.000000000000000000e+00 0.000000000000000000e+00 0.000000000000000000e+00 3.303832840174436569e-03 5.712789788958616555e-05 4.620811436325311661e-03 1.685860217548906803e-03 8.220991119742393494e-03 1.733924611471593380e-03
0.000000000000000000e+00 2.925345441326498985e-03 3.652844578027725220e-03 0.000000000000000000e+00 0.000000000000000000e+00 0.000000000000000000e+00 0.000000000000000000e+00 0.000000000000000000e+00 7.237298879772424698e-03 0.000000000000000000e+00 5.368617828935384750e-03
0.000000000000000000e+00 3.633793210610747337e-03 2.396870637312531471e-03 0.000000000000000000e+00 0.000000000000000000e+00 7.773513440042734146e-03 0.000000000000000000e+00 0.000000000000000000e+00 0.000000000000000000e+00 0.000000000000000000e+00 6.799477618187665939e-03
1.118921395391225815e-02 4.150566644966602325e-03 1.120259705930948257e-02 0.000000000000000000e+00 5.129832774400711060e-02 0.000000000000000000e+00 0.000000000000000000e+00 3.396210027858614922e-03 9.004063904285430908e-03 0.000000000000000000e+00 1.665085367858409882e-02
0.000000000000000000e+00 0.000000000000000000e+00 7.816574907337781042e-06 5.839531809215259273e-07 1.116153543989639729e-05 0.000000000000000000e+00 4.480847564991563559e-06 3.542852027749177068e-06 0.000000000000000000e+00 1.194558194583805744e-06 0.000000000000000000e+00
