0.000000000000000000e+00 0.000000000000000000e+00 0.000000000000000000e+00 0.000000000000000000e+00 0.000000000000000000e+00 0.000000000000000000e+00 9.632401634007692337e-04 7.400058093480765820e-04 0.000000000000000000e+00 0.000000000000000000e+00 0.000000000000000000e+00
5.000616656616330147e-04 0.000000000000000000e+00 3.837553085759282112e-04 4.883213550783693790e-04 0.000000000000000000e+00 0.000000000000000000e+00 4.623276181519031525e-04 0.000000000000000000e+00 1.786684515536762774e-05 1.964555121958255768e-04 0.000000000000000000e+00
0.000000000000000000e+00 0.000000000000000000e+00 1.351160928606987000e-03 0.000000000000000000e+00 0.000000000000000000e+00 2.727605751715600491e-04 3.538792370818555355e-04 0.000000000000000000e+00 0.000000000000000000e+00 6.512389518320560455e-04 2.774000167846679688e-04
1.654136576689779758e-03 0.000000000000000000e+00 0.000000000000000000e+00 0.000000000000000000e+00 7.578532677143812180e-04 0.000000000000000000e+00 0.000000000000000000e+00 1.371360500343143940e-03 1.155804959125816822e-03 7.142066169762983918e-05 0.000000000000000000e+00
1.392440390191040933e-05 5.575123213930055499e-05 4.539600558928214014e-05 1.346768549410626292e-04 0.000000000000000000e+00 1.284142635995522141e-04 1.290777581743896008e-04 3.746214133570902050e-05 8.608399366494268179e-05 1.269532076548784971e-04 3.384013834875077009e-04
0.000000000000000000e+00 4.290235810913145542e-04 1.978766638785600662e-03 0.000000000000000000e+00 0.000000000000000000e+00 5.673771724104881287e-03 3.849182976409792900e-04 0.000000000000000000e+00 0.000000000000000000e+00 1.394212245941162109e-03 8.381543681025505066e-03
6.187136750668287277e-04 6.014941027387976646e-04 0.000000000000000000e+00 0.000000000000000000e+00 0.000000000000000000e+00 1.769676920957863331e-03 2.449904277455061674e-04 8.547838078811764717e-04 8.637603023089468479e-04 1.277417642995715141e-03 2.474787645041942596e-03
0.000000000000000000e+00 0.000000000000000000e+00 0.000000000000000000e+00 0.000000000000000000e+00 1.944403775269165635e-04 0.000000000000000000e+00 2.018219674937427044e-04 0.000000000000000000e+00 1.145172514952719212e-03 0.000000000000000000e+00 4.414128779899328947e-04
0.000000000000000000e+00 1.426953473128378391e-03 3.276554343756288290e-04 9.980968898162245750e-04 0.000000000000000000e+00 0.000000000000000000e+00 9.410308557562530041e-04 8.250463870353996754e-04 0.000000000000000000e+00 3.930348320864140987e-04 6.544989882968366146e-04
1.529459608718752861e-03 0.000000000000000000e+00 1.694992650300264359e-03 0.000000000000000000e+00 5.208584014326334000e-03 0.000000000000000000e+00 0.000000000000000000e+00 0.000000000000000000e+00 1.111489138565957546e-03 0.000000000000000000e+00 2.373120049014687538e-03
0.000000000000000000e+00 4.095269559911685064e-06 8.659242666908539832e-06 4.684365194407291710e-06 1.097967742680339143e-05 0.000000000000000000e+00 6.861826932436088100e-06 5.330633030098397285e-06 1.593379238329362124e-06 5.729001713916659355e-06 1.391302703268593177e-06
