0.000000000000000000e+00 0.000000000000000000e+00 1.431509107351303101e-02 0.000000000000000000e+00 0.000000000000000000e+00 0.000000000000000000e+00 1.137567218393087387e-03 0.000000000000000000e+00 0.000000000000000000e+00 0.000000000000000000e+00 0.000000000000000000e+00
1.576235517859458923e-02 0.000000000000000000e+00 1.406700722873210907e-02 3.417354309931397438e-03 0.000000000000000000e+00 4.703905724454671144e-04 8.340268395841121674e-03 0.000000000000000000e+00 3.427740419283509254e-03 0.000000000000000000e+00 0.000000000000000000e+00
6.659723818302154541e-03 1.136803533881902695e-02 9.598471806384623051e-04 0.000000000000000000e+00 2.672808477655053139e-03 5.408075172454118729e-03 0.000000000000000000e+00 0.000000000000000000e+00 0.000000000000000000e+00 8.377840742468833923e-03 7.421772461384534836e-03
1.047354750335216522e-02 6.354713812470436096e-03 0.000000000000000000e+00 0.000000000000000000e+00 0.000000000000000000e+00 7.140646921470761299e-04 4.922584630548954010e-03 1.917991042137145996e-02 0.000000000000000000e+00 3.701516543515026569e-04 0.000000000000000000e+00
4.583270056173205376e-04 8.717071614228188992e-04 6.358403479680418968e-04 9.262052481062710285e-04 0.000000000000000000e+00 7.145728450268507004e-04 6.722193793393671513e-04 6.502930191345512867e-04 9.693851461634039879e-04 1.228615525178611279e-03 1.802002312615513802e-03
0.000000000000000000e+00 0.000000000000000000e+00 0.000000000000000000e+00 0.000000000000000000e+00 0.000000000000000000e+00 0.000000000000000000e+00 0.000000000000000000e+00 0.000000000000000000e+00 0.000000000000000000e+00 0.000000000000000000e+00 0.000000000000000000e+00
1.571693271398544312e-02 4.668766632676124573e-03 0.000000000000000000e+00 5.699795205146074295e-03 4.045199137181043625e-03 1.439436600776389241e-04 1.028389669954776764e-03 0.000000000000000000e+00 3.280924633145332336e-03 7.318904623389244080e-03 0.000000000000000000e+00
0.000000000000000000e+00 1.303006988018751144e-02 0.000000000000000000e+00 0.000000000000000000e+00 0.000000000000000000e+00 0.000000000000000000e+00 5.444908048957586288e-03 1.800459576770663261e-03 3.498749108985066414e-03 0.000000000000000000e+00 4.609648138284683228e-03
0.000000000000000000e+00 0.000000000000000000e+00 2.898733597248792648e-03 3.652440384030342102e-03 0.000000000000000000e+00 0.000000000000000000e+00 9.282850660383701324e-03 3.276945790275931358e-03 0.000000000000000000e+00 8.070734329521656036e-03 0.000000000000000000e+00
6.834411993622779846e-03 8.852995233610272408e-04 1.727674715220928192e-02 0.000000000000000000e+00 5.108327418565750122e-02 0.000000000000000000e+00 0.000000000000000000e+00 0.000000000000000000e+00 5.987753160297870636e-03 0.000000000000000000e+00 9.574089199304580688e-03
0.000000000000000000e+00 3.099039247445034562e-07 1.556566712679341435e-05 8.079399776761420071e-06 1.985939343285281211e-05 0.000000000000000000e+00 5.892487934033852071e-06 1.301605061598820612e-05 9.581010544934542850e-07 1.426267408533021808e-05 0.000000000000000000e+00
