9.711854159832000732e-02 1.150654449462890625e+02 8.396761718750000000e+03 1.507385730743408203e+00 0.000000000000000000e+00 0.000000000000000000e+00 2.034972381591796875e+02 5.417289428710937500e+02 2.324804382324218750e+02 1.398656982421875000e+03 0.000000000000000000e+00
2.219867919921875000e+03 0.000000000000000000e+00 6.659535156250000000e+03 8.077444335937500000e+03 5.215457916259765625e+00 2.749158668518066406e+01 6.659196289062500000e+03 4.156041890382766724e-02 1.121607055664062500e+02 3.551725769042968750e+01 8.807523437500000000e+03
1.627910522460937500e+03 2.280605664062500000e+04 3.432192280888557434e-02 6.464282226562500000e+03 1.433718164062500000e+04 5.593471875000000000e+04 5.644269531250000000e+04 1.783761840820312500e+03 2.388602734375000000e+04 1.356149291992187500e+02 3.460667037963867188e+01
9.130390625000000000e+03 1.805848032236099243e-01 5.706521216779947281e-03 5.824931640625000000e+03 4.850295410156250000e+03 9.315351486206054688e+00 7.059290771484375000e+02 7.322516601562500000e+03 4.774493408203125000e+01 1.426231689453125000e+03 1.476476287841796875e+02
3.539204597473144531e+00 7.498665332794189453e+00 5.359537601470947266e+00 1.243470013141632080e-01 0.000000000000000000e+00 5.034688711166381836e-01 1.397844791412353516e+00 2.659858465194702148e-01 3.384253382682800293e-01 1.961875438690185547e+00 1.855061340332031250e+01
0.000000000000000000e+00 0.000000000000000000e+00 0.000000000000000000e+00 0.000000000000000000e+00 0.000000000000000000e+00 0.000000000000000000e+00 0.000000000000000000e+00 0.000000000000000000e+00 0.000000000000000000e+00 0.000000000000000000e+00 0.000000000000000000e+00
1.342595458984375000e+03 1.380473632812500000e+04 1.045305442810058594e+01 1.167370703125000000e+04 1.308102905750274658e-01 7.410325050354003906e+00 1.324104492187500000e+04 2.450707244873046875e+01 6.163935852050781250e+01 2.175301208496093750e+02 2.202209014892578125e+02
2.194620668888092041e-03 1.829340000000000000e+05 2.175191718750000000e+05 8.494663238525390625e+00 3.719182812500000000e+04 1.306655390625000000e+05 6.174167578125000000e+04 2.398536093750000000e+05 2.741545000000000000e+05 2.598450009827502072e-06 0.000000000000000000e+00
0.000000000000000000e+00 7.882726287841796875e+01 1.891130126953125000e+03 5.630619140625000000e+03 2.535819053649902344e+01 1.654685668945312500e+03 4.730243652343750000e+03 2.941933155059814453e+00 9.186000061035156250e+01 3.123047363281250000e+03 8.994390106201171875e+01
0.000000000000000000e+00 0.000000000000000000e+00 0.000000000000000000e+00 0.000000000000000000e+00 2.085999298095703125e+01 0.000000000000000000e+00 0.000000000000000000e+00 0.000000000000000000e+00 0.000000000000000000e+00 0.000000000000000000e+00 0.000000000000000000e+00
0.000000000000000000e+00 0.000000000000000000e+00 9.851873666048049927e-02 1.432411721907556057e-03 2.105444222688674927e-01 0.000000000000000000e+00 1.844753324985504150e-02 7.182023022323846817e-03 4.407934639516497555e-08 8.862353116273880005e-02 7.467142495443113148e-06
