0.000000000000000000e+00 1.717226074218750000e+03 2.677884521484375000e+03 0.000000000000000000e+00 0.000000000000000000e+00 0.000000000000000000e+00 4.168116210937500000e+03 1.899463256835937500e+03 1.960769653320312500e+01 2.047022705078125000e+03 0.000000000000000000e+00
3.334643066406250000e+03 2.452435970306396484e+00 1.751768188476562500e+03 6.026568847656250000e+03 4.177854537963867188e+00 1.914752929687500000e+03 1.560527515411376953e+01 3.811039733886718750e+02 2.097516601562500000e+03 5.061846191406250000e+03 1.006048507690429688e+02
1.304508805274963379e+00 6.804465332031250000e+02 0.000000000000000000e+00 1.884516357421875000e+03 2.372840754105709493e-06 3.174089355468750000e+03 2.363622802734375000e+03 8.755747985839843750e+01 1.247725595021620393e-04 1.638658691406250000e+03 1.320714072789996862e-04
2.511747558593750000e+03 0.000000000000000000e+00 0.000000000000000000e+00 6.912455749511718750e+01 2.272179350256919861e-02 2.285356140136718750e+02 2.626640625000000000e+03 6.872916259765625000e+02 1.034888183593750000e+03 1.388539409637451172e+01 1.093640594482421875e+02
2.421855926513671875e+00 2.886358833312988281e+01 9.834665298461914062e+00 2.019560050964355469e+01 2.200990365963662043e-06 1.880666732788085938e+01 2.797529029846191406e+01 1.313432335853576660e+00 1.975828170776367188e+01 4.805635070800781250e+01 6.235694122314453125e+01
0.000000000000000000e+00 0.000000000000000000e+00 0.000000000000000000e+00 0.000000000000000000e+00 0.000000000000000000e+00 0.000000000000000000e+00 0.000000000000000000e+00 0.000000000000000000e+00 0.000000000000000000e+00 0.000000000000000000e+00 5.181364746093750000e+02
2.203089355468750000e+03 1.090011962890625000e+03 7.499200291931629181e-03 2.379497985839843750e+02 1.097838020324707031e+01 1.787115097045898438e+00 1.394820785522460938e+01 3.836317749023437500e+02 8.092702636718750000e+02 3.127675048828125000e+03 2.193905273437500000e+03
1.159656894742511213e-04 4.171593017578125000e+02 3.063975830078125000e+02 1.768921720213256776e-05 4.759713134765625000e+02 1.681627075195312500e+03 3.155799388885498047e+00 2.648011718750000000e+03 9.573778320312500000e+03 5.582306152343750000e+03 3.012027587890625000e+02
0.000000000000000000e+00 8.379500000000000000e+03 5.656030273437500000e+03 2.665806152343750000e+03 4.144916601944714785e-06 7.007035156250000000e+03 4.539216613769531250e+01 2.519019842147827148e+00 3.142285461425781250e+02 1.244899749755859375e+02 3.851300354003906250e+02
2.311251878738403320e+00 8.115614056587219238e-01 3.135355224609375000e+02 0.000000000000000000e+00 9.940285156250000000e+03 0.000000000000000000e+00 0.000000000000000000e+00 0.000000000000000000e+00 8.739796447753906250e+01 0.000000000000000000e+00 3.152759704589843750e+02
0.000000000000000000e+00 2.609556031529791653e-05 2.687290012836456299e-01 4.299351572990417480e-01 5.377449989318847656e-01 0.000000000000000000e+00 3.454391062259674072e-01 1.242139711976051331e-01 2.464810506808134960e-07 2.401119470596313477e-01 7.042124252620851621e-07
