0.000000000000000000e+00 0.000000000000000000e+00 1.247970736585557461e-03 0.000000000000000000e+00 0.000000000000000000e+00 0.000000000000000000e+00 4.692305810749530792e-03 9.492932818830013275e-03 0.000000000000000000e+00 0.000000000000000000e+00 0.000000000000000000e+00
5.246252287179231644e-03 0.000000000000000000e+00 0.000000000000000000e+00 4.623535554856061935e-03 6.642594962613657117e-05 0.000000000000000000e+00 2.265863819047808647e-03 0.000000000000000000e+00 2.486453624442219734e-03 0.000000000000000000e+00 0.000000000000000000e+00
0.000000000000000000e+00 0.000000000000000000e+00 0.000000000000000000e+00 0.000000000000000000e+00 4.768230137415230274e-04 7.339133881032466888e-03 5.573661532253026962e-03 0.000000000000000000e+00 0.000000000000000000e+00 1.786773791536688805e-03 5.889785476028919220e-03
1.614133641123771667e-02 5.382935050874948502e-03 0.000000000000000000e+00 1.103997975587844849e-02 0.000000000000000000e+00 9.091771207749843597e-03 4.455520305782556534e-03 0.000000000000000000e+00 8.132779039442539215e-04 4.300506785511970520e-03 0.000000000000000000e+00
2.381058584433048964e-04 2.297302271472290158e-04 3.928843070752918720e-04 3.459546132944524288e-04 0.000000000000000000e+00 3.818228724412620068e-04 4.637309466488659382e-04 4.123218532186001539e-04 4.057593178004026413e-04 6.983794737607240677e-04 1.203991123475134373e-03
0.000000000000000000e+00 0.000000000000000000e+00 0.000000000000000000e+00 0.000000000000000000e+00 0.000000000000000000e+00 0.000000000000000000e+00 0.000000000000000000e+00 0.000000000000000000e+00 0.000000000000000000e+00 0.000000000000000000e+00 0.000000000000000000e+00
6.588913034647703171e-03 1.869806437753140926e-03 0.000000000000000000e+00 6.010617595165967941e-03 0.000000000000000000e+00 2.476751804351806641e-03 0.000000000000000000e+00 1.345834229141473770e-02 3.363566240295767784e-03 5.320650525391101837e-03 1.261299010366201401e-02
0.000000000000000000e+00 1.058419141918420792e-02 0.000000000000000000e+00 0.000000000000000000e+00 2.679647004697471857e-04 0.000000000000000000e+00 1.769755384884774685e-03 0.000000000000000000e+00 1.465690694749355316e-02 0.000000000000000000e+00 0.000000000000000000e+00
8.077170699834823608e-03 1.849724678322672844e-03 0.000000000000000000e+00 0.000000000000000000e+00 0.000000000000000000e+00 2.417437033727765083e-03 2.175051532685756683e-02 4.638114187400788069e-04 4.389007575809955597e-03 5.532442592084407806e-03 0.000000000000000000e+00
1.311956811696290970e-02 0.000000000000000000e+00 1.967974007129669189e-02 0.000000000000000000e+00 4.519613832235336304e-02 0.000000000000000000e+00 0.000000000000000000e+00 0.000000000000000000e+00 4.103358369320631027e-03 0.000000000000000000e+00 2.419760636985301971e-02
0.000000000000000000e+00 0.000000000000000000e+00 1.039930793922394514e-05 0.000000000000000000e+00 1.526307823951356113e-05 0.000000000000000000e+00 0.000000000000000000e+00 3.767527687159599736e-06 0.000000000000000000e+00 1.055353095580358058e-06 0.000000000000000000e+00
