0.000000000000000000e+00 0.000000000000000000e+00 0.000000000000000000e+00 0.000000000000000000e+00 0.000000000000000000e+00 0.000000000000000000e+00 2.171985106542706490e-03 0.000000000000000000e+00 1.531892805360257626e-03 0.000000000000000000e+00 0.000000000000000000e+00
8.541588671505451202e-03 0.000000000000000000e+00 4.636794794350862503e-03 0.000000000000000000e+00 0.000000000000000000e+00 0.000000000000000000e+00 5.459639709442853928e-03 0.000000000000000000e+00 0.000000000000000000e+00 0.000000000000000000e+00 0.000000000000000000e+00
0.000000000000000000e+00 3.223013598471879959e-03 1.229562796652317047e-03 9.533602744340896606e-03 1.318958681076765060e-02 0.000000000000000000e+00 5.627638194710016251e-03 0.000000000000000000e+00 0.000000000000000000e+00 5.385566968470811844e-03 1.059678848832845688e-02
7.467610761523246765e-03 0.000000000000000000e+00 0.000000000000000000e+00 0.000000000000000000e+00 4.032679833471775055e-03 0.000000000000000000e+00 0.000000000000000000e+00 1.467260625213384628e-02 1.271937228739261627e-02 4.398946650326251984e-03 0.000000000000000000e+00
1.082435701391659677e-04 3.173051227349787951e-04 3.004584286827594042e-04 3.719590604305267334e-04 0.000000000000000000e+00 2.217950532212853432e-04 3.232072922401130199e-04 3.405384195502847433e-04 3.279189404565840960e-04 4.750781226903200150e-04 9.920684387907385826e-04
0.000000000000000000e+00 0.000000000000000000e+00 0.000000000000000000e+00 0.000000000000000000e+00 0.000000000000000000e+00 3.960654139518737793e-04 0.000000000000000000e+00 0.000000000000000000e+00 0.000000000000000000e+00 0.000000000000000000e+00 0.000000000000000000e+00
3.229767084121704102e-03 2.221858449047431350e-04 0.000000000000000000e+00 1.738648628816008568e-03 0.000000000000000000e+00 5.052323453128337860e-03 1.949967991095036268e-04 2.009644173085689545e-03 1.411484461277723312e-02 2.397785196080803871e-03 5.787131376564502716e-03
0.000000000000000000e+00 1.632753200829029083e-02 2.778527559712529182e-03 0.000000000000000000e+00 7.880635093897581100e-04 0.000000000000000000e+00 0.000000000000000000e+00 0.000000000000000000e+00 5.161759443581104279e-03 0.000000000000000000e+00 0.000000000000000000e+00
8.364227833226323128e-04 7.446467876434326172e-03 4.749307408928871155e-04 1.038805930875241756e-03 0.000000000000000000e+00 2.810693113133311272e-03 8.229012601077556610e-03 0.000000000000000000e+00 0.000000000000000000e+00 0.000000000000000000e+00 6.320295389741659164e-03
1.324672251939773560e-02 0.000000000000000000e+00 1.055387314409017563e-02 0.000000000000000000e+00 4.341593384742736816e-02 0.000000000000000000e+00 0.000000000000000000e+00 0.000000000000000000e+00 2.712034154683351517e-03 3.793049138039350510e-03 1.783415116369724274e-02
0.000000000000000000e+00 6.142666109099081950e-08 8.291468475363217294e-06 1.104598482015717309e-06 1.135413822339614853e-05 0.000000000000000000e+00 2.962927965199924074e-06 4.976781838195165619e-06 0.000000000000000000e+00 3.528588422341272235e-06 0.000000000000000000e+00
