0.000000000000000000e+00 0.000000000000000000e+00 2.626802015583962202e-04 0.000000000000000000e+00 0.000000000000000000e+00 0.000000000000000000e+00 2.017698425333946943e-04 2.660217927768826485e-03 0.000000000000000000e+00 0.000000000000000000e+00 0.000000000000000000e+00
4.709724802523851395e-03 0.000000000000000000e+00 1.368280150927603245e-03 2.087186585413292050e-04 0.000000000000000000e+00 1.124064670875668526e-03 0.000000000000000000e+00 1.266261679120361805e-03 0.000000000000000000e+00 0.000000000000000000e+00 0.000000000000000000e+00
0.000000000000000000e+00 9.635209571570158005e-04 0.000000000000000000e+00 0.000000000000000000e+00 2.957378281280398369e-03 3.616050351411104202e-03 1.420187181793153286e-03 0.000000000000000000e+00 0.000000000000000000e+00 2.149305772036314011e-03 0.000000000000000000e+00
7.469864562153816223e-03 0.000000000000000000e+00 7.360373274423182011e-04 0.000000000000000000e+00 4.146038088947534561e-03 0.000000000000000000e+00 1.950964331626892090e-03 0.000000000000000000e+00 1.053824787959456444e-03 9.901490993797779083e-04 0.000000000000000000e+00
3.645626929937861860e-05 1.149411618825979531e-04 7.110747537808492780e-05 8.596698899054899812e-05 0.000000000000000000e+00 1.043173033394850791e-04 1.054046806530095637e-04 4.501663352129980922e-05 1.584035489941015840e-04 2.465291763655841351e-04 2.991518704220652580e-04
0.000000000000000000e+00 0.000000000000000000e+00 2.887767972424626350e-03 4.991468158550560474e-04 0.000000000000000000e+00 1.088488381356000900e-02 0.000000000000000000e+00 1.325128600001335144e-03 0.000000000000000000e+00 4.182373173534870148e-03 1.587391085922718048e-02
2.835300052538514137e-03 3.548031672835350037e-04 0.000000000000000000e+00 2.246653195470571518e-03 3.584848891478031874e-04 2.740712370723485947e-03 8.666307548992335796e-04 4.393309354782104492e-03 6.842444417998194695e-04 3.356479806825518608e-03 0.000000000000000000e+00
0.000000000000000000e+00 7.381497998721897602e-04 0.000000000000000000e+00 3.384955052752047777e-04 3.844540100544691086e-03 2.457984024658799171e-03 6.420417339541018009e-04 9.240490035153925419e-04 1.573183399159461260e-04 0.000000000000000000e+00 0.000000000000000000e+00
1.211995491757988930e-03 0.000000000000000000e+00 0.000000000000000000e+00 0.000000000000000000e+00 0.000000000000000000e+00 2.742348879110068083e-04 2.436141017824411392e-03 0.000000000000000000e+00 0.000000000000000000e+00 3.984386858064681292e-04 0.000000000000000000e+00
2.558501902967691422e-03 1.612618798390030861e-03 2.554598962888121605e-03 0.000000000000000000e+00 1.482107024639844894e-02 0.000000000000000000e+00 0.000000000000000000e+00 5.303587386151775718e-05 0.000000000000000000e+00 0.000000000000000000e+00 6.637330632656812668e-03
0.000000000000000000e+00 0.000000000000000000e+00 2.252648755529662594e-06 1.414944335920154117e-06 2.525530362618155777e-06 0.000000000000000000e+00 0.000000000000000000e+00 1.568362108628207352e-06 0.000000000000000000e+00 7.068479135341476649e-07 0.000000000000000000e+00
