0.000000000000000000e+00 0.000000000000000000e+00 0.000000000000000000e+00 0.000000000000000000e+00 0.000000000000000000e+00 0.000000000000000000e+00 1.061931718140840530e-02 0.000000000000000000e+00 0.000000000000000000e+00 0.000000000000000000e+00 0.000000000000000000e+00
1.186851318925619125e-02 0.000000000000000000e+00 1.293515902943909168e-03 9.390767663717269897e-03 5.161887966096401215e-03 1.909067272208631039e-03 0.000000000000000000e+00 1.576613169163465500e-03 1.064969319850206375e-02 0.000000000000000000e+00 0.000000000000000000e+00
0.000000000000000000e+00 7.599058095365762711e-03 3.852577181532979012e-03 7.265352644026279449e-03 0.000000000000000000e+00 5.554914940148591995e-03 3.257288830354809761e-03 0.000000000000000000e+00 9.713184554129838943e-04 7.076468318700790405e-03 0.000000000000000000e+00
1.041203271597623825e-02 3.004317870363593102e-03 0.000000000000000000e+00 0.000000000000000000e+00 0.000000000000000000e+00 7.685010321438312531e-03 0.000000000000000000e+00 1.285413000732660294e-02 0.000000000000000000e+00 0.000000000000000000e+00 0.000000000000000000e+00
0.000000000000000000e+00 2.347457193536683917e-04 2.724049263633787632e-04 2.439186646370217204e-04 0.000000000000000000e+00 1.958371285581961274e-04 1.583102566655725241e-04 1.054380991263315082e-04 1.058235357049852610e-04 5.728422547690570354e-04 8.665666100569069386e-04
0.000000000000000000e+00 0.000000000000000000e+00 0.000000000000000000e+00 0.000000000000000000e+00 0.000000000000000000e+00 1.227997592650353909e-03 0.000000000000000000e+00 0.000000000000000000e+00 0.000000000000000000e+00 0.000000000000000000e+00 0.000000000000000000e+00
2.823239425197243690e-03 9.837412275373935699e-03 0.000000000000000000e+00 0.000000000000000000e+00 0.000000000000000000e+00 4.491359926760196686e-03 0.000000000000000000e+00 1.074827928096055984e-02 4.213031381368637085e-03 4.091791342943906784e-03 7.505188230425119400e-03
0.000000000000000000e+00 6.932867225259542465e-03 0.000000000000000000e+00 0.000000000000000000e+00 3.038052003830671310e-03 4.073731601238250732e-03 0.000000000000000000e+00 1.636747387237846851e-03 6.502453703433275223e-03 0.000000000000000000e+00 3.122373484075069427e-03
5.383063107728958130e-04 1.114505156874656677e-02 6.041834596544504166e-03 1.435956801287829876e-03 0.000000000000000000e+00 0.000000000000000000e+00 6.436344236135482788e-03 0.000000000000000000e+00 1.890966552309691906e-03 7.576562929898500443e-03 0.000000000000000000e+00
3.234283532947301865e-03 2.293889556312933564e-04 2.067161723971366882e-02 0.000000000000000000e+00 4.035575315356254578e-02 3.748613235075026751e-04 0.000000000000000000e+00 0.000000000000000000e+00 3.525999607518315315e-03 6.355759105645120144e-04 8.326317183673381805e-03
0.000000000000000000e+00 0.000000000000000000e+00 1.364342665510775987e-06 3.031260575880878605e-06 1.416124450770439580e-05 0.000000000000000000e+00 8.973607918960624374e-07 1.127531618294597138e-06 8.033143217289762106e-07 0.000000000000000000e+00 0.000000000000000000e+00
