0.000000000000000000e+00 2.468997383117675781e+01 4.084206848144531250e+02 0.000000000000000000e+00 0.000000000000000000e+00 0.000000000000000000e+00 3.136085510253906250e+01 2.432427062988281250e+02 1.719070434570312500e+02 1.946812591552734375e+02 0.000000000000000000e+00
1.957843322753906250e+02 0.000000000000000000e+00 1.544294548034667969e+01 4.828765869140625000e+02 1.923619842529296875e+01 2.536486244201660156e+01 9.522616577148437500e+01 1.376187562942504883e+00 1.089038276672363281e+01 1.434636840820312500e+02 4.261398010253906250e+02
1.055052108764648438e+02 6.575134277343750000e+01 4.316934204101562500e+01 8.762735366821289062e+00 3.088024556636810303e-01 1.939014587402343750e+02 1.252519073486328125e+02 9.722243994474411011e-04 1.001130499389546458e-06 7.286503601074218750e+01 2.783031082153320312e+01
2.409919281005859375e+02 0.000000000000000000e+00 3.414665699005126953e+00 1.333032321929931641e+01 2.645568370819091797e+00 1.464486503601074219e+01 1.068502731323242188e+02 5.907876586914062500e+01 9.158197784423828125e+01 7.279205322265625000e+01 2.809200286865234375e-01
9.287469387054443359e-01 1.840694427490234375e+00 5.424908399581909180e-01 1.291239738464355469e+00 0.000000000000000000e+00 1.152922391891479492e+00 1.448196768760681152e+00 3.563081324100494385e-01 1.115596175193786621e+00 1.316734075546264648e+00 3.829821348190307617e+00
0.000000000000000000e+00 0.000000000000000000e+00 0.000000000000000000e+00 0.000000000000000000e+00 0.000000000000000000e+00 0.000000000000000000e+00 0.000000000000000000e+00 0.000000000000000000e+00 0.000000000000000000e+00 0.000000000000000000e+00 7.170461654663085938e+00
3.000106430053710938e+01 5.123105621337890625e+01 0.000000000000000000e+00 1.056083221435546875e+02 0.000000000000000000e+00 4.763155364990234375e+01 1.190944442749023438e+02 3.789855003356933594e+00 1.547763366699218750e+02 1.300392456054687500e+02 2.614607810974121094e+01
3.623095835791900754e-06 1.194057998657226562e+02 1.892009353637695312e+01 9.381787094753235579e-06 1.335424900054931641e+01 1.779085845947265625e+02 8.264851570129394531e-01 1.521199035644531250e+02 1.459941406250000000e+02 2.271793842315673828e+00 2.250640591228147969e-06
1.810316462069749832e-05 2.067875366210937500e+02 5.811996459960937500e+01 2.584068603515625000e+02 9.980257600545883179e-03 9.674629974365234375e+01 2.485775184631347656e+01 1.808878173828125000e+02 5.872587680816650391e+00 1.393399963378906250e+02 1.064972229003906250e+02
1.446243000030517578e+01 4.211802482604980469e+00 2.131523323059082031e+01 0.000000000000000000e+00 3.946615905761718750e+02 0.000000000000000000e+00 0.000000000000000000e+00 0.000000000000000000e+00 1.243356019258499146e-01 0.000000000000000000e+00 1.249552459716796875e+02
0.000000000000000000e+00 1.120837077905889601e-05 2.732431143522262573e-02 8.406195789575576782e-03 3.586854413151741028e-02 0.000000000000000000e+00 1.365037541836500168e-02 2.139107882976531982e-02 7.455163722625002265e-05 1.781516149640083313e-02 1.532768481411039829e-03
