0.000000000000000000e+00 1.508005112409591675e-01 1.536715745925903320e+00 0.000000000000000000e+00 0.000000000000000000e+00 0.000000000000000000e+00 2.357521533966064453e+00 1.282776594161987305e-01 7.826836705207824707e-01 6.362960208207368851e-03 0.000000000000000000e+00
2.647239208221435547e+00 0.000000000000000000e+00 3.763087987899780273e-01 8.597116470336914062e+00 4.574706777930259705e-03 6.131583213806152344e+00 4.829435348510742188e+00 3.068870864808559418e-04 2.106742613250389695e-04 1.137530803680419922e-02 7.225245475769042969e+00
8.442306518554687500e-01 4.294434562325477600e-02 2.459836006164550781e+00 9.680472612380981445e-01 1.500165104866027832e+00 6.145852804183959961e-01 2.175019234418869019e-01 2.336054325103759766e+00 1.683117628097534180e+00 5.843548774719238281e+00 4.391116142272949219e+00
1.010366082191467285e+00 9.883520007133483887e-02 3.855951828882098198e-03 4.884102940559387207e-02 9.642066061496734619e-02 8.257667720317840576e-02 1.955001354217529297e-01 1.312930703163146973e+00 3.465691953897476196e-02 0.000000000000000000e+00 2.095380723476409912e-01
1.196426455862820148e-03 6.234862841665744781e-03 4.214018583297729492e-03 2.185810590162873268e-03 0.000000000000000000e+00 1.443738350644707680e-03 4.559526219964027405e-03 1.498717581853270531e-03 1.909798360429704189e-03 5.311040673404932022e-03 2.096255123615264893e-02
0.000000000000000000e+00 0.000000000000000000e+00 0.000000000000000000e+00 0.000000000000000000e+00 0.000000000000000000e+00 0.000000000000000000e+00 0.000000000000000000e+00 0.000000000000000000e+00 0.000000000000000000e+00 0.000000000000000000e+00 2.168404344971008868e-17
4.115444794297218323e-02 1.112671971321105957e+00 0.000000000000000000e+00 3.399960994720458984e-01 0.000000000000000000e+00 3.352096080780029297e-01 4.423944652080535889e-02 7.903547375462949276e-04 7.267101109027862549e-02 8.907838463783264160e-01 3.195849806070327759e-02
0.000000000000000000e+00 3.898672759532928467e-02 7.944744825363159180e-02 2.672715671360492706e-02 4.699018001556396484e+00 0.000000000000000000e+00 3.447427973151206970e-02 2.053763389587402344e+00 3.149578094482421875e+00 1.678310751914978027e+00 8.095310069620609283e-03
0.000000000000000000e+00 4.079007625579833984e+00 2.442904949188232422e+00 1.516080260276794434e+00 7.296277675777673721e-03 6.936466693878173828e-02 2.461826428771018982e-02 1.526617884635925293e+00 1.537231057882308960e-01 1.933014392852783203e-01 3.011644184589385986e-01
4.543668590486049652e-03 0.000000000000000000e+00 0.000000000000000000e+00 0.000000000000000000e+00 3.113891780376434326e-01 0.000000000000000000e+00 0.000000000000000000e+00 0.000000000000000000e+00 0.000000000000000000e+00 0.000000000000000000e+00 7.560844067484140396e-03
0.000000000000000000e+00 2.052609124802984297e-05 2.694769646041095257e-04 2.772485458990558982e-05 4.505205433815717697e-04 0.000000000000000000e+00 1.207540772156789899e-04 1.974823826458305120e-04 0.000000000000000000e+00 1.878513139672577381e-04 0.000000000000000000e+00
