0.000000000000000000e+00 0.000000000000000000e+00 0.000000000000000000e+00 0.000000000000000000e+00 0.000000000000000000e+00 0.000000000000000000e+00 1.064493600279092789e-02 2.478344365954399109e-03 0.000000000000000000e+00 0.000000000000000000e+00 0.000000000000000000e+00
6.331018637865781784e-03 0.000000000000000000e+00 0.000000000000000000e+00 7.584322243928909302e-03 0.000000000000000000e+00 0.000000000000000000e+00 1.909520942717790604e-03 0.000000000000000000e+00 0.000000000000000000e+00 0.000000000000000000e+00 0.000000000000000000e+00
0.000000000000000000e+00 1.040580682456493378e-02 1.414234167896211147e-03 0.000000000000000000e+00 0.000000000000000000e+00 7.130992133170366287e-03 0.000000000000000000e+00 3.379440167918801308e-03 3.486040746793150902e-03 4.406481457408517599e-05 0.000000000000000000e+00
1.136095728725194931e-02 0.000000000000000000e+00 0.000000000000000000e+00 1.502690371125936508e-03 1.829925808124244213e-03 0.000000000000000000e+00 0.000000000000000000e+00 6.875412538647651672e-03 0.000000000000000000e+00 1.078190165571868420e-03 0.000000000000000000e+00
9.222384505847003311e-06 3.412964724702760577e-05 1.061089060385711491e-04 1.086247648345306516e-04 0.000000000000000000e+00 2.339933598705101758e-05 5.970221536699682474e-05 0.000000000000000000e+00 5.510324263013899326e-05 9.989787940867245197e-05 4.949697176925837994e-04
0.000000000000000000e+00 0.000000000000000000e+00 0.000000000000000000e+00 0.000000000000000000e+00 0.000000000000000000e+00 0.000000000000000000e+00 0.000000000000000000e+00 0.000000000000000000e+00 0.000000000000000000e+00 0.000000000000000000e+00 0.000000000000000000e+00
2.882250351831316948e-03 5.872039590030908585e-03 0.000000000000000000e+00 2.769640414044260979e-03 0.000000000000000000e+00 0.000000000000000000e+00 5.801309016533195972e-04 6.048185750842094421e-04 0.000000000000000000e+00 5.809235386550426483e-03 5.904857069253921509e-03
0.000000000000000000e+00 6.562882103025913239e-03 0.000000000000000000e+00 0.000000000000000000e+00 0.000000000000000000e+00 0.000000000000000000e+00 0.000000000000000000e+00 2.727361163124442101e-03 5.339491763152182102e-04 0.000000000000000000e+00 1.188538517453707755e-04
0.000000000000000000e+00 2.982945879921317101e-03 0.000000000000000000e+00 7.622927427291870117e-03 0.000000000000000000e+00 0.000000000000000000e+00 0.000000000000000000e+00 1.471262774430215359e-03 0.000000000000000000e+00 5.156770348548889160e-03 3.936994820833206177e-03
7.798917125910520554e-03 3.468661103397607803e-03 1.392216794192790985e-02 3.891150990966707468e-04 3.224723786115646362e-02 0.000000000000000000e+00 0.000000000000000000e+00 0.000000000000000000e+00 1.663569128140807152e-03 0.000000000000000000e+00 1.338325999677181244e-02
0.000000000000000000e+00 8.478954214297118597e-07 3.673068931675516069e-06 0.000000000000000000e+00 5.737790615967242047e-06 0.000000000000000000e+00 1.072062786988681182e-06 2.254944092783262022e-06 0.000000000000000000e+00 2.324243496332201175e-06 0.000000000000000000e+00
