0.000000000000000000e+00 0.000000000000000000e+00 0.000000000000000000e+00 0.000000000000000000e+00 0.000000000000000000e+00 0.000000000000000000e+00 8.001815527677536011e-03 4.577210056595504284e-04 2.721833297982811928e-03 0.000000000000000000e+00 0.000000000000000000e+00
7.116684690117835999e-03 0.000000000000000000e+00 1.565937697887420654e-02 2.549083204939961433e-03 0.000000000000000000e+00 0.000000000000000000e+00 0.000000000000000000e+00 0.000000000000000000e+00 9.252497693523764610e-04 2.795757609419524670e-04 0.000000000000000000e+00
0.000000000000000000e+00 7.194094359874725342e-03 0.000000000000000000e+00 0.000000000000000000e+00 0.000000000000000000e+00 5.305971018970012665e-03 4.658498335629701614e-03 0.000000000000000000e+00 2.056817756965756416e-03 2.001896500587463379e-03 0.000000000000000000e+00
0.000000000000000000e+00 0.000000000000000000e+00 0.000000000000000000e+00 6.907875183969736099e-03 1.153382472693920135e-02 6.395176053047180176e-03 0.000000000000000000e+00 1.052363030612468719e-02 0.000000000000000000e+00 0.000000000000000000e+00 0.000000000000000000e+00
8.413456816924735904e-05 2.697918098419904709e-04 7.722590817138552666e-05 1.916675246320664883e-04 0.000000000000000000e+00 2.415519265923649073e-04 2.063431020360440016e-04 0.000000000000000000e+00 0.000000000000000000e+00 6.188991392264142632e-05 6.736649083904922009e-04
0.000000000000000000e+00 0.000000000000000000e+00 0.000000000000000000e+00 0.000000000000000000e+00 0.000000000000000000e+00 0.000000000000000000e+00 0.000000000000000000e+00 0.000000000000000000e+00 0.000000000000000000e+00 0.000000000000000000e+00 0.000000000000000000e+00
1.056545134633779526e-02 5.428089760243892670e-03 0.000000000000000000e+00 4.317887593060731888e-03 0.000000000000000000e+00 9.879051707684993744e-03 5.039638374000787735e-03 0.000000000000000000e+00 6.730240304023027420e-03 1.027039624750614166e-02 1.624820008873939514e-02
0.000000000000000000e+00 2.981405938044190407e-03 0.000000000000000000e+00 0.000000000000000000e+00 0.000000000000000000e+00 0.000000000000000000e+00 1.760485349223017693e-03 6.769089377485215664e-04 1.086135301738977432e-02 0.000000000000000000e+00 0.000000000000000000e+00
0.000000000000000000e+00 5.099794361740350723e-03 0.000000000000000000e+00 0.000000000000000000e+00 2.007594332098960876e-03 0.000000000000000000e+00 6.106229033321142197e-03 0.000000000000000000e+00 2.256334992125630379e-03 4.678716417402029037e-03 5.093962885439395905e-03
2.501440234482288361e-03 4.649313341360539198e-04 7.868777960538864136e-03 0.000000000000000000e+00 3.865853697061538696e-02 2.204293152317404747e-03 0.000000000000000000e+00 0.000000000000000000e+00 5.866574589163064957e-03 0.000000000000000000e+00 5.780470091849565506e-03
0.000000000000000000e+00 0.000000000000000000e+00 5.427769792731851339e-06 0.000000000000000000e+00 1.161852560471743345e-05 0.000000000000000000e+00 5.577287083724513650e-06 4.270177214493742213e-06 1.705844738353334833e-06 3.509501993903541006e-06 0.000000000000000000e+00
