0.000000000000000000e+00 0.000000000000000000e+00 4.644224420189857483e-03 0.000000000000000000e+00 0.000000000000000000e+00 0.000000000000000000e+00 3.218272002413868904e-03 0.000000000000000000e+00 0.000000000000000000e+00 0.000000000000000000e+00 0.000000000000000000e+00
9.353649802505970001e-03 0.000000000000000000e+00 7.692534476518630981e-03 9.229182265698909760e-03 0.000000000000000000e+00 2.382352016866207123e-03 2.030295087024569511e-03 0.000000000000000000e+00 0.000000000000000000e+00 0.000000000000000000e+00 2.113249851390719414e-03
0.000000000000000000e+00 8.168036118149757385e-03 0.000000000000000000e+00 7.930325344204902649e-03 1.336307264864444733e-03 0.000000000000000000e+00 0.000000000000000000e+00 0.000000000000000000e+00 0.000000000000000000e+00 6.926163565367460251e-03 1.120530185289680958e-03
0.000000000000000000e+00 0.000000000000000000e+00 0.000000000000000000e+00 0.000000000000000000e+00 0.000000000000000000e+00 3.466516733169555664e-03 4.695159383118152618e-03 1.493517309427261353e-02 0.000000000000000000e+00 0.000000000000000000e+00 0.000000000000000000e+00
0.000000000000000000e+00 1.503053936176002026e-04 9.737615619087591767e-05 5.694290666724555194e-05 0.000000000000000000e+00 9.146582306129857898e-05 6.115840369602665305e-05 5.721567504224367440e-05 6.702595419483259320e-05 2.452948829159140587e-04 3.428545896895229816e-04
0.000000000000000000e+00 0.000000000000000000e+00 0.000000000000000000e+00 0.000000000000000000e+00 0.000000000000000000e+00 0.000000000000000000e+00 0.000000000000000000e+00 0.000000000000000000e+00 0.000000000000000000e+00 0.000000000000000000e+00 0.000000000000000000e+00
7.369223516434431076e-03 2.454408677294850349e-03 6.733598420396447182e-04 0.000000000000000000e+00 0.000000000000000000e+00 4.286528273951262236e-04 0.000000000000000000e+00 0.000000000000000000e+00 8.131917566061019897e-03 0.000000000000000000e+00 0.000000000000000000e+00
0.000000000000000000e+00 8.646529167890548706e-03 0.000000000000000000e+00 1.017968053929507732e-03 8.797349437372758985e-05 0.000000000000000000e+00 2.704364014789462090e-03 2.085728803649544716e-03 1.761728781275451183e-03 0.000000000000000000e+00 3.121074289083480835e-03
1.471474766731262207e-03 1.970829209312796593e-03 8.727459236979484558e-03 0.000000000000000000e+00 0.000000000000000000e+00 1.746037974953651428e-03 6.735993549227714539e-03 0.000000000000000000e+00 0.000000000000000000e+00 0.000000000000000000e+00 6.069000810384750366e-03
6.190494634211063385e-03 2.931027207523584366e-03 4.812437109649181366e-03 0.000000000000000000e+00 2.303864993155002594e-02 2.721560187637805939e-03 0.000000000000000000e+00 4.959577228873968124e-03 0.000000000000000000e+00 0.000000000000000000e+00 6.072397809475660324e-03
0.000000000000000000e+00 0.000000000000000000e+00 2.536726924518006854e-06 7.582403895867173560e-07 4.697526037489296868e-06 0.000000000000000000e+00 0.000000000000000000e+00 3.132379561066045426e-06 0.000000000000000000e+00 3.858155650959815830e-06 0.000000000000000000e+00
