0.000000000000000000e+00 0.000000000000000000e+00 2.568677533417940140e-03 0.000000000000000000e+00 0.000000000000000000e+00 0.000000000000000000e+00 7.657637353986501694e-03 0.000000000000000000e+00 0.000000000000000000e+00 0.000000000000000000e+00 0.000000000000000000e+00
3.072783118113875389e-03 0.000000000000000000e+00 8.094775839708745480e-04 0.000000000000000000e+00 1.247909851372241974e-02 0.000000000000000000e+00 1.222338411025702953e-03 1.165018882602453232e-03 0.000000000000000000e+00 0.000000000000000000e+00 3.644241660367697477e-04
0.000000000000000000e+00 4.421245772391557693e-03 0.000000000000000000e+00 1.034016534686088562e-02 0.000000000000000000e+00 0.000000000000000000e+00 6.224850192666053772e-03 0.000000000000000000e+00 0.000000000000000000e+00 3.007740480825304985e-03 2.420748816803097725e-03
8.565314114093780518e-03 3.048755694180727005e-03 2.564287278801202774e-03 0.000000000000000000e+00 1.735193363856524229e-04 2.331168157979846001e-03 0.000000000000000000e+00 1.331862527877092361e-02 1.153377164155244827e-02 0.000000000000000000e+00 0.000000000000000000e+00
3.872292381856823340e-06 5.016685099690221250e-05 2.882946864701807499e-04 4.133652837481349707e-04 0.000000000000000000e+00 1.322969619650393724e-04 3.148071700707077980e-04 1.116640487452968955e-04 3.254119947087019682e-04 3.434310783632099628e-04 7.343469187617301941e-04
0.000000000000000000e+00 0.000000000000000000e+00 0.000000000000000000e+00 0.000000000000000000e+00 0.000000000000000000e+00 0.000000000000000000e+00 0.000000000000000000e+00 0.000000000000000000e+00 0.000000000000000000e+00 0.000000000000000000e+00 0.000000000000000000e+00
0.000000000000000000e+00 3.682797076180577278e-03 0.000000000000000000e+00 0.000000000000000000e+00 0.000000000000000000e+00 3.851593472063541412e-03 0.000000000000000000e+00 2.229261212050914764e-03 1.562451245263218880e-03 6.485070101916790009e-03 1.057482976466417313e-02
0.000000000000000000e+00 7.530292496085166931e-03 0.000000000000000000e+00 0.000000000000000000e+00 1.484968466684222221e-03 0.000000000000000000e+00 0.000000000000000000e+00 3.601074684411287308e-03 0.000000000000000000e+00 0.000000000000000000e+00 0.000000000000000000e+00
4.249481484293937683e-03 0.000000000000000000e+00 0.000000000000000000e+00 0.000000000000000000e+00 0.000000000000000000e+00 0.000000000000000000e+00 0.000000000000000000e+00 4.894030746072530746e-03 4.259204957634210587e-03 0.000000000000000000e+00 6.616014055907726288e-03
7.554126903414726257e-03 7.478221319615840912e-03 1.125853601843118668e-02 1.065113348886370659e-03 2.889563515782356262e-02 9.014239767566323280e-04 0.000000000000000000e+00 0.000000000000000000e+00 6.824337877333164215e-03 0.000000000000000000e+00 7.514763157814741135e-03
0.000000000000000000e+00 9.933578439813572913e-07 3.725948090504971333e-06 5.733308626076905057e-06 8.949260518420487642e-06 0.000000000000000000e+00 5.326106474967673421e-06 8.793416782282292843e-06 0.000000000000000000e+00 5.663506726705236360e-06 0.000000000000000000e+00
