0.000000000000000000e+00 1.214198242187500000e+04 2.968731994628906250e+02 0.000000000000000000e+00 0.000000000000000000e+00 0.000000000000000000e+00 6.460455078125000000e+03 5.693907226562500000e+03 1.513837280273437500e+02 9.437686157226562500e+01 0.000000000000000000e+00
2.780327734375000000e+04 0.000000000000000000e+00 2.803312011718750000e+03 6.807445312500000000e+03 1.154982089996337891e+01 2.453157031250000000e+04 2.305682421875000000e+04 3.240152832031250000e+03 1.691237304687500000e+04 3.037300147116184235e-02 1.640858154296875000e+02
1.122144012451171875e+02 1.017897796630859375e+02 1.699421554803848267e-01 1.067082366943359375e+02 1.130267480468750000e+04 6.837830566406250000e+03 1.766494335937500000e+04 7.410175323486328125e+01 1.248272857666015625e+02 7.491671752929687500e+01 5.471611022949218750e+01
2.931141845703125000e+03 1.959132701158523560e-01 0.000000000000000000e+00 6.398426757812500000e+03 3.648901367187500000e+02 2.078306274414062500e+02 1.012947631835937500e+03 7.749685546875000000e+03 2.856759452819824219e+01 3.885920410156250000e+03 3.097924804687500000e+03
1.328001403808593750e+01 1.349240303039550781e+01 4.132317066192626953e+00 6.303458690643310547e+00 1.589808562130201608e-05 5.821345329284667969e+00 5.520247459411621094e+00 2.387168645858764648e+00 4.901060104370117188e+00 1.311930179595947266e+01 3.522459411621093750e+01
0.000000000000000000e+00 0.000000000000000000e+00 0.000000000000000000e+00 0.000000000000000000e+00 0.000000000000000000e+00 0.000000000000000000e+00 0.000000000000000000e+00 0.000000000000000000e+00 0.000000000000000000e+00 0.000000000000000000e+00 0.000000000000000000e+00
8.941770507812500000e+03 3.042602050781250000e+03 4.557858276367187500e+01 5.707871093750000000e+03 9.985537528991699219e-01 8.598420143127441406e+00 1.844176330566406250e+02 0.000000000000000000e+00 7.316567993164062500e+01 4.114776611328125000e+02 3.384569824218750000e+03
2.845262060873210430e-04 4.588239257812500000e+03 1.439129882812500000e+04 2.654108886718750000e+03 8.198878906250000000e+03 5.906573242187500000e+03 1.545888061523437500e+03 2.760046691894531250e+02 1.936206207275390625e+02 9.327161865234375000e+02 8.071970214843750000e+03
0.000000000000000000e+00 2.455974121093750000e+03 1.328632446289062500e+03 7.158011474609375000e+02 5.546194839477539062e+01 8.134913330078125000e+02 5.514597167968750000e+02 1.062939147949218750e+02 2.933474922180175781e+01 1.798602539062500000e+03 9.554353332519531250e+01
0.000000000000000000e+00 0.000000000000000000e+00 0.000000000000000000e+00 0.000000000000000000e+00 2.401755523681640625e+01 0.000000000000000000e+00 0.000000000000000000e+00 0.000000000000000000e+00 0.000000000000000000e+00 0.000000000000000000e+00 0.000000000000000000e+00
0.000000000000000000e+00 1.931306615006178617e-04 1.497955322265625000e-01 7.814801210770383477e-05 2.861765921115875244e-01 0.000000000000000000e+00 2.030885312706232071e-03 3.617923334240913391e-02 0.000000000000000000e+00 5.303357541561126709e-02 5.518190904219011372e-10
