0.000000000000000000e+00 0.000000000000000000e+00 2.334550954401493073e-03 0.000000000000000000e+00 0.000000000000000000e+00 0.000000000000000000e+00 1.715797814540565014e-03 2.304044552147388458e-03 3.780257422477006912e-03 0.000000000000000000e+00 0.000000000000000000e+00
1.188235357403755188e-02 0.000000000000000000e+00 3.324700519442558289e-03 3.034748835489153862e-03 0.000000000000000000e+00 0.000000000000000000e+00 3.400170244276523590e-03 7.229922339320182800e-04 0.000000000000000000e+00 0.000000000000000000e+00 8.586201001890003681e-04
7.964443415403366089e-03 4.052267875522375107e-03 0.000000000000000000e+00 1.378331915475428104e-03 1.185284741222858429e-02 3.855577902868390083e-03 7.039753720164299011e-03 0.000000000000000000e+00 6.661639548838138580e-03 1.208643335849046707e-02 0.000000000000000000e+00
1.348338183015584946e-02 0.000000000000000000e+00 0.000000000000000000e+00 0.000000000000000000e+00 0.000000000000000000e+00 0.000000000000000000e+00 0.000000000000000000e+00 5.833210889250040054e-03 6.700554862618446350e-03 4.696262069046497345e-03 0.000000000000000000e+00
0.000000000000000000e+00 9.716095519252121449e-06 1.906728139147162437e-04 0.000000000000000000e+00 0.000000000000000000e+00 1.999308733502402902e-05 0.000000000000000000e+00 0.000000000000000000e+00 5.170644362806342542e-05 1.266210892936214805e-04 3.861516597680747509e-04
0.000000000000000000e+00 0.000000000000000000e+00 0.000000000000000000e+00 0.000000000000000000e+00 0.000000000000000000e+00 1.317905262112617493e-03 0.000000000000000000e+00 0.000000000000000000e+00 0.000000000000000000e+00 0.000000000000000000e+00 0.000000000000000000e+00
5.108136218041181564e-03 3.557117597665637732e-04 0.000000000000000000e+00 0.000000000000000000e+00 0.000000000000000000e+00 0.000000000000000000e+00 0.000000000000000000e+00 0.000000000000000000e+00 0.000000000000000000e+00 0.000000000000000000e+00 0.000000000000000000e+00
0.000000000000000000e+00 0.000000000000000000e+00 0.000000000000000000e+00 0.000000000000000000e+00 5.081844516098499298e-03 0.000000000000000000e+00 0.000000000000000000e+00 8.543898351490497589e-03 2.923969412222504616e-03 0.000000000000000000e+00 0.000000000000000000e+00
0.000000000000000000e+00 1.243823207914829254e-04 5.273526534438133240e-03 0.000000000000000000e+00 0.000000000000000000e+00 0.000000000000000000e+00 0.000000000000000000e+00 0.000000000000000000e+00 1.371726044453680515e-03 3.546043997630476952e-03 5.404546391218900681e-03
3.223423613235354424e-03 5.954303313046693802e-03 1.348682586103677750e-02 0.000000000000000000e+00 3.445101529359817505e-02 3.577691968530416489e-03 0.000000000000000000e+00 7.810939569026231766e-04 1.272554229944944382e-02 0.000000000000000000e+00 1.411412842571735382e-02
0.000000000000000000e+00 0.000000000000000000e+00 2.345733491893042810e-06 1.749845864651433658e-06 6.563027909578522667e-06 0.000000000000000000e+00 7.858859589759958908e-07 2.117309577442938462e-06 0.000000000000000000e+00 3.383170223969500512e-06 0.000000000000000000e+00
