0.000000000000000000e+00 5.498894955962896347e-03 0.000000000000000000e+00 0.000000000000000000e+00 0.000000000000000000e+00 0.000000000000000000e+00 0.000000000000000000e+00 0.000000000000000000e+00 1.414970727637410164e-03 0.000000000000000000e+00 0.000000000000000000e+00
1.183329336345195770e-02 0.000000000000000000e+00 0.000000000000000000e+00 0.000000000000000000e+00 0.000000000000000000e+00 0.000000000000000000e+00 1.262935460545122623e-03 0.000000000000000000e+00 0.000000000000000000e+00 0.000000000000000000e+00 0.000000000000000000e+00
0.000000000000000000e+00 0.000000000000000000e+00 0.000000000000000000e+00 5.551780574023723602e-03 0.000000000000000000e+00 1.173249073326587677e-02 1.105701457709074020e-02 0.000000000000000000e+00 0.000000000000000000e+00 0.000000000000000000e+00 1.436543534509837627e-04
1.202326547354459763e-02 0.000000000000000000e+00 0.000000000000000000e+00 0.000000000000000000e+00 3.594303969293832779e-03 0.000000000000000000e+00 0.000000000000000000e+00 1.381432730704545975e-02 7.397455163300037384e-03 5.346001707948744297e-04 0.000000000000000000e+00
9.137435699813067913e-05 2.288869582116603851e-04 3.458705614320933819e-04 3.280752862337976694e-04 0.000000000000000000e+00 2.007920556934550405e-04 1.663604780333116651e-04 3.342487907502800226e-04 3.214039315935224295e-04 3.544714127201586962e-04 9.230082505382597446e-04
0.000000000000000000e+00 0.000000000000000000e+00 0.000000000000000000e+00 0.000000000000000000e+00 0.000000000000000000e+00 2.469997853040695190e-04 0.000000000000000000e+00 0.000000000000000000e+00 0.000000000000000000e+00 0.000000000000000000e+00 0.000000000000000000e+00
1.420482806861400604e-02 7.356108399108052254e-04 0.000000000000000000e+00 0.000000000000000000e+00 0.000000000000000000e+00 1.476437901146709919e-03 0.000000000000000000e+00 0.000000000000000000e+00 4.518541507422924042e-03 1.054402254521846771e-02 0.000000000000000000e+00
0.000000000000000000e+00 0.000000000000000000e+00 8.065562695264816284e-03 0.000000000000000000e+00 2.125794300809502602e-03 0.000000000000000000e+00 0.000000000000000000e+00 1.070427009835839272e-03 1.298188231885433197e-03 0.000000000000000000e+00 0.000000000000000000e+00
0.000000000000000000e+00 7.232338190078735352e-03 8.688666857779026031e-03 0.000000000000000000e+00 0.000000000000000000e+00 0.000000000000000000e+00 1.662517170188948512e-04 0.000000000000000000e+00 0.000000000000000000e+00 0.000000000000000000e+00 9.603242389857769012e-03
5.637983325868844986e-03 5.278655793517827988e-03 1.769492775201797485e-02 0.000000000000000000e+00 4.068588465452194214e-02 1.323893433436751366e-03 1.620423747226595879e-03 0.000000000000000000e+00 7.936052046716213226e-03 0.000000000000000000e+00 9.862334467470645905e-03
0.000000000000000000e+00 0.000000000000000000e+00 5.915596830163849518e-06 2.276114628330105916e-06 1.218303987116087228e-05 0.000000000000000000e+00 8.550806342100258917e-06 6.489371571660740301e-06 0.000000000000000000e+00 5.008846073906170204e-06 0.000000000000000000e+00
