0.000000000000000000e+00 9.243954991688951850e-05 2.047975314781069756e-03 0.000000000000000000e+00 0.000000000000000000e+00 0.000000000000000000e+00 5.505907465703785419e-04 0.000000000000000000e+00 1.219969592057168484e-03 0.000000000000000000e+00 0.000000000000000000e+00
2.003509784117341042e-03 0.000000000000000000e+00 2.134714741259813309e-03 0.000000000000000000e+00 0.000000000000000000e+00 0.000000000000000000e+00 0.000000000000000000e+00 0.000000000000000000e+00 0.000000000000000000e+00 0.000000000000000000e+00 0.000000000000000000e+00
0.000000000000000000e+00 1.376538653858006001e-03 6.809668848291039467e-04 1.260329969227313995e-03 1.052528154104948044e-03 2.087393542751669884e-03 5.994616076350212097e-04 0.000000000000000000e+00 0.000000000000000000e+00 1.721544773317873478e-03 2.667747612576931715e-04
2.726965816691517830e-03 0.000000000000000000e+00 3.006156766787171364e-04 0.000000000000000000e+00 2.659717341884970665e-03 0.000000000000000000e+00 4.174812056589871645e-04 1.447534887120127678e-03 0.000000000000000000e+00 4.029888659715652466e-04 0.000000000000000000e+00
5.546078318729996681e-05 2.110302157234400511e-04 9.674340253695845604e-05 1.290321233682334423e-04 0.000000000000000000e+00 1.659832196310162544e-04 1.296463451581075788e-04 1.011800486594438553e-04 1.381284382659941912e-04 2.432910259813070297e-04 3.595321904867887497e-04
0.000000000000000000e+00 2.829046024999115616e-05 1.418852480128407478e-03 1.081130467355251312e-03 0.000000000000000000e+00 6.507171783596277237e-03 0.000000000000000000e+00 2.674263960216194391e-04 0.000000000000000000e+00 1.832372858189046383e-03 8.660634979605674744e-03
2.230979967862367630e-03 0.000000000000000000e+00 0.000000000000000000e+00 1.364099007332697511e-04 0.000000000000000000e+00 1.479066791944205761e-03 6.318555097095668316e-04 2.349429298192262650e-03 5.432199686765670776e-04 3.866457336698658764e-05 2.723547186178620905e-05
0.000000000000000000e+00 2.225149190053343773e-03 7.111334707587957382e-04 0.000000000000000000e+00 0.000000000000000000e+00 1.237221527844667435e-03 1.447565009584650397e-04 0.000000000000000000e+00 1.636110937397461385e-05 0.000000000000000000e+00 0.000000000000000000e+00
4.303761816117912531e-04 2.217151224613189697e-03 1.124802627600729465e-03 0.000000000000000000e+00 0.000000000000000000e+00 1.172780641354620457e-03 3.532771952450275421e-03 0.000000000000000000e+00 0.000000000000000000e+00 0.000000000000000000e+00 0.000000000000000000e+00
9.470880031585693359e-04 1.427256618626415730e-03 2.228548284620046616e-03 0.000000000000000000e+00 6.278608925640583038e-03 1.177694066427648067e-03 8.819657959975302219e-04 0.000000000000000000e+00 8.678663289174437523e-04 0.000000000000000000e+00 5.331066786311566830e-04
0.000000000000000000e+00 0.000000000000000000e+00 5.379003141570137814e-06 3.271766445323009975e-06 1.060260819940594956e-05 0.000000000000000000e+00 2.422320221739937551e-06 5.120019068272085860e-06 0.000000000000000000e+00 2.330231836822349578e-06 1.478143531130626798e-06
