0.000000000000000000e+00 0.000000000000000000e+00 1.369507331401109695e-02 0.000000000000000000e+00 0.000000000000000000e+00 0.000000000000000000e+00 0.000000000000000000e+00 8.914864622056484222e-03 0.000000000000000000e+00 0.000000000000000000e+00 0.000000000000000000e+00
1.129546016454696655e-02 0.000000000000000000e+00 3.039412433281540871e-03 4.615379497408866882e-03 0.000000000000000000e+00 0.000000000000000000e+00 1.042791735380887985e-02 0.000000000000000000e+00 0.000000000000000000e+00 0.000000000000000000e+00 0.000000000000000000e+00
8.951112627983093262e-03 1.161530334502458572e-02 1.260016206651926041e-02 0.000000000000000000e+00 5.616551265120506287e-03 2.226501004770398140e-03 0.000000000000000000e+00 0.000000000000000000e+00 6.178743671625852585e-03 1.722686551511287689e-02 8.466443978250026703e-03
8.449872024357318878e-03 0.000000000000000000e+00 0.000000000000000000e+00 0.000000000000000000e+00 6.996353622525930405e-03 0.000000000000000000e+00 0.000000000000000000e+00 8.963810279965400696e-03 5.271739326417446136e-03 0.000000000000000000e+00 0.000000000000000000e+00
8.656524005346000195e-05 2.347918489249423146e-04 1.401195040671154857e-04 3.017370472662150860e-04 0.000000000000000000e+00 2.539094712119549513e-04 1.716448168735951185e-04 1.413977734046056867e-04 2.072372153634205461e-04 3.482779429759830236e-04 7.253323565237224102e-04
0.000000000000000000e+00 0.000000000000000000e+00 0.000000000000000000e+00 0.000000000000000000e+00 0.000000000000000000e+00 2.573665231466293335e-03 0.000000000000000000e+00 0.000000000000000000e+00 0.000000000000000000e+00 0.000000000000000000e+00 0.000000000000000000e+00
1.500845048576593399e-02 0.000000000000000000e+00 1.263101468794047832e-03 0.000000000000000000e+00 0.000000000000000000e+00 3.302487544715404510e-03 3.677487373352050781e-03 8.920479565858840942e-03 1.363850105553865433e-02 1.260004239156842232e-03 0.000000000000000000e+00
0.000000000000000000e+00 4.451529588550329208e-03 3.396990010514855385e-03 0.000000000000000000e+00 2.342568943277001381e-03 0.000000000000000000e+00 2.864290494471788406e-03 0.000000000000000000e+00 3.590823616832494736e-03 0.000000000000000000e+00 1.793906791135668755e-03
0.000000000000000000e+00 3.204531967639923096e-04 0.000000000000000000e+00 0.000000000000000000e+00 0.000000000000000000e+00 0.000000000000000000e+00 6.866799667477607727e-03 5.288839340209960938e-03 0.000000000000000000e+00 3.287967410869896412e-04 8.136534132063388824e-03
1.233470253646373749e-02 9.400334209203720093e-03 3.457984188571572304e-03 0.000000000000000000e+00 3.500398993492126465e-02 9.280588477849960327e-03 8.235647692345082760e-05 0.000000000000000000e+00 7.224861066788434982e-03 0.000000000000000000e+00 1.004097238183021545e-02
0.000000000000000000e+00 6.043615599082841072e-07 5.015917395212454721e-06 9.885376357487984933e-07 9.083041732083074749e-06 0.000000000000000000e+00 2.256226252939086407e-06 5.065976893092738464e-06 0.000000000000000000e+00 5.535974651138531044e-06 0.000000000000000000e+00
