0.000000000000000000e+00 4.241541028022766113e-03 5.390334408730268478e-03 0.000000000000000000e+00 0.000000000000000000e+00 0.000000000000000000e+00 6.721519678831100464e-02 9.810374677181243896e-02 1.033577695488929749e-02 0.000000000000000000e+00 0.000000000000000000e+00
5.434845108538866043e-03 0.000000000000000000e+00 7.496542483568191528e-02 7.033185567706823349e-03 0.000000000000000000e+00 0.000000000000000000e+00 7.141845300793647766e-03 3.551607206463813782e-02 3.295563859865069389e-03 4.146347288042306900e-03 0.000000000000000000e+00
0.000000000000000000e+00 6.672963500022888184e-02 0.000000000000000000e+00 7.197419763542711735e-04 4.987589549273252487e-03 3.563829511404037476e-02 2.987550338730216026e-03 0.000000000000000000e+00 5.743560846894979477e-03 2.433086000382900238e-02 0.000000000000000000e+00
1.757755316793918610e-02 5.288731772452592850e-04 0.000000000000000000e+00 0.000000000000000000e+00 2.376755233854055405e-03 0.000000000000000000e+00 3.904451802372932434e-02 5.912181735038757324e-02 0.000000000000000000e+00 3.566024126484990120e-03 2.347304299473762512e-02
8.673279808135703206e-06 4.331619711592793465e-04 1.574803609400987625e-04 1.492145202064421028e-05 0.000000000000000000e+00 9.761992259882390499e-05 1.106864656321704388e-04 5.516594392247498035e-04 5.673358682543039322e-04 5.302104400470852852e-04 1.393157290294766426e-03
0.000000000000000000e+00 0.000000000000000000e+00 0.000000000000000000e+00 0.000000000000000000e+00 0.000000000000000000e+00 1.547081023454666138e-02 0.000000000000000000e+00 0.000000000000000000e+00 0.000000000000000000e+00 0.000000000000000000e+00 5.696399239241145551e-05
7.052158564329147339e-02 4.606195259839296341e-03 2.668847562745213509e-03 2.547234483063220978e-02 5.377022176980972290e-02 0.000000000000000000e+00 0.000000000000000000e+00 3.687359858304262161e-03 5.155256018042564392e-03 1.498987060040235519e-02 1.091912761330604553e-02
0.000000000000000000e+00 5.132530629634857178e-02 0.000000000000000000e+00 0.000000000000000000e+00 4.002979956567287445e-03 0.000000000000000000e+00 2.985139843076467514e-03 0.000000000000000000e+00 4.409766942262649536e-02 3.244456602260470390e-04 1.124516711570322514e-03
0.000000000000000000e+00 8.913981914520263672e-01 1.120491504669189453e+00 8.233199119567871094e-01 7.124482989311218262e-01 1.145410656929016113e+00 3.389684017747640610e-03 6.348875164985656738e-01 5.556763410568237305e-01 0.000000000000000000e+00 9.213196635246276855e-01
3.717576852068305016e-03 0.000000000000000000e+00 1.470797415822744370e-02 0.000000000000000000e+00 1.288101971149444580e-01 6.725220009684562683e-03 0.000000000000000000e+00 1.402280642651021481e-03 2.189477439969778061e-03 4.015015438199043274e-03 2.236473932862281799e-02
0.000000000000000000e+00 0.000000000000000000e+00 2.335448880330659449e-05 1.027068492476246320e-06 5.122585571371018887e-05 0.000000000000000000e+00 0.000000000000000000e+00 1.166835318144876510e-05 1.574375971813424258e-07 2.052051968348678201e-05 0.000000000000000000e+00
