0.000000000000000000e+00 0.000000000000000000e+00 1.020427979528903961e-02 0.000000000000000000e+00 0.000000000000000000e+00 0.000000000000000000e+00 7.133162580430507660e-03 0.000000000000000000e+00 2.273520454764366150e-03 0.000000000000000000e+00 0.000000000000000000e+00
1.106419414281845093e-02 0.000000000000000000e+00 4.200104624032974243e-03 0.000000000000000000e+00 0.000000000000000000e+00 0.000000000000000000e+00 0.000000000000000000e+00 0.000000000000000000e+00 0.000000000000000000e+00 3.268370346631854773e-04 0.000000000000000000e+00
0.000000000000000000e+00 1.647774828597903252e-03 0.000000000000000000e+00 3.682208247482776642e-03 0.000000000000000000e+00 0.000000000000000000e+00 4.570641089230775833e-03 0.000000000000000000e+00 0.000000000000000000e+00 0.000000000000000000e+00 0.000000000000000000e+00
7.303500082343816757e-03 0.000000000000000000e+00 2.258578315377235413e-03 7.524727261625230312e-04 5.679653491824865341e-03 0.000000000000000000e+00 4.346053581684827805e-03 1.342727430164813995e-02 5.697626154869794846e-03 0.000000000000000000e+00 0.000000000000000000e+00
0.000000000000000000e+00 2.071794151561334729e-04 8.407628774875774980e-05 2.605282061267644167e-04 0.000000000000000000e+00 2.615542907733470201e-04 3.324376302771270275e-04 6.144904909888282418e-05 2.196284331148490310e-04 3.064199700020253658e-04 4.505596589297056198e-04
0.000000000000000000e+00 2.332095056772232056e-03 6.572359125129878521e-04 0.000000000000000000e+00 0.000000000000000000e+00 2.507591620087623596e-02 2.995972987264394760e-03 2.137014176696538925e-03 0.000000000000000000e+00 5.871628876775503159e-03 3.609945997595787048e-02
6.660477258265018463e-03 6.867342628538608551e-03 0.000000000000000000e+00 2.068545203655958176e-03 0.000000000000000000e+00 9.501869790256023407e-03 0.000000000000000000e+00 0.000000000000000000e+00 1.505943015217781067e-03 7.063222117722034454e-03 1.328782271593809128e-02
0.000000000000000000e+00 4.541040689218789339e-04 0.000000000000000000e+00 1.347664161585271358e-03 1.738044433295726776e-03 0.000000000000000000e+00 0.000000000000000000e+00 0.000000000000000000e+00 3.193696727976202965e-03 0.000000000000000000e+00 0.000000000000000000e+00
9.723875555209815502e-04 0.000000000000000000e+00 3.013556590303778648e-03 2.222528419224545360e-04 0.000000000000000000e+00 2.369226189330220222e-03 1.010281220078468323e-02 0.000000000000000000e+00 0.000000000000000000e+00 0.000000000000000000e+00 6.069036666303873062e-03
0.000000000000000000e+00 0.000000000000000000e+00 2.989986911416053772e-03 0.000000000000000000e+00 1.074677892029285431e-02 0.000000000000000000e+00 0.000000000000000000e+00 0.000000000000000000e+00 0.000000000000000000e+00 0.000000000000000000e+00 3.180555533617734909e-03
0.000000000000000000e+00 0.000000000000000000e+00 4.010016709798946977e-06 1.918435600600787438e-06 6.829884569015121087e-06 0.000000000000000000e+00 0.000000000000000000e+00 2.468208549544215202e-06 0.000000000000000000e+00 4.077064659213647246e-06 0.000000000000000000e+00
