0.000000000000000000e+00 0.000000000000000000e+00 0.000000000000000000e+00 0.000000000000000000e+00 0.000000000000000000e+00 0.000000000000000000e+00 0.000000000000000000e+00 0.000000000000000000e+00 2.360943937674164772e-03 0.000000000000000000e+00 0.000000000000000000e+00
7.194634061306715012e-03 0.000000000000000000e+00 3.255305346101522446e-03 1.169409696012735367e-02 1.430118223652243614e-03 2.989125438034534454e-03 0.000000000000000000e+00 0.000000000000000000e+00 0.000000000000000000e+00 0.000000000000000000e+00 7.309766486287117004e-03
0.000000000000000000e+00 5.708897486329078674e-03 3.910763654857873917e-03 0.000000000000000000e+00 0.000000000000000000e+00 1.102883554995059967e-02 7.833107374608516693e-03 0.000000000000000000e+00 5.899266805499792099e-03 4.301012493669986725e-03 7.060901225486304611e-06
6.902196444571018219e-03 0.000000000000000000e+00 0.000000000000000000e+00 0.000000000000000000e+00 7.101241964846849442e-03 6.562975700944662094e-03 9.880412369966506958e-03 1.529751066118478775e-02 0.000000000000000000e+00 5.182450637221336365e-03 0.000000000000000000e+00
1.808318920666351914e-04 3.304604906588792801e-04 2.930724876932799816e-04 2.554160309955477715e-04 0.000000000000000000e+00 1.091178201022557914e-04 2.553905942477285862e-04 1.768557121977210045e-04 1.197733581648208201e-04 3.792621719185262918e-04 1.034962595440447330e-03
0.000000000000000000e+00 0.000000000000000000e+00 0.000000000000000000e+00 0.000000000000000000e+00 0.000000000000000000e+00 0.000000000000000000e+00 0.000000000000000000e+00 0.000000000000000000e+00 0.000000000000000000e+00 0.000000000000000000e+00 8.673617379884035472e-19
0.000000000000000000e+00 5.905264988541603088e-03 0.000000000000000000e+00 0.000000000000000000e+00 0.000000000000000000e+00 0.000000000000000000e+00 1.598422788083553314e-02 1.428789924830198288e-03 8.631210774183273315e-03 5.488985683768987656e-03 3.588952822610735893e-03
0.000000000000000000e+00 2.694828668609261513e-03 0.000000000000000000e+00 0.000000000000000000e+00 0.000000000000000000e+00 0.000000000000000000e+00 0.000000000000000000e+00 1.147025264799594879e-03 1.047124713659286499e-02 0.000000000000000000e+00 0.000000000000000000e+00
0.000000000000000000e+00 1.503452192991971970e-02 0.000000000000000000e+00 1.071908324956893921e-02 0.000000000000000000e+00 4.194920416921377182e-03 0.000000000000000000e+00 0.000000000000000000e+00 0.000000000000000000e+00 2.451386535540223122e-03 6.850430276244878769e-03
8.312300778925418854e-03 0.000000000000000000e+00 1.139085367321968079e-02 0.000000000000000000e+00 5.278066545724868774e-02 0.000000000000000000e+00 0.000000000000000000e+00 2.954168245196342468e-03 1.301386673003435135e-02 0.000000000000000000e+00 1.340119540691375732e-02
0.000000000000000000e+00 0.000000000000000000e+00 1.006844377116067335e-05 3.027493903573486023e-06 1.406279807270038873e-05 0.000000000000000000e+00 1.759172505444439594e-06 0.000000000000000000e+00 2.273995050927624106e-06 5.382476501836208627e-06 0.000000000000000000e+00
