0.000000000000000000e+00 0.000000000000000000e+00 0.000000000000000000e+00 0.000000000000000000e+00 0.000000000000000000e+00 0.000000000000000000e+00 4.108831752091646194e-03 0.000000000000000000e+00 1.247305423021316528e-03 0.000000000000000000e+00 0.000000000000000000e+00
5.665719509124755859e-03 0.000000000000000000e+00 0.000000000000000000e+00 4.485398996621370316e-03 3.579642856493592262e-03 0.000000000000000000e+00 0.000000000000000000e+00 0.000000000000000000e+00 3.769838658627122641e-04 0.000000000000000000e+00 0.000000000000000000e+00
0.000000000000000000e+00 6.692041177302598953e-03 8.679451420903205872e-04 2.790953032672405243e-03 0.000000000000000000e+00 1.153156440705060959e-02 3.671918238978832960e-04 0.000000000000000000e+00 6.713770795613527298e-03 7.610736414790153503e-03 6.506684236228466034e-03
7.785413879901170731e-03 0.000000000000000000e+00 0.000000000000000000e+00 3.845970844849944115e-03 1.344192586839199066e-02 0.000000000000000000e+00 0.000000000000000000e+00 2.500826725736260414e-03 2.281192690134048462e-03 1.104890741407871246e-02 0.000000000000000000e+00
7.132858445402234793e-05 2.275762817589566112e-04 2.502718125469982624e-04 2.539849956519901752e-04 0.000000000000000000e+00 3.200551727786660194e-04 2.060853148577734828e-04 2.683182246983051300e-04 2.585234469734132290e-04 3.541523474268615246e-04 7.651838823221623898e-04
0.000000000000000000e+00 0.000000000000000000e+00 0.000000000000000000e+00 0.000000000000000000e+00 0.000000000000000000e+00 0.000000000000000000e+00 0.000000000000000000e+00 0.000000000000000000e+00 0.000000000000000000e+00 0.000000000000000000e+00 0.000000000000000000e+00
8.125956170260906219e-03 0.000000000000000000e+00 0.000000000000000000e+00 0.000000000000000000e+00 0.000000000000000000e+00 3.888977924361824989e-03 1.180369057692587376e-03 8.691376075148582458e-03 1.926044374704360962e-02 7.407214026898145676e-03 6.843617651611566544e-03
0.000000000000000000e+00 1.887675607576966286e-03 1.596906338818371296e-03 1.673162216320633888e-03 3.095280611887574196e-03 0.000000000000000000e+00 1.807138323783874512e-03 1.141929300501942635e-03 1.173898112028837204e-02 0.000000000000000000e+00 0.000000000000000000e+00
6.065466441214084625e-03 0.000000000000000000e+00 0.000000000000000000e+00 0.000000000000000000e+00 7.887363899499177933e-04 0.000000000000000000e+00 0.000000000000000000e+00 5.872347392141819000e-04 0.000000000000000000e+00 0.000000000000000000e+00 3.547987667843699455e-03
1.245124917477369308e-02 9.980770759284496307e-03 1.810747571289539337e-02 0.000000000000000000e+00 4.528212919831275940e-02 4.331713076680898666e-03 0.000000000000000000e+00 0.000000000000000000e+00 1.540699508041143417e-03 0.000000000000000000e+00 1.013472303748130798e-02
0.000000000000000000e+00 0.000000000000000000e+00 2.847525820470764302e-06 0.000000000000000000e+00 6.773905170120997354e-06 0.000000000000000000e+00 0.000000000000000000e+00 1.254519588655966800e-06 0.000000000000000000e+00 0.000000000000000000e+00 0.000000000000000000e+00
