0.000000000000000000e+00 5.885374546051025391e+00 2.016262573242187500e+03 0.000000000000000000e+00 0.000000000000000000e+00 0.000000000000000000e+00 2.446543693542480469e+01 1.452791381835937500e+03 1.389522171020507812e+01 3.170758485794067383e-02 0.000000000000000000e+00
1.492989501953125000e+03 0.000000000000000000e+00 1.537719360351562500e+03 1.083445262908935547e+01 2.937137603759765625e+01 4.001779785156250000e+02 1.006073974609375000e+03 1.244386718750000000e+03 1.056142456054687500e+03 1.968642700195312500e+03 1.821230712890625000e+03
1.071202087402343750e+01 9.215214843750000000e+02 1.867170214653015137e+00 2.653688907623291016e+00 1.156272552907466888e-02 5.908540039062500000e+02 3.767878723144531250e+02 5.582013726234436035e-02 1.202922780066728592e-02 1.728174682617187500e+03 0.000000000000000000e+00
5.586599731445312500e+01 2.274990234375000000e+02 0.000000000000000000e+00 6.050832519531250000e+02 1.213759899139404297e+01 2.101395263671875000e+02 6.950766601562500000e+02 1.860821838378906250e+02 1.303238891601562500e+03 1.971570587158203125e+01 3.747733154296875000e+02
3.370007872581481934e-01 6.669169425964355469e+00 5.216309070587158203e+00 5.073312759399414062e+00 1.561997487442567945e-05 3.519299983978271484e+00 4.814902782440185547e+00 4.567761421203613281e+00 2.845870018005371094e+00 4.954844951629638672e+00 1.721238708496093750e+01
0.000000000000000000e+00 1.163280487060546875e+00 3.255399763584136963e-01 9.087461233139038086e-01 0.000000000000000000e+00 2.580937805175781250e+02 0.000000000000000000e+00 0.000000000000000000e+00 0.000000000000000000e+00 5.156354904174804688e+00 1.084338256835937500e+03
8.866815185546875000e+02 4.639606475830078125e+00 7.316921710298629478e-06 1.491145507812500000e+03 1.254141845703125000e+02 2.774968261718750000e+02 1.482572937011718750e+01 1.234304714202880859e+01 8.850292968750000000e+02 4.356444702148437500e+02 1.362605762481689453e+01
0.000000000000000000e+00 1.485219478607177734e+00 1.105542373657226562e+01 3.393985366821289062e+01 8.864134788513183594e+00 9.368939399719238281e-01 6.269621849060058594e-02 1.520362701416015625e+02 4.698181457519531250e+02 4.412133026123046875e+01 5.837711095809936523e-01
0.000000000000000000e+00 2.818574142456054688e+01 1.083165527343750000e+03 5.636365890502929688e+00 4.610764384269714355e-01 1.991148193359375000e+03 1.915080322265625000e+03 1.679232406616210938e+01 1.230836059570312500e+03 4.387643814086914062e+00 1.138233764648437500e+03
0.000000000000000000e+00 1.056298427283763885e-02 3.532153701782226562e+01 8.265053853392601013e-03 2.029664794921875000e+03 0.000000000000000000e+00 0.000000000000000000e+00 1.270154863595962524e-01 2.282001495361328125e+01 0.000000000000000000e+00 2.429480895996093750e+02
0.000000000000000000e+00 1.400484121404588223e-03 2.596206367015838623e-01 1.179226674139499664e-02 5.126229524612426758e-01 0.000000000000000000e+00 4.827531799674034119e-02 4.574633836746215820e-01 7.381465286016464233e-03 2.468777000904083252e-01 0.000000000000000000e+00
