0.000000000000000000e+00 4.761589516419917345e-04 4.778224974870681763e-03 0.000000000000000000e+00 0.000000000000000000e+00 0.000000000000000000e+00 3.631359897553920746e-03 1.693275407887995243e-03 1.029074119287542999e-04 0.000000000000000000e+00 0.000000000000000000e+00
8.204177953302860260e-03 0.000000000000000000e+00 2.756870118901133537e-03 2.285886090248823166e-03 0.000000000000000000e+00 0.000000000000000000e+00 0.000000000000000000e+00 0.000000000000000000e+00 0.000000000000000000e+00 0.000000000000000000e+00 0.000000000000000000e+00
0.000000000000000000e+00 0.000000000000000000e+00 0.000000000000000000e+00 1.473227632232010365e-03 3.482821630313992500e-03 4.764414392411708832e-03 1.261338707990944386e-03 0.000000000000000000e+00 0.000000000000000000e+00 3.048036247491836548e-03 2.637371420860290527e-03
1.092201564460992813e-02 1.990858931094408035e-03 0.000000000000000000e+00 0.000000000000000000e+00 0.000000000000000000e+00 0.000000000000000000e+00 0.000000000000000000e+00 4.933002870529890060e-03 1.504033480159705505e-05 0.000000000000000000e+00 0.000000000000000000e+00
1.674710656516253948e-04 3.643040836323052645e-04 4.315776168368756771e-04 2.696341543924063444e-04 0.000000000000000000e+00 3.575684095267206430e-04 4.549206350930035114e-04 1.007012397167272866e-04 3.340748953633010387e-04 5.438167136162519455e-04 1.029768143780529499e-03
0.000000000000000000e+00 1.547798397950828075e-03 0.000000000000000000e+00 0.000000000000000000e+00 0.000000000000000000e+00 1.750213280320167542e-02 2.606234746053814888e-03 4.998083226382732391e-03 0.000000000000000000e+00 4.934418946504592896e-03 2.387586236000061035e-02
1.550309360027313232e-03 3.898557042703032494e-03 0.000000000000000000e+00 0.000000000000000000e+00 0.000000000000000000e+00 0.000000000000000000e+00 0.000000000000000000e+00 1.913569576572626829e-04 3.027877537533640862e-04 2.671536523848772049e-03 0.000000000000000000e+00
0.000000000000000000e+00 2.650221576914191246e-03 1.062947485479526222e-04 0.000000000000000000e+00 0.000000000000000000e+00 0.000000000000000000e+00 0.000000000000000000e+00 3.269481472671031952e-03 0.000000000000000000e+00 0.000000000000000000e+00 0.000000000000000000e+00
0.000000000000000000e+00 6.315992679446935654e-03 4.347966052591800690e-03 0.000000000000000000e+00 0.000000000000000000e+00 2.976865042001008987e-03 0.000000000000000000e+00 0.000000000000000000e+00 0.000000000000000000e+00 3.190971445292234421e-03 2.357250079512596130e-03
1.016507623717188835e-03 5.152489989995956421e-03 1.201579440385103226e-02 0.000000000000000000e+00 1.810668967664241791e-02 0.000000000000000000e+00 0.000000000000000000e+00 0.000000000000000000e+00 2.767401514574885368e-03 0.000000000000000000e+00 4.445150960236787796e-03
0.000000000000000000e+00 0.000000000000000000e+00 6.036924787622410804e-06 1.059765054378658533e-05 3.415819810470566154e-05 0.000000000000000000e+00 1.082632115867454559e-05 1.047476234816713259e-05 0.000000000000000000e+00 1.284835525439120829e-05 0.000000000000000000e+00
