0.000000000000000000e+00 1.590288709849119186e-03 3.774436656385660172e-03 0.000000000000000000e+00 0.000000000000000000e+00 0.000000000000000000e+00 4.013635683804750443e-03 8.213686756789684296e-03 0.000000000000000000e+00 0.000000000000000000e+00 0.000000000000000000e+00
1.810638047754764557e-02 0.000000000000000000e+00 5.796864163130521774e-03 6.294625345617532730e-03 0.000000000000000000e+00 4.691625363193452358e-04 9.148264303803443909e-03 2.308674389496445656e-03 0.000000000000000000e+00 0.000000000000000000e+00 0.000000000000000000e+00
3.240987658500671387e-03 5.676681641489267349e-03 0.000000000000000000e+00 2.460727468132972717e-03 2.795853419229388237e-03 6.282553658820688725e-04 3.373084589838981628e-03 0.000000000000000000e+00 1.450120005756616592e-03 1.574051938951015472e-02 0.000000000000000000e+00
1.291264872997999191e-02 3.283017780631780624e-03 0.000000000000000000e+00 0.000000000000000000e+00 0.000000000000000000e+00 0.000000000000000000e+00 0.000000000000000000e+00 1.110527757555246353e-02 0.000000000000000000e+00 1.782734296284615993e-03 0.000000000000000000e+00
4.832968988921493292e-05 3.485114139039069414e-04 4.080333455931395292e-04 3.041699819732457399e-04 0.000000000000000000e+00 2.830985467880964279e-04 2.338189369766041636e-04 2.052355412160977721e-04 1.830334513215348125e-04 5.135451210662722588e-04 9.565514046698808670e-04
0.000000000000000000e+00 0.000000000000000000e+00 0.000000000000000000e+00 0.000000000000000000e+00 0.000000000000000000e+00 3.391630947589874268e-03 0.000000000000000000e+00 0.000000000000000000e+00 0.000000000000000000e+00 0.000000000000000000e+00 0.000000000000000000e+00
1.149052195250988007e-02 1.193143660202622414e-03 0.000000000000000000e+00 4.186075821053236723e-04 0.000000000000000000e+00 0.000000000000000000e+00 0.000000000000000000e+00 4.961241502314805984e-03 6.991558242589235306e-03 6.072478834539651871e-03 0.000000000000000000e+00
0.000000000000000000e+00 2.139352582162246108e-04 0.000000000000000000e+00 0.000000000000000000e+00 3.251772606745362282e-03 0.000000000000000000e+00 0.000000000000000000e+00 0.000000000000000000e+00 1.525148167274892330e-03 0.000000000000000000e+00 5.350803839974105358e-04
0.000000000000000000e+00 0.000000000000000000e+00 6.532757543027400970e-03 0.000000000000000000e+00 0.000000000000000000e+00 0.000000000000000000e+00 2.081986749544739723e-03 0.000000000000000000e+00 0.000000000000000000e+00 5.949037149548530579e-03 1.303863618522882462e-02
6.559945177286863327e-03 0.000000000000000000e+00 1.355911977589130402e-02 0.000000000000000000e+00 4.438305273652076721e-02 0.000000000000000000e+00 0.000000000000000000e+00 0.000000000000000000e+00 1.932698115706443787e-02 0.000000000000000000e+00 6.936831399798393250e-03
0.000000000000000000e+00 0.000000000000000000e+00 3.997117346443701535e-06 2.980660610774066299e-06 1.071202859748154879e-05 0.000000000000000000e+00 4.294187874620547518e-06 6.492252396128606051e-06 0.000000000000000000e+00 3.823805400315904990e-06 0.000000000000000000e+00
