0.000000000000000000e+00 1.013942528516054153e-03 2.083535538986325264e-03 0.000000000000000000e+00 0.000000000000000000e+00 0.000000000000000000e+00 0.000000000000000000e+00 0.000000000000000000e+00 1.403056900016963482e-03 2.520355046726763248e-04 0.000000000000000000e+00
5.480349995195865631e-03 0.000000000000000000e+00 0.000000000000000000e+00 9.112454950809478760e-03 0.000000000000000000e+00 0.000000000000000000e+00 6.598970387130975723e-03 7.474168087355792522e-04 2.902605570852756500e-03 4.755091140395961702e-06 5.948120960965752602e-04
0.000000000000000000e+00 1.264037750661373138e-02 1.757663208991289139e-03 0.000000000000000000e+00 0.000000000000000000e+00 1.164723560214042664e-02 6.002484820783138275e-03 0.000000000000000000e+00 2.170277060940861702e-03 3.839705372229218483e-03 7.826336659491062164e-03
7.598469383083283901e-04 0.000000000000000000e+00 0.000000000000000000e+00 1.053019776009023190e-03 4.493702668696641922e-03 4.582104273140430450e-03 0.000000000000000000e+00 7.504151668399572372e-03 3.184059867635369301e-03 1.715319114737212658e-03 0.000000000000000000e+00
2.601738196972291917e-05 1.384793722536414862e-04 2.694627255550585687e-06 2.066258457489311695e-04 0.000000000000000000e+00 1.489460846642032266e-04 1.083878232748247683e-04 3.713979822350665927e-05 9.011146175907924771e-05 2.236026630271226168e-04 3.681918315123766661e-04
0.000000000000000000e+00 0.000000000000000000e+00 0.000000000000000000e+00 0.000000000000000000e+00 0.000000000000000000e+00 0.000000000000000000e+00 0.000000000000000000e+00 0.000000000000000000e+00 0.000000000000000000e+00 0.000000000000000000e+00 0.000000000000000000e+00
5.324061959981918335e-03 0.000000000000000000e+00 0.000000000000000000e+00 6.291673053056001663e-04 0.000000000000000000e+00 3.942614421248435974e-03 1.484300848096609116e-02 3.472581738606095314e-03 1.743633300065994263e-02 1.023730821907520294e-02 5.442476365715265274e-03
0.000000000000000000e+00 0.000000000000000000e+00 0.000000000000000000e+00 0.000000000000000000e+00 6.789225619286298752e-03 1.252286601811647415e-03 4.935018718242645264e-03 0.000000000000000000e+00 1.015317626297473907e-03 0.000000000000000000e+00 7.548522204160690308e-03
2.584183239378035069e-04 0.000000000000000000e+00 0.000000000000000000e+00 0.000000000000000000e+00 1.661784772295504808e-04 1.877612085081636906e-03 0.000000000000000000e+00 5.949726328253746033e-03 0.000000000000000000e+00 0.000000000000000000e+00 0.000000000000000000e+00
2.012189943343400955e-03 0.000000000000000000e+00 2.517573768272995949e-03 0.000000000000000000e+00 2.961905486881732941e-02 0.000000000000000000e+00 0.000000000000000000e+00 0.000000000000000000e+00 5.067243706434965134e-03 0.000000000000000000e+00 1.026484929025173187e-02
0.000000000000000000e+00 0.000000000000000000e+00 5.855530616827309132e-06 5.608396804746007547e-07 4.912677468382753432e-06 0.000000000000000000e+00 1.393831325913197361e-06 1.043774545905762352e-06 0.000000000000000000e+00 4.524611370015918510e-07 0.000000000000000000e+00
