0.000000000000000000e+00 0.000000000000000000e+00 7.260320242494344711e-03 0.000000000000000000e+00 0.000000000000000000e+00 0.000000000000000000e+00 0.000000000000000000e+00 3.035167232155799866e-03 3.177586011588573456e-03 0.000000000000000000e+00 0.000000000000000000e+00
5.508567672222852707e-03 0.000000000000000000e+00 5.069370381534099579e-03 0.000000000000000000e+00 0.000000000000000000e+00 0.000000000000000000e+00 2.719149459153413773e-03 4.881562199443578720e-03 0.000000000000000000e+00 0.000000000000000000e+00 0.000000000000000000e+00
0.000000000000000000e+00 6.770622450858354568e-03 4.843475107918493450e-05 2.271599514642730355e-04 0.000000000000000000e+00 6.325985770672559738e-03 2.656056312844157219e-03 0.000000000000000000e+00 3.788221802096813917e-04 8.634738624095916748e-03 0.000000000000000000e+00
1.026792824268341064e-02 0.000000000000000000e+00 0.000000000000000000e+00 0.000000000000000000e+00 5.936287343502044678e-03 0.000000000000000000e+00 4.722726065665483475e-03 2.478549955412745476e-03 5.768800619989633560e-03 7.895473972894251347e-04 0.000000000000000000e+00
8.186534978449344635e-05 1.415334554621949792e-04 8.214803528971970081e-05 5.017216972191818058e-05 0.000000000000000000e+00 1.037192560033872724e-04 1.094810359063558280e-04 4.644070031645242125e-06 4.237617758917622268e-05 1.526402775198221207e-04 3.033444809261709452e-04
0.000000000000000000e+00 0.000000000000000000e+00 3.228532150387763977e-03 4.141496494412422180e-03 0.000000000000000000e+00 2.074852399528026581e-02 4.505078541114926338e-04 0.000000000000000000e+00 0.000000000000000000e+00 5.688942968845367432e-03 2.951654791831970215e-02
3.880717791616916656e-03 2.398750279098749161e-03 2.035391516983509064e-03 7.075039320625364780e-04 0.000000000000000000e+00 0.000000000000000000e+00 4.295372404158115387e-03 0.000000000000000000e+00 3.667119424790143967e-03 3.013551235198974609e-03 2.041128231212496758e-03
0.000000000000000000e+00 1.409318298101425171e-03 0.000000000000000000e+00 0.000000000000000000e+00 2.400126308202743530e-03 0.000000000000000000e+00 0.000000000000000000e+00 0.000000000000000000e+00 2.901542233303189278e-03 0.000000000000000000e+00 0.000000000000000000e+00
0.000000000000000000e+00 2.826533978804945946e-03 1.506758271716535091e-03 1.004322082735598087e-03 0.000000000000000000e+00 1.698217238299548626e-03 0.000000000000000000e+00 3.213037969544529915e-03 0.000000000000000000e+00 0.000000000000000000e+00 2.295395592227578163e-03
0.000000000000000000e+00 1.925145625136792660e-03 5.910841748118400574e-03 0.000000000000000000e+00 2.248694002628326416e-02 0.000000000000000000e+00 9.770783362910151482e-04 0.000000000000000000e+00 7.805081550031900406e-03 0.000000000000000000e+00 8.168182335793972015e-03
0.000000000000000000e+00 0.000000000000000000e+00 2.996674993482884020e-06 2.447242650305270217e-06 4.760571300721494481e-06 0.000000000000000000e+00 1.757161157911468763e-06 3.187411948601948097e-06 0.000000000000000000e+00 4.397475095174741000e-06 3.162797383993165568e-07
