0.000000000000000000e+00 0.000000000000000000e+00 0.000000000000000000e+00 0.000000000000000000e+00 0.000000000000000000e+00 0.000000000000000000e+00 0.000000000000000000e+00 6.638622842729091644e-03 6.178994663059711456e-04 0.000000000000000000e+00 0.000000000000000000e+00
4.311535973101854324e-03 0.000000000000000000e+00 0.000000000000000000e+00 0.000000000000000000e+00 4.134540795348584652e-04 0.000000000000000000e+00 7.716544787399470806e-04 0.000000000000000000e+00 0.000000000000000000e+00 7.616387447342276573e-04 0.000000000000000000e+00
0.000000000000000000e+00 0.000000000000000000e+00 0.000000000000000000e+00 0.000000000000000000e+00 4.675265867263078690e-03 5.778205581009387970e-03 5.542405415326356888e-03 0.000000000000000000e+00 0.000000000000000000e+00 3.005900653079152107e-03 0.000000000000000000e+00
6.036526057869195938e-03 1.071967650204896927e-03 0.000000000000000000e+00 0.000000000000000000e+00 0.000000000000000000e+00 0.000000000000000000e+00 2.202418167144060135e-03 1.389405573718249798e-03 6.583637092262506485e-03 1.746195019222795963e-03 0.000000000000000000e+00
0.000000000000000000e+00 2.635647833812981844e-04 4.050547722727060318e-04 1.426486269338056445e-04 0.000000000000000000e+00 2.092184731736779213e-04 2.185291814384981990e-04 9.379188850289210677e-05 2.604853070806711912e-04 4.147186700720340014e-04 7.821216131560504436e-04
0.000000000000000000e+00 0.000000000000000000e+00 4.503685049712657928e-04 0.000000000000000000e+00 0.000000000000000000e+00 1.703365892171859741e-02 2.677828306332230568e-03 0.000000000000000000e+00 0.000000000000000000e+00 3.528865752741694450e-03 2.497052587568759918e-02
1.724797068163752556e-03 1.134739140979945660e-03 0.000000000000000000e+00 1.768012996762990952e-03 0.000000000000000000e+00 2.814054605551064014e-04 0.000000000000000000e+00 3.660504939034581184e-03 2.033684722846373916e-04 5.092588718980550766e-03 9.750673780217766762e-04
0.000000000000000000e+00 2.319837687537074089e-03 0.000000000000000000e+00 0.000000000000000000e+00 3.859524149447679520e-04 0.000000000000000000e+00 0.000000000000000000e+00 0.000000000000000000e+00 7.624079444212839007e-05 0.000000000000000000e+00 0.000000000000000000e+00
1.736423582769930363e-03 3.947083838284015656e-03 0.000000000000000000e+00 1.136167673394083977e-03 0.000000000000000000e+00 1.104170456528663635e-03 9.145440999418497086e-04 0.000000000000000000e+00 9.018137352541089058e-04 1.704080379568040371e-03 0.000000000000000000e+00
6.039191503077745438e-03 0.000000000000000000e+00 6.310490425676107407e-03 0.000000000000000000e+00 2.213974110782146454e-02 0.000000000000000000e+00 0.000000000000000000e+00 1.359882997348904610e-03 6.403002887964248657e-03 0.000000000000000000e+00 8.119722828269004822e-03
0.000000000000000000e+00 0.000000000000000000e+00 2.991392875628662296e-06 3.941341219615424052e-06 1.495284686825470999e-05 0.000000000000000000e+00 1.654145989959943108e-06 2.486416633473709226e-06 0.000000000000000000e+00 5.328598035703180358e-06 0.000000000000000000e+00
