0.000000000000000000e+00 1.079184468835592270e-03 0.000000000000000000e+00 0.000000000000000000e+00 0.000000000000000000e+00 0.000000000000000000e+00 2.115572715410962701e-04 1.484973472543060780e-03 0.000000000000000000e+00 0.000000000000000000e+00 0.000000000000000000e+00
4.552867263555526733e-03 0.000000000000000000e+00 2.311847405508160591e-03 0.000000000000000000e+00 1.225701300427317619e-03 0.000000000000000000e+00 0.000000000000000000e+00 0.000000000000000000e+00 1.722248969599604607e-03 0.000000000000000000e+00 0.000000000000000000e+00
1.585926162078976631e-03 6.240672664716839790e-04 2.482205745764076710e-04 0.000000000000000000e+00 1.626747543923556805e-03 3.542782971635460854e-03 1.007205014502687845e-06 4.329482326284050941e-04 0.000000000000000000e+00 4.387332126498222351e-03 0.000000000000000000e+00
2.939168596640229225e-03 0.000000000000000000e+00 0.000000000000000000e+00 0.000000000000000000e+00 7.171278120949864388e-04 0.000000000000000000e+00 1.244360610144212842e-04 1.145243440987542272e-04 0.000000000000000000e+00 0.000000000000000000e+00 0.000000000000000000e+00
7.505116082029417157e-05 2.186713099945336580e-04 9.387957834405824542e-05 1.106801428250037134e-04 0.000000000000000000e+00 1.854641595855355263e-04 2.269266406074166298e-04 7.862235361244529486e-05 1.656033418839797378e-04 2.277950843563303351e-04 4.389119567349553108e-04
0.000000000000000000e+00 0.000000000000000000e+00 3.603324526920914650e-03 3.865024191327393055e-04 0.000000000000000000e+00 1.247896533459424973e-02 2.898795937653630972e-04 0.000000000000000000e+00 0.000000000000000000e+00 3.567918203771114349e-03 1.508271414786577225e-02
7.243304280564188957e-04 0.000000000000000000e+00 0.000000000000000000e+00 2.426528139039874077e-03 0.000000000000000000e+00 3.658086934592574835e-04 0.000000000000000000e+00 2.712919842451810837e-03 1.676966436207294464e-03 1.841506920754909515e-03 9.078889270313084126e-04
0.000000000000000000e+00 3.437235951423645020e-03 2.282684901729226112e-03 0.000000000000000000e+00 0.000000000000000000e+00 0.000000000000000000e+00 3.826862957794219255e-04 0.000000000000000000e+00 2.335791941732168198e-03 0.000000000000000000e+00 0.000000000000000000e+00
3.131684788968414068e-04 3.766716690734028816e-03 2.639425802044570446e-04 0.000000000000000000e+00 0.000000000000000000e+00 0.000000000000000000e+00 8.652207907289266586e-04 0.000000000000000000e+00 2.240680041722953320e-04 3.721555229276418686e-03 0.000000000000000000e+00
3.293747315183281898e-03 3.121442627161741257e-03 6.958618294447660446e-03 0.000000000000000000e+00 1.431564334779977798e-02 2.935841330327093601e-04 0.000000000000000000e+00 1.036841887980699539e-03 1.387826399877667427e-03 0.000000000000000000e+00 2.718132920563220978e-03
0.000000000000000000e+00 0.000000000000000000e+00 1.645980660214263480e-06 3.172772551351954462e-07 6.863925591460429132e-06 0.000000000000000000e+00 2.609331886560539715e-06 1.341681240774050821e-06 1.585145923854724970e-06 3.440694626988261007e-06 0.000000000000000000e+00
