0.000000000000000000e+00 1.556944480398669839e-04 0.000000000000000000e+00 0.000000000000000000e+00 0.000000000000000000e+00 0.000000000000000000e+00 4.404266364872455597e-03 1.786439679563045502e-03 3.527322085574269295e-03 1.950158039107918739e-03 0.000000000000000000e+00
2.155384281650185585e-03 0.000000000000000000e+00 0.000000000000000000e+00 6.805870682001113892e-03 0.000000000000000000e+00 0.000000000000000000e+00 0.000000000000000000e+00 1.572313834913074970e-03 1.218969933688640594e-03 0.000000000000000000e+00 0.000000000000000000e+00
0.000000000000000000e+00 7.978384383022785187e-04 0.000000000000000000e+00 0.000000000000000000e+00 0.000000000000000000e+00 5.849224515259265900e-03 6.075941491872072220e-03 0.000000000000000000e+00 0.000000000000000000e+00 2.376050921157002449e-03 0.000000000000000000e+00
4.073126474395394325e-04 0.000000000000000000e+00 0.000000000000000000e+00 0.000000000000000000e+00 4.781367722898721695e-03 2.768921665847301483e-03 4.100307356566190720e-03 1.633386476896703243e-03 1.191379269585013390e-03 3.133685386274009943e-04 0.000000000000000000e+00
0.000000000000000000e+00 1.787910005077719688e-04 2.072669121844228357e-05 0.000000000000000000e+00 0.000000000000000000e+00 1.236672251252457500e-04 7.099882350303232670e-05 6.431846122723072767e-05 6.929215305717661977e-05 9.429396595805883408e-05 4.079012724105268717e-04
0.000000000000000000e+00 0.000000000000000000e+00 6.669455207884311676e-03 5.811567418277263641e-03 0.000000000000000000e+00 1.782929338514804840e-02 1.876908354461193085e-03 0.000000000000000000e+00 2.948407782241702080e-03 6.446139886975288391e-03 2.689733728766441345e-02
4.918060265481472015e-03 2.564828027971088886e-04 0.000000000000000000e+00 0.000000000000000000e+00 0.000000000000000000e+00 3.725762479007244110e-03 0.000000000000000000e+00 0.000000000000000000e+00 9.241347201168537140e-03 6.777300033718347549e-03 4.381991922855377197e-03
0.000000000000000000e+00 7.065664976835250854e-05 1.849681284511461854e-04 0.000000000000000000e+00 0.000000000000000000e+00 0.000000000000000000e+00 1.794990152120590210e-03 0.000000000000000000e+00 5.251491442322731018e-03 0.000000000000000000e+00 2.050203038379549980e-03
1.697087136562913656e-04 3.632201580330729485e-03 6.296042702160775661e-04 1.515973825007677078e-03 0.000000000000000000e+00 4.608100280165672302e-03 0.000000000000000000e+00 1.734068733640015125e-03 0.000000000000000000e+00 0.000000000000000000e+00 0.000000000000000000e+00
0.000000000000000000e+00 0.000000000000000000e+00 6.692955270409584045e-03 0.000000000000000000e+00 1.999062672257423401e-02 0.000000000000000000e+00 0.000000000000000000e+00 2.531092613935470581e-03 9.889022912830114365e-04 0.000000000000000000e+00 9.462509304285049438e-03
0.000000000000000000e+00 0.000000000000000000e+00 3.987858235632302240e-06 0.000000000000000000e+00 5.084384611109271646e-06 0.000000000000000000e+00 2.121618081218912266e-06 2.038938646364840679e-06 5.548718604586611036e-07 9.683429880169569515e-07 0.000000000000000000e+00
