0.000000000000000000e+00 0.000000000000000000e+00 0.000000000000000000e+00 0.000000000000000000e+00 0.000000000000000000e+00 0.000000000000000000e+00 0.000000000000000000e+00 3.312194952741265297e-03 0.000000000000000000e+00 0.000000000000000000e+00 0.000000000000000000e+00
1.006937306374311447e-02 0.000000000000000000e+00 6.942361593246459961e-03 5.688427947461605072e-03 1.151537289842963219e-03 0.000000000000000000e+00 1.917757443152368069e-03 2.068158937618136406e-03 4.664512351155281067e-03 2.528555458411574364e-03 0.000000000000000000e+00
1.239756587892770767e-03 7.161871530115604401e-03 5.562539212405681610e-03 0.000000000000000000e+00 0.000000000000000000e+00 8.776102215051651001e-03 2.118245931342244148e-03 0.000000000000000000e+00 2.719432115554809570e-03 1.100941561162471771e-02 0.000000000000000000e+00
2.253168728202581406e-03 0.000000000000000000e+00 0.000000000000000000e+00 0.000000000000000000e+00 4.486160352826118469e-03 2.173765562474727631e-03 0.000000000000000000e+00 3.110199235379695892e-03 0.000000000000000000e+00 0.000000000000000000e+00 0.000000000000000000e+00
0.000000000000000000e+00 4.036957398056983948e-05 0.000000000000000000e+00 0.000000000000000000e+00 0.000000000000000000e+00 1.548733562231063843e-04 0.000000000000000000e+00 0.000000000000000000e+00 0.000000000000000000e+00 1.378853630740195513e-04 2.930428599938750267e-04
0.000000000000000000e+00 0.000000000000000000e+00 0.000000000000000000e+00 0.000000000000000000e+00 0.000000000000000000e+00 3.636751207523047924e-04 0.000000000000000000e+00 0.000000000000000000e+00 0.000000000000000000e+00 0.000000000000000000e+00 0.000000000000000000e+00
5.589755252003669739e-03 4.675943870097398758e-03 0.000000000000000000e+00 2.022861735895276070e-03 0.000000000000000000e+00 1.099991425871849060e-02 3.966098185628652573e-03 6.840066052973270416e-03 4.579419270157814026e-03 7.837968878448009491e-03 9.785911068320274353e-03
0.000000000000000000e+00 0.000000000000000000e+00 0.000000000000000000e+00 0.000000000000000000e+00 3.520003985613584518e-03 0.000000000000000000e+00 0.000000000000000000e+00 0.000000000000000000e+00 1.387465652078390121e-02 0.000000000000000000e+00 4.583253059536218643e-03
0.000000000000000000e+00 8.177817799150943756e-04 0.000000000000000000e+00 0.000000000000000000e+00 4.997117910534143448e-03 0.000000000000000000e+00 2.935585565865039825e-03 1.190039562061429024e-03 0.000000000000000000e+00 2.451081527397036552e-03 1.240991987287998199e-03
1.093075145035982132e-02 3.822285216301679611e-03 5.184265784919261932e-03 0.000000000000000000e+00 3.533994778990745544e-02 0.000000000000000000e+00 0.000000000000000000e+00 4.261662543285638094e-04 7.683440111577510834e-03 0.000000000000000000e+00 9.817576967179775238e-03
0.000000000000000000e+00 0.000000000000000000e+00 3.266120302214403637e-06 9.912397445077658631e-07 5.462975877890130505e-06 0.000000000000000000e+00 2.531479367462452501e-06 7.504516474909905810e-07 1.298811866945470683e-06 1.942932385645690374e-06 0.000000000000000000e+00
