0.000000000000000000e+00 5.705555915832519531e+00 4.785124206542968750e+01 0.000000000000000000e+00 0.000000000000000000e+00 0.000000000000000000e+00 6.821355438232421875e+01 2.577315820312500000e+04 7.599552246093750000e+03 1.438180957031250000e+04 0.000000000000000000e+00
4.356435937500000000e+04 3.041157421875000000e+04 3.292048828125000000e+04 2.996316528320312500e+02 1.978547265625000000e+04 1.524319648742675781e+00 1.876996093750000000e+04 2.058718750000000000e+04 3.489942968750000000e+04 1.815132031250000000e+04 2.619696679687500000e+04
6.506626464843750000e+03 5.227838867187500000e+03 2.450585174560546875e+01 1.457700000000000000e+04 1.615881323814392090e+00 1.932171093750000000e+04 5.753306152343750000e+03 2.044173583984375000e+03 1.094034375000000000e+04 2.627989843750000000e+04 1.727849426269531250e+02
1.766439453125000000e+04 2.470366954803466797e+00 1.864488440332934260e-04 1.551061816406250000e+04 5.799525390625000000e+03 4.075045697391033173e-03 5.047295379638671875e+01 4.788971710205078125e+01 9.645854949951171875e+00 3.894493420375511050e-05 7.350311875343322754e-01
1.213546466827392578e+01 5.846044063568115234e+00 3.598690032958984375e-01 1.278756618499755859e+00 0.000000000000000000e+00 3.995335340499877930e+00 5.298099040985107422e+00 3.605763018131256104e-01 2.613753080368041992e+00 9.038521766662597656e+00 2.740507316589355469e+01
0.000000000000000000e+00 0.000000000000000000e+00 0.000000000000000000e+00 0.000000000000000000e+00 0.000000000000000000e+00 0.000000000000000000e+00 0.000000000000000000e+00 0.000000000000000000e+00 0.000000000000000000e+00 0.000000000000000000e+00 0.000000000000000000e+00
8.482226562500000000e+03 3.633663574218750000e+03 0.000000000000000000e+00 5.510592460632324219e-01 0.000000000000000000e+00 8.811753243207931519e-02 1.699361114501953125e+02 1.526263542473316193e-03 1.887261657714843750e+02 3.069026855468750000e+03 1.346781640625000000e+04
0.000000000000000000e+00 1.701198425292968750e+02 8.555194335937500000e+03 3.937971496582031250e+01 2.924253702163696289e+00 2.413503646850585938e+01 1.691070556640625000e+02 5.745360351562500000e+03 9.669601562500000000e+03 5.439775878906250000e+03 1.441136741638183594e+01
0.000000000000000000e+00 7.564108398437500000e+03 2.412229156494140625e+02 1.377553045749664307e-01 7.578037679195404053e-03 2.854978027343750000e+02 7.116009765625000000e+03 1.525417613983154297e+01 2.783600585937500000e+03 2.667695312500000000e+03 1.197336273193359375e+02
0.000000000000000000e+00 0.000000000000000000e+00 0.000000000000000000e+00 0.000000000000000000e+00 1.851258468627929688e+01 0.000000000000000000e+00 0.000000000000000000e+00 0.000000000000000000e+00 0.000000000000000000e+00 0.000000000000000000e+00 0.000000000000000000e+00
0.000000000000000000e+00 1.285395468585193157e-03 8.496427536010742188e-02 4.975884221494197845e-03 1.858335584402084351e-01 0.000000000000000000e+00 9.549374954076483846e-05 1.097066886723041534e-02 0.000000000000000000e+00 3.363782539963722229e-02 8.553789143661560956e-07
