0.000000000000000000e+00 2.438917290419340134e-03 1.511070644482970238e-03 0.000000000000000000e+00 0.000000000000000000e+00 0.000000000000000000e+00 2.217233879491686821e-03 4.286481533199548721e-03 1.860863121692091227e-04 0.000000000000000000e+00 0.000000000000000000e+00
4.009574186056852341e-03 0.000000000000000000e+00 0.000000000000000000e+00 0.000000000000000000e+00 2.045005327090620995e-03 0.000000000000000000e+00 0.000000000000000000e+00 0.000000000000000000e+00 0.000000000000000000e+00 0.000000000000000000e+00 0.000000000000000000e+00
5.372315063141286373e-04 1.475345576182007790e-03 7.792717660777270794e-04 0.000000000000000000e+00 1.001564320176839828e-03 7.211221847683191299e-03 3.124293172731995583e-03 0.000000000000000000e+00 0.000000000000000000e+00 2.701622201129794121e-03 0.000000000000000000e+00
6.841233931481838226e-03 1.871011452749371529e-03 1.256886287592351437e-03 0.000000000000000000e+00 0.000000000000000000e+00 0.000000000000000000e+00 2.802994102239608765e-03 0.000000000000000000e+00 4.164780024439096451e-03 1.157632650574669242e-04 0.000000000000000000e+00
3.685010597109794617e-05 6.491426029242575169e-05 5.904565477976575494e-05 7.492055738111957908e-05 0.000000000000000000e+00 4.908736809738911688e-05 1.165639696409925818e-04 2.913641401391942054e-05 1.284625905100256205e-04 1.182963751489296556e-04 2.224326017312705517e-04
0.000000000000000000e+00 3.229091176763176918e-03 0.000000000000000000e+00 4.852685669902712107e-04 0.000000000000000000e+00 1.307944953441619873e-02 3.832009097095578909e-04 0.000000000000000000e+00 0.000000000000000000e+00 5.653391126543283463e-03 2.198696695268154144e-02
0.000000000000000000e+00 0.000000000000000000e+00 0.000000000000000000e+00 1.995545346289873123e-03 0.000000000000000000e+00 0.000000000000000000e+00 3.895380068570375443e-03 3.532650880515575409e-03 0.000000000000000000e+00 1.300008851103484631e-03 2.484082942828536034e-03
0.000000000000000000e+00 2.732486231252551079e-03 1.056173467077314854e-03 7.567111751995980740e-04 1.955614279722794890e-04 1.902505639009177685e-03 0.000000000000000000e+00 1.900840579764917493e-04 0.000000000000000000e+00 0.000000000000000000e+00 0.000000000000000000e+00
4.159761301707476377e-04 2.432893030345439911e-03 0.000000000000000000e+00 2.172685693949460983e-03 0.000000000000000000e+00 3.247408196330070496e-03 0.000000000000000000e+00 0.000000000000000000e+00 0.000000000000000000e+00 0.000000000000000000e+00 1.829520449973642826e-03
2.311210846528410912e-03 1.304249977692961693e-03 9.563955478370189667e-03 0.000000000000000000e+00 1.547696255147457123e-02 0.000000000000000000e+00 0.000000000000000000e+00 0.000000000000000000e+00 3.560108132660388947e-03 0.000000000000000000e+00 6.999520584940910339e-03
0.000000000000000000e+00 0.000000000000000000e+00 1.132580337070976384e-06 2.334641749257571064e-06 2.836767180269816890e-06 0.000000000000000000e+00 5.373462741431467293e-08 8.910998872124764603e-07 0.000000000000000000e+00 2.268537855343311094e-06 0.000000000000000000e+00
