0.000000000000000000e+00 4.335099365562200546e-03 0.000000000000000000e+00 0.000000000000000000e+00 0.000000000000000000e+00 0.000000000000000000e+00 1.039083581417798996e-02 2.214609645307064056e-03 0.000000000000000000e+00 0.000000000000000000e+00 0.000000000000000000e+00
1.233324501663446426e-02 0.000000000000000000e+00 4.796002060174942017e-03 4.916972946375608444e-03 0.000000000000000000e+00 0.000000000000000000e+00 6.299699656665325165e-03 0.000000000000000000e+00 0.000000000000000000e+00 0.000000000000000000e+00 2.479271497577428818e-03
0.000000000000000000e+00 9.055694565176963806e-03 0.000000000000000000e+00 9.203993249684572220e-04 1.249410491436719894e-02 4.503645934164524078e-03 1.342809991911053658e-03 0.000000000000000000e+00 7.318308111280202866e-03 8.580205030739307404e-03 4.987556952983140945e-03
1.886097528040409088e-02 0.000000000000000000e+00 0.000000000000000000e+00 0.000000000000000000e+00 0.000000000000000000e+00 0.000000000000000000e+00 0.000000000000000000e+00 5.336846690624952316e-03 4.821864422410726547e-03 1.052634790539741516e-02 0.000000000000000000e+00
0.000000000000000000e+00 7.228276081150397658e-05 2.209175872849300504e-04 6.539840251207351685e-05 0.000000000000000000e+00 1.352388644590973854e-04 2.263053902424871922e-04 1.044085092871682718e-05 1.768846705090254545e-04 3.130510158371180296e-04 6.594188744202256203e-04
0.000000000000000000e+00 0.000000000000000000e+00 0.000000000000000000e+00 0.000000000000000000e+00 0.000000000000000000e+00 3.429170697927474976e-03 0.000000000000000000e+00 0.000000000000000000e+00 0.000000000000000000e+00 0.000000000000000000e+00 0.000000000000000000e+00
1.080139074474573135e-02 6.923973094671964645e-03 0.000000000000000000e+00 1.592322485521435738e-03 0.000000000000000000e+00 0.000000000000000000e+00 0.000000000000000000e+00 3.849215805530548096e-03 5.953768413746729493e-05 0.000000000000000000e+00 5.963812116533517838e-03
0.000000000000000000e+00 0.000000000000000000e+00 0.000000000000000000e+00 0.000000000000000000e+00 8.558193221688270569e-04 0.000000000000000000e+00 0.000000000000000000e+00 1.266008621314540505e-04 0.000000000000000000e+00 0.000000000000000000e+00 1.336490618996322155e-03
0.000000000000000000e+00 7.657058537006378174e-03 6.279163528233766556e-03 0.000000000000000000e+00 0.000000000000000000e+00 1.157300779595971107e-03 2.211719693150371313e-04 0.000000000000000000e+00 0.000000000000000000e+00 2.039419254288077354e-03 0.000000000000000000e+00
1.233986858278512955e-02 9.993063285946846008e-03 2.323319204151630402e-02 0.000000000000000000e+00 3.391996398568153381e-02 0.000000000000000000e+00 0.000000000000000000e+00 0.000000000000000000e+00 1.195076759904623032e-02 0.000000000000000000e+00 1.054483093321323395e-02
0.000000000000000000e+00 0.000000000000000000e+00 5.040938049205578864e-06 8.662238428769342136e-07 1.082165181287564337e-05 0.000000000000000000e+00 2.660354311956325546e-06 4.217107743897940964e-06 1.378651859340607189e-06 2.850489181582815945e-06 0.000000000000000000e+00
