0.000000000000000000e+00 3.060477256774902344e+00 1.337462988281250000e+04 0.000000000000000000e+00 0.000000000000000000e+00 0.000000000000000000e+00 2.298542785644531250e+02 7.681294921875000000e+03 8.027320312500000000e+03 2.786051559448242188e+01 0.000000000000000000e+00
4.010317993164062500e+02 0.000000000000000000e+00 1.405200292968750000e+04 1.213309375000000000e+04 1.128440039062500000e+04 1.782498413085937500e+03 1.427941650390625000e+03 2.851933479309082031e+01 9.209249877929687500e+01 1.578046264648437500e+02 1.163690332031250000e+04
1.163988574218750000e+04 2.470195388793945312e+01 2.542873535156250000e+03 6.996698730468750000e+03 1.737159347534179688e+01 1.145483593750000000e+04 1.872345703125000000e+03 5.969655990600585938e+01 8.066157341003417969e+00 1.051007324218750000e+04 0.000000000000000000e+00
4.655887207031250000e+03 4.124036407470703125e+01 1.620445847511291504e-01 6.677770385742187500e+02 1.015113037109375000e+03 1.053217620849609375e+02 2.498338165283203125e+02 2.576978027343750000e+03 5.191228637695312500e+02 2.109648742675781250e+02 4.222755737304687500e+02
3.878304958343505859e+00 3.660108566284179688e+00 2.016818284988403320e+00 3.439231216907501221e-01 0.000000000000000000e+00 5.477840900421142578e-01 1.730387806892395020e+00 5.365371108055114746e-01 8.145426511764526367e-01 2.358202219009399414e+00 1.887938308715820312e+01
0.000000000000000000e+00 0.000000000000000000e+00 0.000000000000000000e+00 0.000000000000000000e+00 0.000000000000000000e+00 4.389416426420211792e-05 0.000000000000000000e+00 0.000000000000000000e+00 0.000000000000000000e+00 0.000000000000000000e+00 1.437862238162779249e-06
8.889418945312500000e+02 7.150040039062500000e+03 1.270346069335937500e+01 7.132906250000000000e+03 6.445321720093488693e-03 1.041944824218750000e+04 1.633556250000000000e+04 2.727240085601806641e+00 1.167931445312500000e+04 1.699457421875000000e+04 3.868452758789062500e+02
0.000000000000000000e+00 1.724319458007812500e+02 7.718711914062500000e+03 1.064297008514404297e+01 7.899305725097656250e+01 2.311649703979492188e+01 1.390371513366699219e+01 5.664048828125000000e+03 8.105805664062500000e+03 5.471534179687500000e+03 3.298625469207763672e+00
1.923378467559814453e+00 4.766438476562500000e+03 1.765685668945312500e+03 7.427296142578125000e+02 3.093638420104980469e+00 3.935645141601562500e+02 1.891993286132812500e+03 0.000000000000000000e+00 3.161723632812500000e+03 5.429803133010864258e-01 4.070880432128906250e+02
0.000000000000000000e+00 0.000000000000000000e+00 0.000000000000000000e+00 0.000000000000000000e+00 1.982897567749023438e+01 0.000000000000000000e+00 0.000000000000000000e+00 0.000000000000000000e+00 0.000000000000000000e+00 0.000000000000000000e+00 0.000000000000000000e+00
0.000000000000000000e+00 1.008731089768843958e-07 5.246092751622200012e-02 0.000000000000000000e+00 2.192191928625106812e-01 0.000000000000000000e+00 1.546999374113511294e-05 3.432528674602508545e-02 4.823203562409617007e-05 8.371917903423309326e-02 1.053205458447337151e-03
