0.000000000000000000e+00 0.000000000000000000e+00 0.000000000000000000e+00 0.000000000000000000e+00 0.000000000000000000e+00 0.000000000000000000e+00 3.325352212414145470e-03 4.064277745783329010e-03 0.000000000000000000e+00 4.954927717335522175e-04 0.000000000000000000e+00
3.523481776937842369e-03 0.000000000000000000e+00 7.235663360916078091e-04 4.260405432432889938e-03 0.000000000000000000e+00 0.000000000000000000e+00 0.000000000000000000e+00 0.000000000000000000e+00 1.252895570360124111e-03 0.000000000000000000e+00 7.202433189377188683e-04
0.000000000000000000e+00 0.000000000000000000e+00 6.212157895788550377e-04 1.695538870990276337e-03 0.000000000000000000e+00 0.000000000000000000e+00 0.000000000000000000e+00 0.000000000000000000e+00 0.000000000000000000e+00 4.250457976013422012e-03 0.000000000000000000e+00
6.195548456162214279e-03 4.347891663201153278e-04 0.000000000000000000e+00 2.951328875496983528e-03 0.000000000000000000e+00 1.851354376412928104e-03 4.856997635215520859e-03 0.000000000000000000e+00 4.436224699020385742e-03 1.067721168510615826e-03 0.000000000000000000e+00
7.655223271285649389e-06 1.929773425217717886e-04 1.916160690598189831e-04 9.067396604223176837e-05 0.000000000000000000e+00 9.555153519613668323e-05 2.294198347954079509e-04 6.089498856454156339e-05 7.162324618548154831e-05 2.050160255748778582e-04 5.021757679060101509e-04
0.000000000000000000e+00 0.000000000000000000e+00 0.000000000000000000e+00 0.000000000000000000e+00 0.000000000000000000e+00 0.000000000000000000e+00 0.000000000000000000e+00 0.000000000000000000e+00 0.000000000000000000e+00 0.000000000000000000e+00 0.000000000000000000e+00
0.000000000000000000e+00 4.947023116983473301e-04 0.000000000000000000e+00 3.260646015405654907e-03 0.000000000000000000e+00 3.456200007349252701e-03 0.000000000000000000e+00 9.178131585940718651e-04 9.958024136722087860e-03 1.118493033573031425e-03 3.860543482005596161e-03
0.000000000000000000e+00 5.474232137203216553e-03 0.000000000000000000e+00 0.000000000000000000e+00 5.360302748158574104e-04 2.048787893727421761e-03 0.000000000000000000e+00 1.134515972808003426e-03 7.887743413448333740e-04 0.000000000000000000e+00 0.000000000000000000e+00
0.000000000000000000e+00 5.412856116890907288e-03 2.403676742687821388e-03 3.304546931758522987e-03 0.000000000000000000e+00 0.000000000000000000e+00 2.470616716891527176e-03 4.615347366780042648e-03 2.691491506993770599e-03 0.000000000000000000e+00 0.000000000000000000e+00
3.079068614169955254e-03 0.000000000000000000e+00 7.613892201334238052e-03 0.000000000000000000e+00 2.045310102403163910e-02 0.000000000000000000e+00 0.000000000000000000e+00 0.000000000000000000e+00 6.490005645900964737e-03 9.247039088222663850e-06 1.279556471854448318e-02
0.000000000000000000e+00 0.000000000000000000e+00 6.040216703695477918e-06 5.922644845668401103e-07 1.217071894643595442e-05 0.000000000000000000e+00 3.352410885781864636e-06 1.782397248462075368e-06 0.000000000000000000e+00 4.424863618623930961e-06 1.280956439586589113e-06
