0.000000000000000000e+00 0.000000000000000000e+00 3.953773528337478638e-03 0.000000000000000000e+00 0.000000000000000000e+00 0.000000000000000000e+00 6.838172674179077148e-03 2.862434368580579758e-03 1.583200762979686260e-03 2.294468460604548454e-03 0.000000000000000000e+00
4.881681874394416809e-03 0.000000000000000000e+00 4.333058837801218033e-03 0.000000000000000000e+00 5.409384146332740784e-03 0.000000000000000000e+00 3.635698696598410606e-03 0.000000000000000000e+00 5.471027921885251999e-03 0.000000000000000000e+00 0.000000000000000000e+00
0.000000000000000000e+00 7.723988965153694153e-03 2.113959286361932755e-03 0.000000000000000000e+00 0.000000000000000000e+00 4.622970242053270340e-03 0.000000000000000000e+00 0.000000000000000000e+00 0.000000000000000000e+00 9.473606012761592865e-03 1.700027729384601116e-03
7.064547389745712280e-03 0.000000000000000000e+00 0.000000000000000000e+00 0.000000000000000000e+00 5.409869831055402756e-03 5.661563482135534286e-03 0.000000000000000000e+00 8.140178397297859192e-03 6.752490065991878510e-03 0.000000000000000000e+00 0.000000000000000000e+00
0.000000000000000000e+00 0.000000000000000000e+00 0.000000000000000000e+00 1.497349294368177652e-04 0.000000000000000000e+00 0.000000000000000000e+00 5.093037907499819994e-05 6.808536454627756029e-06 6.600156484637409449e-05 0.000000000000000000e+00 5.214511184021830559e-04
0.000000000000000000e+00 0.000000000000000000e+00 0.000000000000000000e+00 0.000000000000000000e+00 0.000000000000000000e+00 4.956033080816268921e-03 0.000000000000000000e+00 0.000000000000000000e+00 0.000000000000000000e+00 0.000000000000000000e+00 0.000000000000000000e+00
1.911395112983882427e-03 7.033199071884155273e-03 0.000000000000000000e+00 3.719432977959513664e-03 3.439721185714006424e-03 5.903069395571947098e-03 2.372900489717721939e-03 6.625335663557052612e-03 3.074548207223415375e-03 1.121746655553579330e-02 1.304706279188394547e-02
0.000000000000000000e+00 4.045847337692975998e-03 0.000000000000000000e+00 0.000000000000000000e+00 4.748167411889880896e-04 0.000000000000000000e+00 3.832530695945024490e-03 0.000000000000000000e+00 6.353069562464952469e-03 1.963175367563962936e-03 7.352161686867475510e-03
0.000000000000000000e+00 0.000000000000000000e+00 0.000000000000000000e+00 1.217323879245668650e-04 1.025288715027272701e-03 0.000000000000000000e+00 7.570557761937379837e-03 6.152606103569269180e-03 1.153094414621591568e-02 0.000000000000000000e+00 2.791675040498375893e-03
0.000000000000000000e+00 0.000000000000000000e+00 6.947175133973360062e-03 6.994319148361682892e-03 3.472835943102836609e-02 0.000000000000000000e+00 0.000000000000000000e+00 0.000000000000000000e+00 1.534867449663579464e-03 0.000000000000000000e+00 8.651677519083023071e-03
0.000000000000000000e+00 1.537978050691890530e-06 7.996427484613377601e-06 1.871028075584035832e-06 1.556144343339838088e-05 0.000000000000000000e+00 6.339184437820222229e-06 2.013458697547321208e-06 0.000000000000000000e+00 7.026510502328164876e-06 0.000000000000000000e+00
