1.703014476106545771e-07 1.080326796909503173e-06 9.833046306084725074e-07 1.289222240075105219e-07 0.000000000000000000e+00 0.000000000000000000e+00 1.125818812397483271e-06 9.502022635388129856e-07 8.036326448745967355e-07 5.867963750461058225e-07 0.000000000000000000e+00
5.156276165507733822e-04 0.000000000000000000e+00 2.217484288848936558e-04 0.000000000000000000e+00 4.189214814687147737e-05 0.000000000000000000e+00 0.000000000000000000e+00 0.000000000000000000e+00 0.000000000000000000e+00 0.000000000000000000e+00 0.000000000000000000e+00
3.949856327380985022e-04 2.469484461471438408e-04 3.620623901952058077e-04 0.000000000000000000e+00 3.743343404494225979e-05 2.842510002665221691e-04 0.000000000000000000e+00 0.000000000000000000e+00 0.000000000000000000e+00 6.449647480621933937e-04 0.000000000000000000e+00
5.746604292653501034e-04 0.000000000000000000e+00 4.010941775050014257e-04 0.000000000000000000e+00 2.758777991402894258e-04 0.000000000000000000e+00 0.000000000000000000e+00 0.000000000000000000e+00 0.000000000000000000e+00 1.853196590673178434e-04 0.000000000000000000e+00
0.000000000000000000e+00 1.345483724435325712e-05 4.412534963194048032e-06 8.700373655301518738e-06 0.000000000000000000e+00 1.324732056673383340e-05 1.320475894317496568e-05 4.375256594357779250e-06 1.062946012098109350e-05 1.041175983118591830e-05 2.725497870414983481e-05
0.000000000000000000e+00 0.000000000000000000e+00 5.160140572115778923e-04 0.000000000000000000e+00 0.000000000000000000e+00 1.994677120819687843e-03 0.000000000000000000e+00 0.000000000000000000e+00 1.432292337995022535e-04 9.128479869104921818e-04 2.410732675343751907e-03
4.180510877631604671e-04 0.000000000000000000e+00 0.000000000000000000e+00 5.107469041831791401e-04 0.000000000000000000e+00 5.775155150331556797e-04 0.000000000000000000e+00 3.579307231120765209e-04 7.000392361078411341e-05 6.262433453230187297e-05 2.003257395699620247e-04
0.000000000000000000e+00 8.736615418456494808e-04 3.031861269846558571e-04 0.000000000000000000e+00 0.000000000000000000e+00 0.000000000000000000e+00 0.000000000000000000e+00 0.000000000000000000e+00 3.917792055290192366e-04 0.000000000000000000e+00 4.095405165571719408e-04
0.000000000000000000e+00 5.422678659670054913e-04 0.000000000000000000e+00 1.111465098802000284e-04 0.000000000000000000e+00 0.000000000000000000e+00 2.078311081277206540e-04 0.000000000000000000e+00 0.000000000000000000e+00 1.038375776261091232e-04 0.000000000000000000e+00
6.363554857671260834e-04 1.235395175172016025e-04 8.105922606773674488e-04 0.000000000000000000e+00 1.732541015371680260e-03 1.149132949649356306e-04 0.000000000000000000e+00 3.009337342518847436e-05 6.187409162521362305e-04 0.000000000000000000e+00 7.419610628858208656e-04
0.000000000000000000e+00 7.611407504271028301e-09 3.629981293329365144e-08 6.304669231127491003e-09 3.630885032634978415e-07 0.000000000000000000e+00 1.304599805962425307e-07 2.538122885198390577e-07 7.918484357105626259e-08 2.414459174815419829e-07 0.000000000000000000e+00
