0.000000000000000000e+00 0.000000000000000000e+00 2.281903289258480072e-03 0.000000000000000000e+00 0.000000000000000000e+00 0.000000000000000000e+00 1.900817551359068602e-06 4.071131814271211624e-03 8.536216919310390949e-04 0.000000000000000000e+00 0.000000000000000000e+00
3.280567005276679993e-03 0.000000000000000000e+00 1.263880258193239570e-04 0.000000000000000000e+00 0.000000000000000000e+00 0.000000000000000000e+00 1.059230198734439909e-04 0.000000000000000000e+00 0.000000000000000000e+00 0.000000000000000000e+00 0.000000000000000000e+00
1.074604806490242481e-03 1.448286464437842369e-03 8.915098151192069054e-04 0.000000000000000000e+00 2.860623179003596306e-03 3.753776196390390396e-03 0.000000000000000000e+00 0.000000000000000000e+00 0.000000000000000000e+00 1.600098796188831329e-03 7.739385473541915417e-04
4.729237407445907593e-03 0.000000000000000000e+00 0.000000000000000000e+00 0.000000000000000000e+00 2.559684449806809425e-03 0.000000000000000000e+00 1.426080008968710899e-03 1.762171508744359016e-03 1.884667290141806006e-05 1.912891282700002193e-03 0.000000000000000000e+00
8.491439075442031026e-05 1.709825446596369147e-04 7.317304698517546058e-05 1.177962985821068287e-04 0.000000000000000000e+00 1.147586808656342328e-04 7.496018952224403620e-05 5.233404954196885228e-05 1.129874653997831047e-04 1.555100752739235759e-04 2.948895271401852369e-04
0.000000000000000000e+00 0.000000000000000000e+00 3.605559933930635452e-03 2.439907519146800041e-03 0.000000000000000000e+00 1.058761682361364365e-02 0.000000000000000000e+00 0.000000000000000000e+00 0.000000000000000000e+00 3.246598411351442337e-03 1.375766377896070480e-02
3.482933621853590012e-03 1.438558683730661869e-04 0.000000000000000000e+00 0.000000000000000000e+00 0.000000000000000000e+00 1.285726204514503479e-03 0.000000000000000000e+00 2.285873750224709511e-03 5.119804991409182549e-04 3.504680236801505089e-03 2.479556133039295673e-04
0.000000000000000000e+00 2.747496357187628746e-03 0.000000000000000000e+00 0.000000000000000000e+00 0.000000000000000000e+00 2.009074523812159896e-04 2.106998814269900322e-03 0.000000000000000000e+00 7.884951191954314709e-04 0.000000000000000000e+00 3.137410385534167290e-04
0.000000000000000000e+00 8.623391622677445412e-04 0.000000000000000000e+00 0.000000000000000000e+00 0.000000000000000000e+00 1.060665468685328960e-03 0.000000000000000000e+00 0.000000000000000000e+00 0.000000000000000000e+00 1.568490522913634777e-03 1.478078193031251431e-03
4.298790823668241501e-03 2.964708255603909492e-03 2.331423806026577950e-03 0.000000000000000000e+00 1.022851187735795975e-02 0.000000000000000000e+00 0.000000000000000000e+00 8.199138101190328598e-04 1.846603001467883587e-03 0.000000000000000000e+00 1.960728550329804420e-03
0.000000000000000000e+00 7.091308589224354364e-07 2.293563966304645874e-06 6.893654358464118559e-07 2.861811253751511686e-06 0.000000000000000000e+00 1.593345928085909691e-06 1.778157638909760863e-06 0.000000000000000000e+00 1.022200422085006721e-06 0.000000000000000000e+00
