0.000000000000000000e+00 6.933368444442749023e-01 2.237641796875000000e+04 0.000000000000000000e+00 0.000000000000000000e+00 0.000000000000000000e+00 1.356110449218750000e+04 2.387694396972656250e+02 9.640992736816406250e+01 8.497313247062265873e-04 0.000000000000000000e+00
3.298290625000000000e+04 2.051154384389519691e-03 7.448425781250000000e+03 1.192211132812500000e+04 1.248797052539885044e-03 2.756233215332031250e+00 1.753654687500000000e+04 7.825891113281250000e+01 2.698948046875000000e+04 2.189921875000000000e+04 2.561458007812500000e+04
3.513053512573242188e+01 3.284831542968750000e+03 6.627946902426629094e-08 8.130271732807159424e-02 2.737316131591796875e+00 2.730379394531250000e+03 4.360659122467041016e+00 2.745009027421474457e-03 1.582329406738281250e+02 6.473400390625000000e+03 6.767046637833118439e-03
1.123684179687500000e+04 0.000000000000000000e+00 9.617553710937500000e+00 1.657033843994140625e+02 1.947737182617187500e+03 3.877333450317382812e+01 1.415866333007812500e+03 8.374562500000000000e+03 1.246169238281250000e+04 2.903067398071289062e+01 4.197875000000000000e+03
5.910947322845458984e+00 2.633720874786376953e+00 2.176524400711059570e+00 1.077314853668212891e+00 0.000000000000000000e+00 4.500108361244201660e-01 1.957385182380676270e+00 4.832749366760253906e-01 6.308191269636154175e-02 4.651430130004882812e+00 1.689727973937988281e+01
0.000000000000000000e+00 0.000000000000000000e+00 0.000000000000000000e+00 0.000000000000000000e+00 0.000000000000000000e+00 0.000000000000000000e+00 0.000000000000000000e+00 0.000000000000000000e+00 0.000000000000000000e+00 0.000000000000000000e+00 0.000000000000000000e+00
1.978034057617187500e+02 5.407478515625000000e+03 4.132846593856811523e-01 1.426279980468750000e+04 0.000000000000000000e+00 1.701923757791519165e-01 7.007186412811279297e-01 1.941123753786087036e-01 3.419422388076782227e+00 4.739545822143554688e+01 2.588800000000000000e+04
9.290847629017662257e-07 3.609365722656250000e+03 3.347743225097656250e+01 1.657867105677723885e-03 1.469957812500000000e+04 1.314559375000000000e+04 5.968648910522460938e+00 1.192895312500000000e+04 1.524531860351562500e+02 1.403287982940673828e+01 7.317559570312500000e+03
0.000000000000000000e+00 2.977949142456054688e+00 1.281242578125000000e+04 5.613445434570312500e+02 6.330237956717610359e-04 1.335188140869140625e+02 2.770363281250000000e+03 1.630695700645446777e+00 5.879465820312500000e+03 0.000000000000000000e+00 4.564299804687500000e+03
0.000000000000000000e+00 0.000000000000000000e+00 0.000000000000000000e+00 0.000000000000000000e+00 1.829220962524414062e+01 0.000000000000000000e+00 0.000000000000000000e+00 0.000000000000000000e+00 0.000000000000000000e+00 0.000000000000000000e+00 0.000000000000000000e+00
0.000000000000000000e+00 1.710930257104337215e-03 1.374534517526626587e-01 4.397646524012088776e-03 2.016703784465789795e-01 0.000000000000000000e+00 4.706753790378570557e-02 1.169186085462570190e-01 8.547105244360864162e-05 8.440126478672027588e-02 1.439684729120926932e-05
