0.000000000000000000e+00 0.000000000000000000e+00 3.938728868961334229e-01 0.000000000000000000e+00 0.000000000000000000e+00 0.000000000000000000e+00 5.681655406951904297e-01 8.072615601122379303e-03 1.284562498331069946e-01 0.000000000000000000e+00 0.000000000000000000e+00
6.335891783237457275e-02 0.000000000000000000e+00 3.999401256442070007e-02 2.014431506395339966e-01 2.672168985009193420e-02 0.000000000000000000e+00 2.865910343825817108e-02 0.000000000000000000e+00 5.786798428744077682e-03 6.195051968097686768e-02 1.806524544954299927e-01
0.000000000000000000e+00 2.131479531526565552e-01 4.668421112000942230e-03 5.477937520481646061e-04 0.000000000000000000e+00 1.868991702795028687e-01 7.063335180282592773e-02 0.000000000000000000e+00 7.302666455507278442e-02 1.233205478638410568e-02 5.914486479014158249e-03
2.605216810479760170e-03 0.000000000000000000e+00 0.000000000000000000e+00 8.296336745843291283e-04 1.261919643729925156e-02 8.692486584186553955e-02 0.000000000000000000e+00 1.808047294616699219e-01 3.703714907169342041e-02 1.890491507947444916e-02 0.000000000000000000e+00
7.085637189447879791e-04 9.944654302671551704e-04 9.092189138755202293e-04 1.704502385109663010e-03 0.000000000000000000e+00 1.547342515550553799e-03 9.781594853848218918e-04 2.862309920601546764e-04 7.028013351373374462e-04 2.194951055571436882e-03 3.672884777188301086e-03
0.000000000000000000e+00 0.000000000000000000e+00 0.000000000000000000e+00 0.000000000000000000e+00 0.000000000000000000e+00 0.000000000000000000e+00 0.000000000000000000e+00 0.000000000000000000e+00 0.000000000000000000e+00 0.000000000000000000e+00 0.000000000000000000e+00
5.861646682024002075e-02 4.206535965204238892e-02 0.000000000000000000e+00 3.591290488839149475e-02 0.000000000000000000e+00 7.052297238260507584e-03 1.838144101202487946e-02 1.038336288183927536e-02 4.286270588636398315e-02 8.226404339075088501e-02 7.700329273939132690e-02
0.000000000000000000e+00 1.245899349451065063e-01 1.615164875984191895e-01 5.762438476085662842e-02 7.628428749740123749e-03 0.000000000000000000e+00 3.317633271217346191e-02 3.189438879489898682e-01 7.972578704357147217e-02 1.134957768954336643e-03 1.663052663207054138e-02
2.005709568038582802e-03 6.103290617465972900e-02 1.636450886726379395e-01 3.129287436604499817e-02 3.333635255694389343e-02 0.000000000000000000e+00 2.636330574750900269e-02 6.097219418734312057e-03 1.066448315978050232e-01 1.116404756903648376e-01 1.189002841711044312e-01
1.504865661263465881e-02 6.680459249764680862e-03 2.189016668125987053e-03 0.000000000000000000e+00 1.858342587947845459e-01 0.000000000000000000e+00 0.000000000000000000e+00 0.000000000000000000e+00 7.589893415570259094e-03 0.000000000000000000e+00 1.269160863012075424e-02
0.000000000000000000e+00 3.829131856036838144e-06 1.040581628330983222e-05 4.219326910970266908e-06 1.249570595973636955e-05 0.000000000000000000e+00 5.772554686700459570e-06 6.200722054927609861e-06 1.789659762607698212e-07 5.315114322002045810e-06 0.000000000000000000e+00
