0.000000000000000000e+00 2.132495166733860970e-03 1.275350921787321568e-03 0.000000000000000000e+00 0.000000000000000000e+00 0.000000000000000000e+00 1.683575101196765900e-03 3.313401248306035995e-03 2.334200544282793999e-03 0.000000000000000000e+00 0.000000000000000000e+00
1.725952373817563057e-03 0.000000000000000000e+00 2.872342709451913834e-03 1.186949899420142174e-03 4.333671677159145474e-05 0.000000000000000000e+00 1.129132229834794998e-03 0.000000000000000000e+00 0.000000000000000000e+00 0.000000000000000000e+00 1.230113848578184843e-04
0.000000000000000000e+00 0.000000000000000000e+00 4.403769562486559153e-04 2.307663671672344208e-03 0.000000000000000000e+00 3.274523885920643806e-03 1.060975133441388607e-03 0.000000000000000000e+00 0.000000000000000000e+00 9.659881470724940300e-04 0.000000000000000000e+00
3.888004925101995468e-03 0.000000000000000000e+00 0.000000000000000000e+00 1.259261975064873695e-03 1.260831777472048998e-04 5.555818206630647182e-04 7.651090854778885841e-04 3.594250418245792389e-03 2.374012488871812820e-03 8.508255705237388611e-04 0.000000000000000000e+00
1.130600940086878836e-04 2.114774833898991346e-04 1.045878670993261039e-04 1.182334162876941264e-04 0.000000000000000000e+00 1.185818400699645281e-04 1.412843266734853387e-04 8.304893708555027843e-05 1.038680347846820951e-04 1.660299749346449971e-04 4.534129111561924219e-04
0.000000000000000000e+00 3.150156699120998383e-03 2.075062133371829987e-03 1.045091543346643448e-03 0.000000000000000000e+00 9.101549163460731506e-03 3.948726807720959187e-04 0.000000000000000000e+00 0.000000000000000000e+00 2.971311798319220543e-03 1.312455162405967712e-02
7.490835268981754780e-04 1.173478318378329277e-03 0.000000000000000000e+00 5.646889330819249153e-04 0.000000000000000000e+00 1.198411337099969387e-03 0.000000000000000000e+00 1.837438030634075403e-04 2.222246024757623672e-03 2.370283007621765137e-03 0.000000000000000000e+00
0.000000000000000000e+00 0.000000000000000000e+00 0.000000000000000000e+00 0.000000000000000000e+00 0.000000000000000000e+00 0.000000000000000000e+00 0.000000000000000000e+00 0.000000000000000000e+00 1.590874308021739125e-04 0.000000000000000000e+00 7.775658741593360901e-04
0.000000000000000000e+00 0.000000000000000000e+00 2.036910271272063255e-03 0.000000000000000000e+00 0.000000000000000000e+00 5.592112429440021515e-04 2.091004513204097748e-03 1.231543719768524170e-03 1.511274313088506460e-04 9.032682282850146294e-05 1.571659347973763943e-03
2.081282204017043114e-03 3.713381709530949593e-03 4.142774734646081924e-03 0.000000000000000000e+00 7.726413197815418243e-03 1.662283029872924089e-04 0.000000000000000000e+00 0.000000000000000000e+00 3.027956001460552216e-03 0.000000000000000000e+00 1.094701932743191719e-03
0.000000000000000000e+00 2.614104460008093156e-06 9.958505870599765331e-06 8.845675438351463526e-06 1.389317094435682520e-05 0.000000000000000000e+00 9.394218068337067962e-06 1.317406076850602403e-05 0.000000000000000000e+00 9.681553819973487407e-06 4.099297257198486477e-06
