0.000000000000000000e+00 0.000000000000000000e+00 2.756270114332437515e-03 0.000000000000000000e+00 0.000000000000000000e+00 0.000000000000000000e+00 2.272484824061393738e-03 4.041972104460000992e-03 1.753710559569299221e-03 5.992471124045550823e-04 0.000000000000000000e+00
8.055764250457286835e-03 0.000000000000000000e+00 0.000000000000000000e+00 0.000000000000000000e+00 0.000000000000000000e+00 0.000000000000000000e+00 0.000000000000000000e+00 0.000000000000000000e+00 0.000000000000000000e+00 0.000000000000000000e+00 5.181821179576218128e-04
0.000000000000000000e+00 9.327346924692392349e-04 0.000000000000000000e+00 0.000000000000000000e+00 0.000000000000000000e+00 4.894546233117580414e-03 0.000000000000000000e+00 0.000000000000000000e+00 9.977986104786396027e-03 3.795979078859090805e-03 0.000000000000000000e+00
1.271552499383687973e-02 0.000000000000000000e+00 0.000000000000000000e+00 1.296320551773533225e-04 6.632669363170862198e-03 0.000000000000000000e+00 4.398835008032619953e-04 6.675819400697946548e-03 3.070494858548045158e-03 4.635029006749391556e-03 0.000000000000000000e+00
1.061577786458656192e-04 2.056919911410659552e-04 4.066097899340093136e-04 2.558599517215043306e-04 0.000000000000000000e+00 2.286258823005482554e-04 2.224571653641760349e-04 2.466168079990893602e-04 3.248199645895510912e-04 3.684819093905389309e-04 7.730908691883087158e-04
0.000000000000000000e+00 0.000000000000000000e+00 0.000000000000000000e+00 0.000000000000000000e+00 0.000000000000000000e+00 0.000000000000000000e+00 0.000000000000000000e+00 0.000000000000000000e+00 0.000000000000000000e+00 0.000000000000000000e+00 0.000000000000000000e+00
2.653638366609811783e-03 1.003396976739168167e-02 0.000000000000000000e+00 1.252875081263482571e-03 0.000000000000000000e+00 0.000000000000000000e+00 1.977661158889532089e-03 5.987036507576704025e-03 4.742457531392574310e-03 3.950494341552257538e-03 6.301672663539648056e-03
0.000000000000000000e+00 8.789817802608013153e-04 0.000000000000000000e+00 5.760346539318561554e-03 8.140765712596476078e-04 0.000000000000000000e+00 0.000000000000000000e+00 2.113254973664879799e-03 6.595141254365444183e-03 0.000000000000000000e+00 0.000000000000000000e+00
5.781333893537521362e-04 9.446468204259872437e-03 3.712289500981569290e-03 6.099575664848089218e-03 0.000000000000000000e+00 0.000000000000000000e+00 1.078428700566291809e-03 0.000000000000000000e+00 0.000000000000000000e+00 2.822961192578077316e-03 8.867682772688567638e-04
9.220659732818603516e-03 6.506697740405797958e-03 1.072605792433023453e-02 0.000000000000000000e+00 3.085727058351039886e-02 0.000000000000000000e+00 0.000000000000000000e+00 0.000000000000000000e+00 5.553028080612421036e-03 0.000000000000000000e+00 1.325115282088518143e-02
0.000000000000000000e+00 0.000000000000000000e+00 7.517634912801440805e-06 0.000000000000000000e+00 1.735424848448019475e-05 0.000000000000000000e+00 0.000000000000000000e+00 0.000000000000000000e+00 0.000000000000000000e+00 1.214867211274395231e-06 0.000000000000000000e+00
