0.000000000000000000e+00 0.000000000000000000e+00 5.509584676474332809e-03 0.000000000000000000e+00 0.000000000000000000e+00 0.000000000000000000e+00 1.725108013488352299e-03 2.423551632091403008e-03 1.528176595456898212e-03 0.000000000000000000e+00 0.000000000000000000e+00
5.794892553240060806e-03 0.000000000000000000e+00 2.159744733944535255e-03 5.582254845649003983e-03 0.000000000000000000e+00 1.540037483209744096e-04 5.425363313406705856e-03 0.000000000000000000e+00 0.000000000000000000e+00 0.000000000000000000e+00 0.000000000000000000e+00
0.000000000000000000e+00 1.993264071643352509e-03 0.000000000000000000e+00 0.000000000000000000e+00 7.386708632111549377e-03 1.506734406575560570e-03 1.750858937157317996e-04 0.000000000000000000e+00 0.000000000000000000e+00 5.047624930739402771e-03 5.072887986898422241e-03
8.057216182351112366e-03 1.321761636063456535e-03 0.000000000000000000e+00 0.000000000000000000e+00 3.160177584504708648e-05 8.729825494810938835e-04 0.000000000000000000e+00 8.876419626176357269e-03 8.613217505626380444e-04 0.000000000000000000e+00 0.000000000000000000e+00
1.561789540573954582e-04 2.804194227792322636e-04 2.670868416316807270e-04 2.132501103915274143e-04 0.000000000000000000e+00 1.897561160149052739e-04 2.262497873743996024e-04 9.905264596454799175e-05 3.279593074694275856e-04 3.182701475452631712e-04 6.579533801414072514e-04
0.000000000000000000e+00 0.000000000000000000e+00 6.128415465354919434e-03 7.021573837846517563e-03 0.000000000000000000e+00 1.713240705430507660e-02 4.283448215574026108e-03 0.000000000000000000e+00 0.000000000000000000e+00 5.102821625769138336e-03 2.319627813994884491e-02
0.000000000000000000e+00 0.000000000000000000e+00 0.000000000000000000e+00 3.367295488715171814e-03 1.765680150128901005e-03 0.000000000000000000e+00 9.477812564000487328e-04 4.706816747784614563e-03 2.887236885726451874e-03 1.734704594127833843e-03 0.000000000000000000e+00
0.000000000000000000e+00 4.023899789899587631e-03 0.000000000000000000e+00 0.000000000000000000e+00 0.000000000000000000e+00 0.000000000000000000e+00 7.708160555921494961e-04 0.000000000000000000e+00 0.000000000000000000e+00 0.000000000000000000e+00 0.000000000000000000e+00
1.957283820956945419e-03 0.000000000000000000e+00 2.508830046281218529e-03 8.097811951301991940e-04 0.000000000000000000e+00 6.944314809516072273e-04 2.277985680848360062e-03 0.000000000000000000e+00 0.000000000000000000e+00 4.113754723221063614e-03 2.122409176081418991e-03
3.847527550533413887e-03 7.226136978715658188e-03 8.581980131566524506e-03 0.000000000000000000e+00 1.445880718529224396e-02 0.000000000000000000e+00 2.639670157805085182e-03 0.000000000000000000e+00 5.079557653516530991e-03 4.744598176330327988e-03 3.960421308875083923e-03
0.000000000000000000e+00 0.000000000000000000e+00 4.067332611157326028e-06 8.867196470419003163e-07 5.430599230749066919e-06 0.000000000000000000e+00 0.000000000000000000e+00 2.740580384852364659e-06 0.000000000000000000e+00 0.000000000000000000e+00 0.000000000000000000e+00
