0.000000000000000000e+00 1.203377319335937500e+03 2.211167716979980469e+01 0.000000000000000000e+00 0.000000000000000000e+00 0.000000000000000000e+00 8.073220214843750000e+02 1.026731445312500000e+03 3.288714218139648438e+01 4.538077700999565423e-05 0.000000000000000000e+00
6.650241699218750000e+02 0.000000000000000000e+00 2.632283592224121094e+01 2.192929687500000000e+03 5.237133979797363281e+00 4.812698974609375000e+02 1.359287597656250000e+03 0.000000000000000000e+00 2.802531467750668526e-03 1.066883414750918746e-04 2.612032958984375000e+03
3.158490896224975586e+00 1.893403198242187500e+03 0.000000000000000000e+00 2.957872009277343750e+01 2.544512033462524414e+00 1.969868659973144531e+01 5.374093017578125000e+02 2.611364990234375000e+03 6.092210769653320312e+00 6.048176269531250000e+02 5.198433876037597656e+00
6.355463027954101562e+01 1.527745723724365234e+00 2.986555993556976318e-01 3.369828796386718750e+01 3.044446563720703125e+01 5.034437255859375000e+02 1.077487792968750000e+03 3.017763366699218750e+02 2.054613189697265625e+02 2.443975639343261719e+01 6.087550048828125000e+02
4.741924703121185303e-01 8.651385307312011719e-01 3.495188355445861816e-01 4.744303226470947266e-01 1.379441641802259255e-06 3.582976460456848145e-01 6.612947583198547363e-01 4.040181040763854980e-01 4.272964596748352051e-01 8.115062117576599121e-01 2.402675628662109375e+00
0.000000000000000000e+00 0.000000000000000000e+00 0.000000000000000000e+00 0.000000000000000000e+00 0.000000000000000000e+00 1.558593794470652938e-05 0.000000000000000000e+00 0.000000000000000000e+00 0.000000000000000000e+00 0.000000000000000000e+00 1.166763240689761005e-06
1.346763671875000000e+03 3.408559799194335938e+01 3.327182769775390625e+00 7.439033813476562500e+02 8.282827934635861311e-08 1.170590209960937500e+01 7.525592041015625000e+02 3.688506469726562500e+02 2.252069824218750000e+03 9.426564331054687500e+02 1.347495361328125000e+03
0.000000000000000000e+00 2.474213378906250000e+03 1.206669921875000000e+03 4.119647201150655746e-07 2.118639755249023438e+01 2.756540775299072266e-01 5.971453857421875000e+02 1.048062324523925781e+01 1.396330688476562500e+03 7.675131225585937500e+02 1.129199707031250000e+03
0.000000000000000000e+00 1.146231445312500000e+03 1.075991577148437500e+03 7.032246398925781250e+01 1.697235703468322754e+00 3.119023132324218750e+02 4.338578033447265625e+01 1.155637550354003906e+01 3.290825366973876953e+00 1.368590354919433594e+01 7.473245239257812500e+02
0.000000000000000000e+00 0.000000000000000000e+00 0.000000000000000000e+00 0.000000000000000000e+00 0.000000000000000000e+00 0.000000000000000000e+00 0.000000000000000000e+00 0.000000000000000000e+00 0.000000000000000000e+00 0.000000000000000000e+00 0.000000000000000000e+00
0.000000000000000000e+00 1.955244690179824829e-03 1.212151348590850830e-02 1.312494510784745216e-03 1.985578238964080811e-02 0.000000000000000000e+00 9.973602369427680969e-03 7.107578217983245850e-03 5.449497839435935020e-04 1.698045246303081512e-02 0.000000000000000000e+00
