0.000000000000000000e+00 0.000000000000000000e+00 6.245858501642942429e-03 0.000000000000000000e+00 0.000000000000000000e+00 0.000000000000000000e+00 0.000000000000000000e+00 5.850724410265684128e-03 0.000000000000000000e+00 0.000000000000000000e+00 0.000000000000000000e+00
1.483250316232442856e-02 0.000000000000000000e+00 7.604593411087989807e-03 6.607665680348873138e-03 0.000000000000000000e+00 9.214916644850745797e-05 0.000000000000000000e+00 0.000000000000000000e+00 3.555789124220609665e-03 0.000000000000000000e+00 0.000000000000000000e+00
6.916144862771034241e-03 6.788175087422132492e-03 2.471794607117772102e-03 3.004732541739940643e-03 1.493098447099328041e-03 0.000000000000000000e+00 0.000000000000000000e+00 0.000000000000000000e+00 0.000000000000000000e+00 9.485266171395778656e-03 1.821604673750698566e-03
6.606997456401586533e-03 3.253877628594636917e-03 0.000000000000000000e+00 0.000000000000000000e+00 2.868955954909324646e-03 0.000000000000000000e+00 7.175231352448463440e-03 8.946093730628490448e-03 0.000000000000000000e+00 0.000000000000000000e+00 0.000000000000000000e+00
0.000000000000000000e+00 6.500740710180252790e-05 2.330670577066484839e-05 1.168878588941879570e-04 0.000000000000000000e+00 6.451545050367712975e-05 3.909650695277377963e-05 8.004942355910316110e-05 0.000000000000000000e+00 2.172959066228941083e-04 2.976533141918480396e-04
0.000000000000000000e+00 0.000000000000000000e+00 0.000000000000000000e+00 0.000000000000000000e+00 0.000000000000000000e+00 0.000000000000000000e+00 0.000000000000000000e+00 0.000000000000000000e+00 0.000000000000000000e+00 0.000000000000000000e+00 0.000000000000000000e+00
1.129071577452123165e-03 2.690668916329741478e-03 0.000000000000000000e+00 0.000000000000000000e+00 0.000000000000000000e+00 0.000000000000000000e+00 3.030805382877588272e-03 7.264418527483940125e-03 4.986824933439493179e-03 7.964103482663631439e-03 6.039230502210557461e-04
0.000000000000000000e+00 4.675976466387510300e-03 0.000000000000000000e+00 3.094822634011507034e-03 0.000000000000000000e+00 0.000000000000000000e+00 2.974069211632013321e-04 0.000000000000000000e+00 3.905352205038070679e-03 0.000000000000000000e+00 1.583184202900156379e-04
0.000000000000000000e+00 2.912441967055201530e-03 0.000000000000000000e+00 3.267771331593394279e-03 0.000000000000000000e+00 0.000000000000000000e+00 2.455982612445950508e-03 4.074472934007644653e-03 0.000000000000000000e+00 0.000000000000000000e+00 4.901479114778339863e-04
2.029037801548838615e-03 0.000000000000000000e+00 1.282162498682737350e-02 0.000000000000000000e+00 2.593968249857425690e-02 0.000000000000000000e+00 0.000000000000000000e+00 0.000000000000000000e+00 4.458911251276731491e-03 0.000000000000000000e+00 8.209962397813796997e-03
0.000000000000000000e+00 9.176751092354606953e-08 3.944193849747534841e-06 1.677365617069881409e-06 5.925144705543061718e-06 0.000000000000000000e+00 2.033802957157604396e-06 1.580847197146795224e-06 0.000000000000000000e+00 1.228642531714285724e-06 0.000000000000000000e+00
