0.000000000000000000e+00 0.000000000000000000e+00 3.659514244645833969e-03 0.000000000000000000e+00 0.000000000000000000e+00 0.000000000000000000e+00 4.981579259037971497e-03 1.078834850341081619e-02 5.462561268359422684e-03 0.000000000000000000e+00 0.000000000000000000e+00
5.159288644790649414e-03 0.000000000000000000e+00 0.000000000000000000e+00 0.000000000000000000e+00 0.000000000000000000e+00 2.125937491655349731e-03 0.000000000000000000e+00 1.299267401918768883e-03 3.943611867725849152e-03 7.624905090779066086e-03 0.000000000000000000e+00
0.000000000000000000e+00 2.516058506444096565e-03 3.690308425575494766e-03 7.755141996312886477e-05 0.000000000000000000e+00 1.824147813022136688e-02 2.628081245347857475e-03 0.000000000000000000e+00 0.000000000000000000e+00 5.816863849759101868e-03 0.000000000000000000e+00
5.651336163282394409e-03 2.837929408997297287e-03 0.000000000000000000e+00 9.891170775517821312e-04 0.000000000000000000e+00 2.018270752159878612e-04 6.603106856346130371e-03 3.743851557374000549e-03 6.606892216950654984e-03 0.000000000000000000e+00 3.802247578278183937e-03
6.063076216378249228e-05 2.280433982377871871e-04 9.537727601127699018e-05 1.079512658179737628e-04 0.000000000000000000e+00 5.203713953960686922e-05 1.375778811052441597e-04 1.283598976442590356e-04 1.645974698476493359e-04 2.299355110153555870e-04 4.501899238675832748e-04
0.000000000000000000e+00 0.000000000000000000e+00 0.000000000000000000e+00 0.000000000000000000e+00 0.000000000000000000e+00 0.000000000000000000e+00 0.000000000000000000e+00 0.000000000000000000e+00 0.000000000000000000e+00 0.000000000000000000e+00 4.976389929652214050e-03
0.000000000000000000e+00 3.573150373995304108e-03 0.000000000000000000e+00 0.000000000000000000e+00 6.625989917665719986e-04 8.442219696007668972e-04 3.849641652777791023e-03 2.163237892091274261e-03 6.298492662608623505e-03 5.011714063584804535e-03 1.153079979121685028e-02
0.000000000000000000e+00 0.000000000000000000e+00 0.000000000000000000e+00 6.462945137172937393e-03 6.000689696520566940e-03 0.000000000000000000e+00 0.000000000000000000e+00 9.684701799415051937e-04 8.423258550465106964e-03 0.000000000000000000e+00 0.000000000000000000e+00
0.000000000000000000e+00 5.784510634839534760e-03 3.960519097745418549e-03 0.000000000000000000e+00 0.000000000000000000e+00 1.696585328318178654e-03 0.000000000000000000e+00 0.000000000000000000e+00 0.000000000000000000e+00 0.000000000000000000e+00 8.764877915382385254e-03
1.004468929022550583e-02 3.497558413073420525e-03 8.390158414840698242e-03 0.000000000000000000e+00 3.118045628070831299e-02 0.000000000000000000e+00 0.000000000000000000e+00 0.000000000000000000e+00 2.450447529554367065e-03 0.000000000000000000e+00 1.640584506094455719e-02
0.000000000000000000e+00 0.000000000000000000e+00 3.638795760707580484e-06 3.948716312152100727e-06 4.680495294451247901e-06 0.000000000000000000e+00 0.000000000000000000e+00 3.023525891876488458e-07 0.000000000000000000e+00 2.135516524504055269e-06 0.000000000000000000e+00
