0.000000000000000000e+00 0.000000000000000000e+00 5.748784169554710388e-04 0.000000000000000000e+00 0.000000000000000000e+00 0.000000000000000000e+00 0.000000000000000000e+00 2.659682882949709892e-03 0.000000000000000000e+00 0.000000000000000000e+00 0.000000000000000000e+00
1.451379712671041489e-02 0.000000000000000000e+00 0.000000000000000000e+00 0.000000000000000000e+00 0.000000000000000000e+00 0.000000000000000000e+00 5.243716761469841003e-03 9.937850991263985634e-04 2.679379656910896301e-03 0.000000000000000000e+00 1.259577227756381035e-03
0.000000000000000000e+00 4.883159883320331573e-03 0.000000000000000000e+00 2.412169938907027245e-03 2.373517025262117386e-03 3.482066560536623001e-03 9.459882043302059174e-03 0.000000000000000000e+00 1.335346512496471405e-02 3.680834313854575157e-03 0.000000000000000000e+00
1.121221110224723816e-02 0.000000000000000000e+00 0.000000000000000000e+00 4.053123760968446732e-03 1.608108542859554291e-02 0.000000000000000000e+00 0.000000000000000000e+00 1.220179162919521332e-02 1.498169149272143841e-03 0.000000000000000000e+00 0.000000000000000000e+00
4.802893090527504683e-05 2.365316904615610838e-04 2.441037213429808617e-04 4.045188543386757374e-04 0.000000000000000000e+00 4.033170407637953758e-04 2.471187508490402251e-05 0.000000000000000000e+00 0.000000000000000000e+00 5.150762153789401054e-04 8.968248730525374413e-04
0.000000000000000000e+00 0.000000000000000000e+00 0.000000000000000000e+00 0.000000000000000000e+00 0.000000000000000000e+00 5.179744213819503784e-03 0.000000000000000000e+00 0.000000000000000000e+00 0.000000000000000000e+00 0.000000000000000000e+00 0.000000000000000000e+00
1.033931784331798553e-02 5.621308460831642151e-03 0.000000000000000000e+00 2.550837583839893341e-03 0.000000000000000000e+00 7.101989351212978363e-03 2.188500016927719116e-03 1.013704575598239899e-02 3.685256233438849449e-03 8.880713023245334625e-03 1.318373344838619232e-02
0.000000000000000000e+00 5.673890467733144760e-03 4.895580466836690903e-03 0.000000000000000000e+00 2.338826423510909081e-03 1.533115864731371403e-03 8.537677349522709846e-04 0.000000000000000000e+00 4.177014343440532684e-03 0.000000000000000000e+00 5.263416096568107605e-03
1.059878268279135227e-03 7.039749994874000549e-03 0.000000000000000000e+00 0.000000000000000000e+00 4.605336580425500870e-03 1.919060741784051061e-04 9.880045428872108459e-03 0.000000000000000000e+00 0.000000000000000000e+00 8.173907175660133362e-03 5.742099136114120483e-03
8.238623850047588348e-03 9.852874092757701874e-03 1.335225161164999008e-02 0.000000000000000000e+00 4.290688410401344299e-02 4.926118999719619751e-03 0.000000000000000000e+00 0.000000000000000000e+00 1.211586501449346542e-02 0.000000000000000000e+00 8.363893255591392517e-03
0.000000000000000000e+00 1.141884922617464326e-06 1.217809767695143819e-05 0.000000000000000000e+00 2.087904431391507387e-05 0.000000000000000000e+00 8.595280633016955107e-06 6.537835815834114328e-06 0.000000000000000000e+00 0.000000000000000000e+00 0.000000000000000000e+00
