0.000000000000000000e+00 0.000000000000000000e+00 2.505347598344087601e-03 0.000000000000000000e+00 0.000000000000000000e+00 0.000000000000000000e+00 4.052793607115745544e-03 1.392849721014499664e-03 2.505143173038959503e-03 0.000000000000000000e+00 0.000000000000000000e+00
7.386896293610334396e-03 0.000000000000000000e+00 8.519482798874378204e-03 7.015378214418888092e-04 0.000000000000000000e+00 0.000000000000000000e+00 0.000000000000000000e+00 0.000000000000000000e+00 0.000000000000000000e+00 0.000000000000000000e+00 0.000000000000000000e+00
0.000000000000000000e+00 2.487912774085998535e-03 1.849649590440094471e-03 2.264059148728847504e-03 0.000000000000000000e+00 4.536191001534461975e-03 2.972302609123289585e-04 0.000000000000000000e+00 0.000000000000000000e+00 3.233951050788164139e-03 0.000000000000000000e+00
6.097423844039440155e-03 0.000000000000000000e+00 0.000000000000000000e+00 3.142221597954630852e-03 2.062051324173808098e-03 0.000000000000000000e+00 6.037804996594786644e-04 4.080598242580890656e-03 0.000000000000000000e+00 1.165879075415432453e-03 0.000000000000000000e+00
2.065937951556406915e-05 1.652512000873684883e-04 1.026760655804537237e-04 4.226720557198859751e-05 0.000000000000000000e+00 9.111169492825865746e-05 1.024532248266041279e-04 2.896154546760953963e-05 5.263149796519428492e-05 1.147954390035010874e-04 3.356558736413717270e-04
0.000000000000000000e+00 1.142477733083069324e-03 3.363827476277947426e-03 0.000000000000000000e+00 0.000000000000000000e+00 1.670864969491958618e-02 0.000000000000000000e+00 2.976976800709962845e-03 0.000000000000000000e+00 4.616322927176952362e-03 2.365757152438163757e-02
2.711219945922493935e-03 1.798744080588221550e-03 0.000000000000000000e+00 1.129311393015086651e-03 0.000000000000000000e+00 9.200583444908261299e-04 1.865966129116714001e-03 0.000000000000000000e+00 3.023171797394752502e-03 2.159103751182556152e-03 0.000000000000000000e+00
0.000000000000000000e+00 1.173264347016811371e-03 0.000000000000000000e+00 0.000000000000000000e+00 0.000000000000000000e+00 0.000000000000000000e+00 0.000000000000000000e+00 6.325657595880329609e-04 2.968806365970522165e-04 0.000000000000000000e+00 0.000000000000000000e+00
0.000000000000000000e+00 2.926028100773692131e-03 6.048931740224361420e-03 0.000000000000000000e+00 0.000000000000000000e+00 1.417371793650090694e-03 3.276470815762877464e-03 0.000000000000000000e+00 5.004200502298772335e-04 8.128008921630680561e-04 4.347837995737791061e-03
0.000000000000000000e+00 8.361339569091796875e-04 8.096587844192981720e-03 0.000000000000000000e+00 1.806074008345603943e-02 3.080718452110886574e-04 0.000000000000000000e+00 0.000000000000000000e+00 5.939462222158908844e-03 0.000000000000000000e+00 4.317673388868570328e-03
0.000000000000000000e+00 0.000000000000000000e+00 1.320159981332835741e-06 5.717935778193350416e-07 2.509980731701944023e-06 0.000000000000000000e+00 1.037075207932502963e-06 1.334490889348671772e-06 0.000000000000000000e+00 1.058545990417769644e-06 0.000000000000000000e+00
