0.000000000000000000e+00 0.000000000000000000e+00 1.627509689331054688e+01 0.000000000000000000e+00 0.000000000000000000e+00 0.000000000000000000e+00 4.359619140625000000e+01 2.947748374938964844e+01 7.274955749511718750e+00 0.000000000000000000e+00 0.000000000000000000e+00
2.338403701782226562e+00 1.455985260009765625e+02 2.750525951385498047e+00 1.230320205688476562e+02 4.922775626182556152e-01 5.242791771888732910e-01 4.658423614501953125e+01 8.626745223999023438e+00 1.761754760742187500e+02 8.680638122558593750e+01 2.565434875488281250e+02
4.206590270996093750e+01 5.914122009277343750e+01 1.896153640747070312e+01 2.278924942016601562e+01 2.453978538513183594e+00 3.269042968750000000e+01 7.042031860351562500e+01 3.103292584419250488e-01 5.681819915771484375e-01 1.305324554443359375e+02 0.000000000000000000e+00
1.400412178039550781e+01 1.820827648043632507e-02 1.349125504493713379e+00 1.516246557235717773e+00 1.170188426971435547e+00 1.267548942565917969e+01 5.663725662231445312e+01 6.371518373489379883e-01 1.361605834960937500e+01 1.524720549583435059e+00 8.340734481811523438e+00
1.809089332818984985e-01 5.745246410369873047e-01 3.659310638904571533e-01 2.650735676288604736e-01 0.000000000000000000e+00 8.109409362077713013e-03 3.894785642623901367e-01 1.029668562114238739e-02 3.114289641380310059e-01 6.971732378005981445e-01 1.082750916481018066e+00
0.000000000000000000e+00 0.000000000000000000e+00 0.000000000000000000e+00 0.000000000000000000e+00 0.000000000000000000e+00 0.000000000000000000e+00 0.000000000000000000e+00 0.000000000000000000e+00 0.000000000000000000e+00 0.000000000000000000e+00 1.723503112792968750e+01
3.757309722900390625e+01 4.837568849325180054e-03 0.000000000000000000e+00 2.093915939331054688e+01 1.089471459388732910e+00 1.670632171630859375e+01 2.533239364624023438e+00 3.037439584732055664e+00 4.882603073120117188e+01 4.681127166748046875e+01 6.570058441162109375e+01
6.966107368469238281e+00 4.521130371093750000e+01 8.860229492187500000e+01 1.380525354761630297e-04 3.063887405395507812e+01 5.085830211639404297e+00 1.469771728515625000e+02 1.854963378906250000e+02 2.770999145507812500e+02 1.395257263183593750e+02 8.822760009765625000e+01
3.236608505249023438e-01 1.321424560546875000e+02 4.687265872955322266e+00 6.806352233886718750e+01 1.418551050846872386e-06 6.001758575439453125e+00 1.379089474678039551e+00 1.169335479736328125e+02 7.073798370361328125e+01 4.149842453002929688e+01 1.062218284606933594e+01
0.000000000000000000e+00 6.577028036117553711e-01 2.747313737869262695e+00 0.000000000000000000e+00 1.345840148925781250e+02 3.233975265175104141e-03 2.898581884801387787e-02 0.000000000000000000e+00 0.000000000000000000e+00 0.000000000000000000e+00 1.597626924514770508e+00
0.000000000000000000e+00 4.088443165528587997e-05 1.500471215695142746e-02 6.044351961463689804e-03 1.653655245900154114e-02 0.000000000000000000e+00 6.301323883235454559e-03 6.578647065907716751e-03 3.794137683144072071e-06 5.925009958446025848e-03 1.384394476190209389e-03
