0.000000000000000000e+00 0.000000000000000000e+00 4.964623134583234787e-03 0.000000000000000000e+00 0.000000000000000000e+00 0.000000000000000000e+00 2.365550957620143890e-03 1.227235654368996620e-03 9.693146683275699615e-03 0.000000000000000000e+00 0.000000000000000000e+00
8.375561796128749847e-03 0.000000000000000000e+00 2.345704473555088043e-03 0.000000000000000000e+00 0.000000000000000000e+00 0.000000000000000000e+00 0.000000000000000000e+00 0.000000000000000000e+00 0.000000000000000000e+00 0.000000000000000000e+00 0.000000000000000000e+00
0.000000000000000000e+00 1.231212075799703598e-02 0.000000000000000000e+00 0.000000000000000000e+00 2.337403129786252975e-03 0.000000000000000000e+00 8.145507308654487133e-04 0.000000000000000000e+00 1.368427369743585587e-02 2.778494032099843025e-03 0.000000000000000000e+00
6.442591547966003418e-03 0.000000000000000000e+00 0.000000000000000000e+00 0.000000000000000000e+00 1.349737402051687241e-02 0.000000000000000000e+00 0.000000000000000000e+00 1.798096857964992523e-02 0.000000000000000000e+00 0.000000000000000000e+00 0.000000000000000000e+00
1.071528386091813445e-04 4.481312062125653028e-04 3.669379511848092079e-04 3.808155597653239965e-04 0.000000000000000000e+00 2.988610940519720316e-04 1.440714549971744418e-04 2.130940847564488649e-04 1.070634971256367862e-04 3.936342545785009861e-04 7.261685095727443695e-04
0.000000000000000000e+00 0.000000000000000000e+00 0.000000000000000000e+00 0.000000000000000000e+00 0.000000000000000000e+00 9.903066093102097511e-04 0.000000000000000000e+00 0.000000000000000000e+00 0.000000000000000000e+00 0.000000000000000000e+00 0.000000000000000000e+00
8.781804703176021576e-03 6.928432267159223557e-03 0.000000000000000000e+00 3.273427020758390427e-03 0.000000000000000000e+00 3.205781104043126106e-03 4.739540629088878632e-03 4.189152736216783524e-03 0.000000000000000000e+00 2.828171476721763611e-03 1.890236628241837025e-03
0.000000000000000000e+00 7.443706505000591278e-03 1.877727481769397855e-04 1.834438648074865341e-03 5.201813764870166779e-04 0.000000000000000000e+00 0.000000000000000000e+00 0.000000000000000000e+00 1.614177832379937172e-03 0.000000000000000000e+00 0.000000000000000000e+00
0.000000000000000000e+00 3.520363708958029747e-03 0.000000000000000000e+00 8.466495200991630554e-03 0.000000000000000000e+00 0.000000000000000000e+00 8.068956434726715088e-03 0.000000000000000000e+00 0.000000000000000000e+00 4.985490348190069199e-03 8.172107860445976257e-03
7.939344272017478943e-03 4.078778903931379318e-03 1.172248739749193192e-02 0.000000000000000000e+00 3.913018852472305298e-02 9.955825284123420715e-03 1.833422924391925335e-03 0.000000000000000000e+00 0.000000000000000000e+00 0.000000000000000000e+00 2.911045448854565620e-03
0.000000000000000000e+00 0.000000000000000000e+00 4.576412720780353993e-06 0.000000000000000000e+00 1.221975617227144539e-05 0.000000000000000000e+00 0.000000000000000000e+00 3.721110488186241128e-06 0.000000000000000000e+00 1.495145511398732197e-06 0.000000000000000000e+00
