0.000000000000000000e+00 0.000000000000000000e+00 2.122552599757909775e-03 0.000000000000000000e+00 0.000000000000000000e+00 0.000000000000000000e+00 0.000000000000000000e+00 9.305264800786972046e-03 7.747050840407609940e-04 0.000000000000000000e+00 0.000000000000000000e+00
7.477257400751113892e-03 0.000000000000000000e+00 6.397194694727659225e-03 0.000000000000000000e+00 0.000000000000000000e+00 0.000000000000000000e+00 0.000000000000000000e+00 2.331078285351395607e-03 5.693513434380292892e-03 0.000000000000000000e+00 1.728933784761466086e-05
0.000000000000000000e+00 0.000000000000000000e+00 0.000000000000000000e+00 0.000000000000000000e+00 2.708683023229241371e-04 5.893470719456672668e-03 0.000000000000000000e+00 0.000000000000000000e+00 4.884091205894947052e-03 1.091801561415195465e-02 5.266122752800583839e-04
3.472504206001758575e-03 0.000000000000000000e+00 0.000000000000000000e+00 2.284275833517313004e-03 1.020021364092826843e-02 2.695047995075583458e-03 0.000000000000000000e+00 2.043066080659627914e-03 0.000000000000000000e+00 0.000000000000000000e+00 0.000000000000000000e+00
4.089224239578470588e-05 1.116681887651793659e-04 9.910367225529626012e-05 3.299592572147957981e-05 0.000000000000000000e+00 7.253737567225471139e-05 2.299369225511327386e-05 0.000000000000000000e+00 9.866960681392811239e-06 2.252067060908302665e-04 2.914500073529779911e-04
0.000000000000000000e+00 0.000000000000000000e+00 0.000000000000000000e+00 0.000000000000000000e+00 0.000000000000000000e+00 0.000000000000000000e+00 0.000000000000000000e+00 0.000000000000000000e+00 0.000000000000000000e+00 0.000000000000000000e+00 0.000000000000000000e+00
0.000000000000000000e+00 4.857294727116823196e-03 0.000000000000000000e+00 1.031006569974124432e-03 0.000000000000000000e+00 0.000000000000000000e+00 4.563642200082540512e-03 5.058179609477519989e-03 0.000000000000000000e+00 4.976241383701562881e-03 0.000000000000000000e+00
0.000000000000000000e+00 0.000000000000000000e+00 1.565897255204617977e-03 0.000000000000000000e+00 3.389467950910329819e-03 0.000000000000000000e+00 0.000000000000000000e+00 9.310822002589702606e-03 6.287131458520889282e-03 2.245478332042694092e-03 0.000000000000000000e+00
0.000000000000000000e+00 2.136908471584320068e-03 3.759344108402729034e-03 0.000000000000000000e+00 0.000000000000000000e+00 1.947477110661566257e-03 5.658449605107307434e-03 0.000000000000000000e+00 3.482418833300471306e-03 0.000000000000000000e+00 0.000000000000000000e+00
5.005174782127141953e-03 4.910723771899938583e-03 2.317747101187705994e-03 0.000000000000000000e+00 2.995346114039421082e-02 7.336544804275035858e-03 0.000000000000000000e+00 0.000000000000000000e+00 1.344029675237834454e-03 0.000000000000000000e+00 1.317481789737939835e-02
0.000000000000000000e+00 0.000000000000000000e+00 5.756077143814763986e-07 0.000000000000000000e+00 3.630406581578426994e-06 0.000000000000000000e+00 0.000000000000000000e+00 0.000000000000000000e+00 0.000000000000000000e+00 0.000000000000000000e+00 0.000000000000000000e+00
