0.000000000000000000e+00 1.058742031455039978e-02 0.000000000000000000e+00 0.000000000000000000e+00 0.000000000000000000e+00 0.000000000000000000e+00 3.395448438823223114e-04 4.491874016821384430e-03 0.000000000000000000e+00 0.000000000000000000e+00 0.000000000000000000e+00
7.807229645550251007e-03 0.000000000000000000e+00 4.311744589358568192e-03 9.846420725807547569e-04 0.000000000000000000e+00 0.000000000000000000e+00 0.000000000000000000e+00 2.274910220876336098e-04 4.739343188703060150e-03 0.000000000000000000e+00 0.000000000000000000e+00
0.000000000000000000e+00 1.167930662631988525e-02 2.442704513669013977e-03 0.000000000000000000e+00 0.000000000000000000e+00 2.185546606779098511e-02 1.308758859522640705e-03 0.000000000000000000e+00 0.000000000000000000e+00 9.192769415676593781e-03 0.000000000000000000e+00
6.377356126904487610e-03 0.000000000000000000e+00 0.000000000000000000e+00 2.659533347468823195e-04 0.000000000000000000e+00 0.000000000000000000e+00 0.000000000000000000e+00 0.000000000000000000e+00 0.000000000000000000e+00 9.287513792514801025e-03 0.000000000000000000e+00
1.633012579986825585e-04 2.704464131966233253e-04 5.777667320217005908e-05 2.496711676940321922e-04 0.000000000000000000e+00 2.772066800389438868e-04 2.689182001631706953e-04 9.285975829698145390e-05 2.917045494541525841e-04 3.377147950232028961e-04 6.490813684649765491e-04
0.000000000000000000e+00 0.000000000000000000e+00 0.000000000000000000e+00 0.000000000000000000e+00 0.000000000000000000e+00 0.000000000000000000e+00 0.000000000000000000e+00 0.000000000000000000e+00 0.000000000000000000e+00 0.000000000000000000e+00 5.278022959828376770e-03
1.057893224060535431e-02 0.000000000000000000e+00 0.000000000000000000e+00 0.000000000000000000e+00 1.816532108932733536e-03 4.119101446121931076e-03 4.704125691205263138e-03 8.743578568100929260e-03 5.698648281395435333e-03 0.000000000000000000e+00 1.281795557588338852e-02
0.000000000000000000e+00 2.108722738921642303e-02 1.830000430345535278e-03 0.000000000000000000e+00 0.000000000000000000e+00 3.533452283591032028e-03 0.000000000000000000e+00 2.203983487561345100e-03 6.322389934211969376e-03 0.000000000000000000e+00 1.978324027732014656e-03
0.000000000000000000e+00 4.629949573427438736e-03 0.000000000000000000e+00 0.000000000000000000e+00 0.000000000000000000e+00 7.697915658354759216e-03 5.582431796938180923e-03 2.439411182422190905e-04 0.000000000000000000e+00 0.000000000000000000e+00 0.000000000000000000e+00
2.114465227350592613e-03 7.986146956682205200e-04 1.000443007797002792e-02 0.000000000000000000e+00 4.129522666335105896e-02 9.957482106983661652e-03 0.000000000000000000e+00 0.000000000000000000e+00 3.680144203826785088e-03 0.000000000000000000e+00 2.136238850653171539e-02
0.000000000000000000e+00 0.000000000000000000e+00 5.331764896254753694e-06 1.554127607050759252e-06 8.039884960453491658e-06 0.000000000000000000e+00 0.000000000000000000e+00 3.368095804034965113e-06 0.000000000000000000e+00 3.769589966395869851e-06 0.000000000000000000e+00
