0.000000000000000000e+00 2.638231730088591576e-03 0.000000000000000000e+00 0.000000000000000000e+00 0.000000000000000000e+00 0.000000000000000000e+00 2.363900188356637955e-03 8.223688229918479919e-03 1.756232930347323418e-03 0.000000000000000000e+00 0.000000000000000000e+00
5.857370793819427490e-03 0.000000000000000000e+00 5.484124645590782166e-03 0.000000000000000000e+00 3.172226715832948685e-03 0.000000000000000000e+00 1.799654273781925440e-04 2.695961389690637589e-03 3.524646628648042679e-03 0.000000000000000000e+00 0.000000000000000000e+00
0.000000000000000000e+00 2.158434363082051277e-03 0.000000000000000000e+00 0.000000000000000000e+00 4.103617276996374130e-03 3.632756648585200310e-03 1.760105253197252750e-03 3.834562143310904503e-03 4.684638115577399731e-04 6.917889695614576340e-03 5.359294824302196503e-03
6.621430162340402603e-03 0.000000000000000000e+00 0.000000000000000000e+00 1.164319808594882488e-03 4.855799023061990738e-03 0.000000000000000000e+00 0.000000000000000000e+00 0.000000000000000000e+00 0.000000000000000000e+00 0.000000000000000000e+00 0.000000000000000000e+00
9.393986692884936929e-05 1.657740358496084809e-04 4.053612792631611228e-05 3.048784274142235518e-04 0.000000000000000000e+00 2.148738858522847295e-04 3.032764070667326450e-04 7.428016397170722485e-05 2.600548323243856430e-04 2.690383698791265488e-04 3.670666192192584276e-04
0.000000000000000000e+00 6.665589171461760998e-05 1.471170689910650253e-03 1.928251236677169800e-03 0.000000000000000000e+00 1.772003993391990662e-02 0.000000000000000000e+00 9.809771290747448802e-05 0.000000000000000000e+00 5.967603996396064758e-03 2.422265522181987762e-02
4.323945380747318268e-03 0.000000000000000000e+00 0.000000000000000000e+00 5.367365665733814240e-03 0.000000000000000000e+00 5.933852400630712509e-03 3.842259524390101433e-03 1.004814822226762772e-02 2.158065559342503548e-03 6.862572394311428070e-03 8.702296763658523560e-03
0.000000000000000000e+00 6.164288148283958435e-03 2.439629053696990013e-03 0.000000000000000000e+00 4.197886213660240173e-03 1.016082125715911388e-03 2.561756176874041557e-03 0.000000000000000000e+00 2.482493175193667412e-03 0.000000000000000000e+00 0.000000000000000000e+00
2.215458080172538757e-03 4.758650436997413635e-03 0.000000000000000000e+00 0.000000000000000000e+00 0.000000000000000000e+00 1.917050685733556747e-03 1.389110460877418518e-03 2.334774471819400787e-03 0.000000000000000000e+00 0.000000000000000000e+00 0.000000000000000000e+00
7.343489676713943481e-03 2.502212300896644592e-03 1.009748596698045731e-02 4.940798040479421616e-03 2.190613746643066406e-02 0.000000000000000000e+00 0.000000000000000000e+00 0.000000000000000000e+00 1.096093794330954552e-03 0.000000000000000000e+00 6.092790514230728149e-03
0.000000000000000000e+00 0.000000000000000000e+00 0.000000000000000000e+00 0.000000000000000000e+00 1.114154883907758631e-06 0.000000000000000000e+00 1.683937398411217146e-07 0.000000000000000000e+00 0.000000000000000000e+00 0.000000000000000000e+00 1.824261772753743571e-07
