0.000000000000000000e+00 0.000000000000000000e+00 0.000000000000000000e+00 0.000000000000000000e+00 0.000000000000000000e+00 0.000000000000000000e+00 3.832484595477581024e-03 3.664385993033647537e-03 0.000000000000000000e+00 0.000000000000000000e+00 0.000000000000000000e+00
2.882632426917552948e-03 0.000000000000000000e+00 2.568126423284411430e-03 7.541733793914318085e-04 7.665043231099843979e-04 9.642922668717801571e-04 0.000000000000000000e+00 0.000000000000000000e+00 3.054185071960091591e-03 0.000000000000000000e+00 0.000000000000000000e+00
0.000000000000000000e+00 2.766309306025505066e-03 0.000000000000000000e+00 5.606795311905443668e-04 0.000000000000000000e+00 0.000000000000000000e+00 2.417293842881917953e-03 1.809720415621995926e-04 0.000000000000000000e+00 0.000000000000000000e+00 0.000000000000000000e+00
4.047684371471405029e-03 3.571017878130078316e-03 0.000000000000000000e+00 6.602185312658548355e-03 0.000000000000000000e+00 5.025042686611413956e-03 1.113910507410764694e-02 5.852856207638978958e-03 0.000000000000000000e+00 0.000000000000000000e+00 0.000000000000000000e+00
0.000000000000000000e+00 1.942595554282888770e-04 2.455359499435871840e-04 1.940103975357487798e-04 0.000000000000000000e+00 2.414127811789512634e-05 1.137824801844544709e-04 7.205558358691632748e-05 0.000000000000000000e+00 2.900013641919940710e-04 4.079602367710322142e-04
0.000000000000000000e+00 0.000000000000000000e+00 0.000000000000000000e+00 0.000000000000000000e+00 0.000000000000000000e+00 0.000000000000000000e+00 0.000000000000000000e+00 0.000000000000000000e+00 0.000000000000000000e+00 0.000000000000000000e+00 0.000000000000000000e+00
6.659908685833215714e-03 5.872266832739114761e-03 0.000000000000000000e+00 6.927734706550836563e-03 0.000000000000000000e+00 4.392965696752071381e-03 0.000000000000000000e+00 1.788930618204176426e-03 4.389063920825719833e-03 5.189416464418172836e-03 6.030883174389600754e-03
0.000000000000000000e+00 6.193242501467466354e-03 0.000000000000000000e+00 0.000000000000000000e+00 0.000000000000000000e+00 0.000000000000000000e+00 0.000000000000000000e+00 6.248443853110074997e-03 6.803717464208602905e-03 0.000000000000000000e+00 0.000000000000000000e+00
0.000000000000000000e+00 3.790258662775158882e-03 0.000000000000000000e+00 8.260607719421386719e-04 0.000000000000000000e+00 2.752526663243770599e-03 0.000000000000000000e+00 3.779092570766806602e-03 3.672410501167178154e-03 0.000000000000000000e+00 0.000000000000000000e+00
2.340230857953429222e-03 0.000000000000000000e+00 8.932091295719146729e-03 0.000000000000000000e+00 2.964244410395622253e-02 1.456223544664680958e-03 0.000000000000000000e+00 0.000000000000000000e+00 6.488157436251640320e-03 0.000000000000000000e+00 1.308272685855627060e-02
0.000000000000000000e+00 0.000000000000000000e+00 2.470632807671790943e-06 8.957082400229410268e-07 7.599019227200187743e-06 0.000000000000000000e+00 1.928422534547280520e-06 1.598398853275284637e-06 0.000000000000000000e+00 9.092477739613968879e-07 2.912959189416142181e-07
