0.000000000000000000e+00 0.000000000000000000e+00 1.026447396725416183e-02 0.000000000000000000e+00 0.000000000000000000e+00 0.000000000000000000e+00 7.228724658489227295e-03 1.426048204302787781e-02 3.976414445787668228e-03 0.000000000000000000e+00 0.000000000000000000e+00
1.570425811223685741e-03 0.000000000000000000e+00 3.299862146377563477e-04 1.113063190132379532e-03 0.000000000000000000e+00 0.000000000000000000e+00 7.715732324868440628e-03 0.000000000000000000e+00 0.000000000000000000e+00 0.000000000000000000e+00 4.853348364122211933e-04
0.000000000000000000e+00 2.341353334486484528e-03 0.000000000000000000e+00 0.000000000000000000e+00 7.482714019715785980e-03 8.736656163819134235e-04 0.000000000000000000e+00 1.654548104852437973e-03 0.000000000000000000e+00 6.061371881514787674e-03 1.571415690705180168e-03
9.263499639928340912e-03 0.000000000000000000e+00 0.000000000000000000e+00 0.000000000000000000e+00 0.000000000000000000e+00 0.000000000000000000e+00 2.862695371732115746e-03 2.334036491811275482e-02 9.483383968472480774e-03 0.000000000000000000e+00 0.000000000000000000e+00
1.066890254151076078e-04 3.093112900387495756e-04 1.664740120759233832e-04 2.748292172327637672e-04 0.000000000000000000e+00 1.347576035186648369e-04 2.175156405428424478e-04 6.103987834649160504e-05 3.392530197743326426e-04 4.396612639538943768e-04 6.230952567420899868e-04
0.000000000000000000e+00 0.000000000000000000e+00 0.000000000000000000e+00 0.000000000000000000e+00 0.000000000000000000e+00 5.142027512192726135e-04 0.000000000000000000e+00 0.000000000000000000e+00 0.000000000000000000e+00 0.000000000000000000e+00 0.000000000000000000e+00
5.614901310764253139e-04 5.999517627060413361e-03 0.000000000000000000e+00 0.000000000000000000e+00 0.000000000000000000e+00 0.000000000000000000e+00 1.763166044838726521e-03 0.000000000000000000e+00 1.967216609045863152e-03 1.212297286838293076e-02 4.430268891155719757e-03
0.000000000000000000e+00 8.315587416291236877e-03 0.000000000000000000e+00 0.000000000000000000e+00 0.000000000000000000e+00 0.000000000000000000e+00 0.000000000000000000e+00 0.000000000000000000e+00 0.000000000000000000e+00 0.000000000000000000e+00 2.759580267593264580e-03
0.000000000000000000e+00 0.000000000000000000e+00 0.000000000000000000e+00 1.271556410938501358e-02 0.000000000000000000e+00 0.000000000000000000e+00 7.469420786947011948e-03 4.682898288592696190e-04 0.000000000000000000e+00 0.000000000000000000e+00 5.913521628826856613e-03
1.703255437314510345e-02 2.318085636943578720e-03 1.300958544015884399e-02 0.000000000000000000e+00 3.349855542182922363e-02 0.000000000000000000e+00 0.000000000000000000e+00 0.000000000000000000e+00 6.175666116178035736e-03 1.504163024947047234e-03 1.639307662844657898e-02
0.000000000000000000e+00 0.000000000000000000e+00 2.998403260789928026e-06 9.065642530003970023e-07 7.014855782472295687e-06 0.000000000000000000e+00 2.306933311047032475e-06 3.425400109335896559e-06 0.000000000000000000e+00 5.376679837354458869e-06 0.000000000000000000e+00
