1.098305688174150418e-06 1.978169711946975440e-05 2.066656634269747883e-05 6.969822607061360031e-06 0.000000000000000000e+00 1.393436036778439302e-06 2.487787241989281029e-05 2.010805110330693424e-05 2.177655733248684555e-05 1.747612259350717068e-05 7.901483058958547190e-07
4.668893665075302124e-02 0.000000000000000000e+00 2.971803247928619385e-01 0.000000000000000000e+00 0.000000000000000000e+00 0.000000000000000000e+00 8.962731808423995972e-02 1.812382787466049194e-01 0.000000000000000000e+00 3.959526948165148497e-04 1.020501032471656799e-01
0.000000000000000000e+00 2.792589068412780762e-01 2.148616127669811249e-02 1.847087522037327290e-03 1.301545707974582911e-04 1.136375740170478821e-01 2.117807278409600258e-03 0.000000000000000000e+00 0.000000000000000000e+00 7.020442187786102295e-02 0.000000000000000000e+00
5.228081718087196350e-02 0.000000000000000000e+00 2.201128602027893066e-01 5.584023892879486084e-04 1.431660959497094154e-03 2.387537062168121338e-01 2.410175949335098267e-01 3.740902841091156006e-01 1.371930073946714401e-02 1.051246970891952515e-01 3.667530044913291931e-02
1.588483573868870735e-04 2.662074111867696047e-04 1.872046559583395720e-04 2.169407525798305869e-04 0.000000000000000000e+00 2.264245558762922883e-04 1.722180313663557172e-04 1.511637819930911064e-04 1.919421047205105424e-04 2.912571944762021303e-04 4.932190058752894402e-04
0.000000000000000000e+00 0.000000000000000000e+00 0.000000000000000000e+00 0.000000000000000000e+00 0.000000000000000000e+00 2.207971410825848579e-03 0.000000000000000000e+00 0.000000000000000000e+00 0.000000000000000000e+00 1.475897588534280658e-04 2.735137939453125000e-03
1.998672960326075554e-03 0.000000000000000000e+00 0.000000000000000000e+00 3.279839875176548958e-04 0.000000000000000000e+00 1.043271645903587341e-01 1.826556050218641758e-03 0.000000000000000000e+00 2.320456504821777344e-01 1.748811482684686780e-04 5.941829644143581390e-03
0.000000000000000000e+00 9.238684177398681641e-01 3.459748327732086182e-01 2.831683559634257108e-05 1.168945804238319397e-03 8.404043037444353104e-04 0.000000000000000000e+00 0.000000000000000000e+00 0.000000000000000000e+00 0.000000000000000000e+00 1.360602764179930091e-04
3.318784583825618029e-04 1.879962394014000893e-03 1.195397228002548218e-03 0.000000000000000000e+00 0.000000000000000000e+00 1.239585056900978088e-01 1.181264873594045639e-03 0.000000000000000000e+00 0.000000000000000000e+00 0.000000000000000000e+00 4.139885306358337402e-02
4.727880514110438526e-05 7.414681604132056236e-04 7.520721555920317769e-05 0.000000000000000000e+00 3.275202512741088867e-01 1.274190959520637989e-03 0.000000000000000000e+00 0.000000000000000000e+00 1.325732213445007801e-03 1.683995244093239307e-03 2.651614323258399963e-02
0.000000000000000000e+00 0.000000000000000000e+00 9.198626571560453158e-07 0.000000000000000000e+00 3.117597316304454580e-06 0.000000000000000000e+00 0.000000000000000000e+00 1.743015559441118967e-06 0.000000000000000000e+00 1.208605659996919712e-08 0.000000000000000000e+00
