0.000000000000000000e+00 7.996188354492187500e+02 1.147648239135742188e+01 0.000000000000000000e+00 0.000000000000000000e+00 0.000000000000000000e+00 1.232457641601562500e+03 8.455548095703125000e+02 6.233779907226562500e+00 3.449033355712890625e+01 0.000000000000000000e+00
9.847837829589843750e+01 7.446307373046875000e+01 1.259293212890625000e+02 1.792033081054687500e+02 1.228089386131614447e-04 1.042658691406250000e+02 2.199516868591308594e+01 1.564122557640075684e+00 1.161816101074218750e+02 1.102451248168945312e+02 1.428147125244140625e+02
7.250306129455566406e+00 2.419454574584960938e+01 1.719278411865234375e+02 1.971545219421386719e+01 8.180618286132812500e+00 2.353785095214843750e+02 1.210511493682861328e+01 1.311855390667915344e-03 4.910036087036132812e+00 1.839267578125000000e+02 1.946798324584960938e+00
7.983616638183593750e+01 4.606242179870605469e-01 7.866678759455680847e-03 1.556438446044921875e+00 2.018927001953125000e+01 7.208758544921875000e+01 1.017219085693359375e+02 1.310793018341064453e+01 1.917994079589843750e+02 5.088857173919677734e+00 6.704444885253906250e+01
1.023946404457092285e+00 1.536803960800170898e+00 1.187175512313842773e+00 8.415948152542114258e-01 8.788164791440067347e-07 1.057498216629028320e+00 1.988381147384643555e+00 1.296492338180541992e+00 1.671141505241394043e+00 2.538804531097412109e+00 5.111623764038085938e+00
0.000000000000000000e+00 0.000000000000000000e+00 0.000000000000000000e+00 0.000000000000000000e+00 0.000000000000000000e+00 0.000000000000000000e+00 0.000000000000000000e+00 0.000000000000000000e+00 0.000000000000000000e+00 0.000000000000000000e+00 2.105570220947265625e+01
2.077598190307617188e+01 9.675188446044921875e+01 1.238197784423828125e+02 6.020831680297851562e+01 0.000000000000000000e+00 1.621632537841796875e+02 1.710157775878906250e+01 7.407227993011474609e+00 1.156316833496093750e+02 4.041038818359375000e+02 1.816950988769531250e+02
0.000000000000000000e+00 1.749573516845703125e+01 4.348742065429687500e+02 2.061987762451171875e+02 4.319303283691406250e+02 1.880512809753417969e+01 1.421009216308593750e+02 1.265899047851562500e+02 1.003286376953125000e+03 5.065478897094726562e+01 7.908996582031250000e+02
6.446307659149169922e+00 4.279385375976562500e+02 2.818277587890625000e+02 3.396150512695312500e+02 0.000000000000000000e+00 5.227271728515625000e+02 2.289475440979003906e+01 9.475575387477874756e-02 2.881977233886718750e+02 2.395860195159912109e+00 4.846616210937500000e+02
2.622915431857109070e-02 3.117366552352905273e+00 3.169954061508178711e+00 0.000000000000000000e+00 4.052774658203125000e+02 0.000000000000000000e+00 7.997775077819824219e-02 0.000000000000000000e+00 0.000000000000000000e+00 2.284701347351074219e+00 1.702818870544433594e+01
0.000000000000000000e+00 1.069146406962317997e-07 3.751507401466369629e-02 2.148786932229995728e-02 6.292498111724853516e-02 0.000000000000000000e+00 1.349237188696861267e-02 2.076897397637367249e-02 3.138846523143001832e-06 1.901738531887531281e-02 1.197066239910782315e-06
