0.000000000000000000e+00 0.000000000000000000e+00 3.860631550196558237e-04 0.000000000000000000e+00 0.000000000000000000e+00 0.000000000000000000e+00 3.361154580488801003e-03 7.134239189326763153e-03 0.000000000000000000e+00 0.000000000000000000e+00 0.000000000000000000e+00
4.031117539852857590e-03 0.000000000000000000e+00 1.790887909010052681e-03 0.000000000000000000e+00 0.000000000000000000e+00 0.000000000000000000e+00 6.483332719653844833e-03 0.000000000000000000e+00 0.000000000000000000e+00 0.000000000000000000e+00 0.000000000000000000e+00
0.000000000000000000e+00 8.872752077877521515e-03 2.390907029621303082e-04 0.000000000000000000e+00 0.000000000000000000e+00 0.000000000000000000e+00 0.000000000000000000e+00 0.000000000000000000e+00 9.206428192555904388e-03 3.112554084509611130e-03 0.000000000000000000e+00
2.000773791223764420e-03 0.000000000000000000e+00 0.000000000000000000e+00 1.434380654245615005e-03 1.009640283882617950e-02 4.644967149943113327e-03 0.000000000000000000e+00 8.649353869259357452e-03 0.000000000000000000e+00 0.000000000000000000e+00 0.000000000000000000e+00
0.000000000000000000e+00 4.765967605635523796e-05 0.000000000000000000e+00 8.098338003037497401e-05 0.000000000000000000e+00 4.646836259780684486e-06 6.381952698575332761e-05 4.657373210648074746e-05 0.000000000000000000e+00 7.508333510486409068e-05 2.407787687843665481e-04
0.000000000000000000e+00 0.000000000000000000e+00 0.000000000000000000e+00 0.000000000000000000e+00 0.000000000000000000e+00 2.939328551292419434e-03 0.000000000000000000e+00 0.000000000000000000e+00 0.000000000000000000e+00 0.000000000000000000e+00 0.000000000000000000e+00
3.886597929522395134e-03 0.000000000000000000e+00 0.000000000000000000e+00 7.087440695613622665e-03 0.000000000000000000e+00 2.338913967832922935e-03 9.775054641067981720e-03 1.089103240519762039e-02 5.638272967189550400e-03 4.263919778168201447e-03 9.529608301818370819e-03
0.000000000000000000e+00 1.210589427500963211e-03 0.000000000000000000e+00 0.000000000000000000e+00 3.179734107106924057e-03 0.000000000000000000e+00 7.303207181394100189e-03 0.000000000000000000e+00 1.379308523610234261e-03 0.000000000000000000e+00 3.166298381984233856e-03
0.000000000000000000e+00 0.000000000000000000e+00 0.000000000000000000e+00 9.266170090995728970e-04 4.957850091159343719e-03 0.000000000000000000e+00 8.859077468514442444e-03 0.000000000000000000e+00 0.000000000000000000e+00 1.654475694522261620e-03 0.000000000000000000e+00
8.051468990743160248e-03 7.856347947381436825e-04 5.430130753666162491e-03 0.000000000000000000e+00 2.601791918277740479e-02 3.543778148014098406e-04 8.356113685294985771e-04 0.000000000000000000e+00 4.596802406013011932e-03 0.000000000000000000e+00 6.672813091427087784e-03
0.000000000000000000e+00 0.000000000000000000e+00 2.277245130244409665e-06 0.000000000000000000e+00 3.172187689415295608e-06 0.000000000000000000e+00 1.234172799513544305e-07 1.111914329499086307e-07 0.000000000000000000e+00 0.000000000000000000e+00 0.000000000000000000e+00
