0.000000000000000000e+00 7.971035316586494446e-03 1.882136100903153419e-03 0.000000000000000000e+00 0.000000000000000000e+00 0.000000000000000000e+00 1.439741230569779873e-03 1.610845210961997509e-04 0.000000000000000000e+00 0.000000000000000000e+00 0.000000000000000000e+00
9.247857145965099335e-03 0.000000000000000000e+00 7.845428772270679474e-03 0.000000000000000000e+00 2.031460637226700783e-03 0.000000000000000000e+00 1.256000623106956482e-02 0.000000000000000000e+00 0.000000000000000000e+00 0.000000000000000000e+00 0.000000000000000000e+00
0.000000000000000000e+00 8.473847061395645142e-03 1.083131181076169014e-03 2.296209102496504784e-03 0.000000000000000000e+00 1.692211627960205078e-02 4.276819527149200439e-03 0.000000000000000000e+00 5.088779143989086151e-03 2.881718799471855164e-03 0.000000000000000000e+00
2.291642315685749054e-02 0.000000000000000000e+00 4.082737490534782410e-03 0.000000000000000000e+00 2.195095410570502281e-03 7.374756969511508942e-04 0.000000000000000000e+00 5.267276428639888763e-03 4.307807423174381256e-03 6.288350094109773636e-03 0.000000000000000000e+00
8.373553282581269741e-05 1.622709678485989571e-04 2.918589743785560131e-04 9.372375643579289317e-05 0.000000000000000000e+00 1.218245524796657264e-04 1.212212009704671800e-04 6.370821938617154956e-05 1.549010776216164231e-04 1.735288533382117748e-04 8.260394679382443428e-04
0.000000000000000000e+00 0.000000000000000000e+00 0.000000000000000000e+00 0.000000000000000000e+00 0.000000000000000000e+00 0.000000000000000000e+00 0.000000000000000000e+00 0.000000000000000000e+00 0.000000000000000000e+00 0.000000000000000000e+00 0.000000000000000000e+00
5.426826421171426773e-03 1.247692480683326721e-02 0.000000000000000000e+00 1.830958761274814606e-03 0.000000000000000000e+00 1.042638090439140797e-03 3.571768058463931084e-03 6.964195519685745239e-03 0.000000000000000000e+00 0.000000000000000000e+00 0.000000000000000000e+00
0.000000000000000000e+00 7.611449807882308960e-03 0.000000000000000000e+00 0.000000000000000000e+00 0.000000000000000000e+00 0.000000000000000000e+00 0.000000000000000000e+00 0.000000000000000000e+00 2.151344902813434601e-03 0.000000000000000000e+00 0.000000000000000000e+00
0.000000000000000000e+00 1.626706565730273724e-03 0.000000000000000000e+00 0.000000000000000000e+00 0.000000000000000000e+00 0.000000000000000000e+00 8.121844381093978882e-03 0.000000000000000000e+00 2.754674060270190239e-04 7.432928774505853653e-03 0.000000000000000000e+00
8.282830938696861267e-03 9.871650487184524536e-03 1.122585870325565338e-02 0.000000000000000000e+00 5.339230597019195557e-02 3.435972612351179123e-03 0.000000000000000000e+00 4.853982827626168728e-04 1.151535008102655411e-02 9.337899973616003990e-04 1.154813263565301895e-02
0.000000000000000000e+00 0.000000000000000000e+00 3.089219717367086560e-06 9.223681445291731507e-07 1.218781289935577661e-05 0.000000000000000000e+00 0.000000000000000000e+00 6.985143045312725008e-06 0.000000000000000000e+00 3.620181587393744849e-06 0.000000000000000000e+00
