0.000000000000000000e+00 2.624623477458953857e-03 1.255365321412682533e-03 0.000000000000000000e+00 0.000000000000000000e+00 0.000000000000000000e+00 1.055789878591895103e-03 2.015485661104321480e-03 1.432072604075074196e-03 0.000000000000000000e+00 0.000000000000000000e+00
2.361799823120236397e-03 0.000000000000000000e+00 9.325010469183325768e-04 4.856569226831197739e-03 0.000000000000000000e+00 0.000000000000000000e+00 2.962301485240459442e-03 0.000000000000000000e+00 0.000000000000000000e+00 0.000000000000000000e+00 0.000000000000000000e+00
0.000000000000000000e+00 1.543175312690436840e-03 2.490329788997769356e-03 0.000000000000000000e+00 1.778045785613358021e-03 5.062932614237070084e-03 0.000000000000000000e+00 0.000000000000000000e+00 1.748241484165191650e-03 4.348523449152708054e-03 0.000000000000000000e+00
8.185166865587234497e-03 0.000000000000000000e+00 0.000000000000000000e+00 0.000000000000000000e+00 1.549912965856492519e-03 0.000000000000000000e+00 1.647486700676381588e-03 2.126205246895551682e-03 1.723660971038043499e-03 6.192096974700689316e-03 0.000000000000000000e+00
7.080617069732397795e-05 2.255164727102965117e-04 1.094072285923175514e-04 1.667322503635659814e-04 0.000000000000000000e+00 1.582330442033708096e-04 2.118723496096208692e-04 8.733368304092437029e-05 2.051757910521700978e-04 2.882936678361147642e-04 5.066099693067371845e-04
0.000000000000000000e+00 2.946094376966357231e-03 3.225741675123572350e-03 3.025088692083954811e-03 0.000000000000000000e+00 1.497875619679689407e-02 0.000000000000000000e+00 2.176059875637292862e-03 0.000000000000000000e+00 7.279795128852128983e-03 2.280078083276748657e-02
2.458162140101194382e-03 0.000000000000000000e+00 0.000000000000000000e+00 0.000000000000000000e+00 0.000000000000000000e+00 1.213075734085578006e-06 6.056392565369606018e-03 3.771176328882575035e-03 4.866288043558597565e-03 0.000000000000000000e+00 0.000000000000000000e+00
0.000000000000000000e+00 0.000000000000000000e+00 0.000000000000000000e+00 0.000000000000000000e+00 1.580683048814535141e-03 4.254037979990243912e-03 0.000000000000000000e+00 0.000000000000000000e+00 0.000000000000000000e+00 0.000000000000000000e+00 3.377753077074885368e-03
0.000000000000000000e+00 3.900976385921239853e-03 0.000000000000000000e+00 0.000000000000000000e+00 7.924863020889461040e-04 2.576713450253009796e-03 0.000000000000000000e+00 0.000000000000000000e+00 0.000000000000000000e+00 3.255592891946434975e-03 1.249465509317815304e-03
1.233553863130509853e-03 3.798277466557919979e-04 8.996676653623580933e-03 0.000000000000000000e+00 1.501319929957389832e-02 0.000000000000000000e+00 0.000000000000000000e+00 1.735626370646059513e-03 1.980509608983993530e-03 0.000000000000000000e+00 6.029351148754358292e-03
0.000000000000000000e+00 0.000000000000000000e+00 3.774039896597969346e-06 1.624493847884878051e-06 6.027435574651462957e-06 0.000000000000000000e+00 1.290415866606053896e-06 3.021911197720328346e-06 0.000000000000000000e+00 2.278830152135924436e-06 0.000000000000000000e+00
