0.000000000000000000e+00 3.240859985351562500e+01 1.564838695526123047e+01 0.000000000000000000e+00 0.000000000000000000e+00 0.000000000000000000e+00 6.818713378906250000e+01 4.848818359375000000e+03 1.841941952705383301e+00 9.734123229980468750e+00 0.000000000000000000e+00
4.378898046875000000e+04 0.000000000000000000e+00 8.380630859375000000e+03 4.666864013671875000e+01 1.806812137365341187e-01 3.859549283981323242e+00 1.099913378906250000e+04 8.634067382812500000e+03 6.681869506835937500e+00 8.362473487854003906e+00 4.314781250000000000e+04
6.030743718147277832e-01 7.232017089843750000e+03 1.822704792022705078e+00 1.196325683593750000e+04 1.965240478515625000e+03 2.145896606445312500e+02 3.711860595703125000e+03 4.858783721923828125e+00 3.993689208984375000e+03 1.831859960937500000e+04 2.006321430206298828e+00
2.391041503906250000e+03 9.020679931640625000e+02 2.607200622558593750e+02 1.090720214843750000e+02 1.053308410644531250e+02 2.100750488281250000e+03 2.254305725097656250e+02 1.958232055664062500e+03 2.671568847656250000e+03 9.323092460632324219e+00 3.489293289184570312e+01
2.997657775878906250e+00 1.393492341041564941e+00 1.523306727409362793e+00 3.190186619758605957e-01 0.000000000000000000e+00 4.377447664737701416e-01 5.606299042701721191e-01 1.641679406166076660e-01 5.880711078643798828e-01 1.559885501861572266e+00 1.677182388305664062e+01
0.000000000000000000e+00 0.000000000000000000e+00 0.000000000000000000e+00 0.000000000000000000e+00 0.000000000000000000e+00 0.000000000000000000e+00 0.000000000000000000e+00 0.000000000000000000e+00 0.000000000000000000e+00 0.000000000000000000e+00 0.000000000000000000e+00
1.439912695312500000e+04 7.020884765625000000e+03 0.000000000000000000e+00 5.221245117187500000e+03 4.943501953125000000e+03 3.029530334472656250e+02 1.704244537353515625e+02 1.329514892578125000e+03 4.129600097656250000e+03 2.908262207031250000e+03 1.148456542968750000e+04
2.533767127990722656e+01 6.545652770996093750e+01 9.600032043457031250e+01 3.138261795043945312e+01 7.512934570312500000e+03 5.132309436798095703e+00 1.958967590332031250e+01 4.906821289062500000e+03 1.901627349853515625e+02 3.355175781250000000e+01 2.860285568237304688e+01
0.000000000000000000e+00 1.898197631835937500e+02 8.419690429687500000e+03 2.332470703125000000e+01 3.126459503173828125e+01 5.605654296875000000e+03 7.288286132812500000e+03 3.990681171417236328e+00 7.419892578125000000e+03 6.765766906738281250e+01 4.842607116699218750e+01
0.000000000000000000e+00 0.000000000000000000e+00 0.000000000000000000e+00 0.000000000000000000e+00 1.868547821044921875e+01 0.000000000000000000e+00 0.000000000000000000e+00 0.000000000000000000e+00 0.000000000000000000e+00 0.000000000000000000e+00 0.000000000000000000e+00
0.000000000000000000e+00 3.549610846675932407e-05 6.000631302595138550e-02 1.366795506328344345e-03 1.715358495712280273e-01 0.000000000000000000e+00 1.551388576626777649e-02 2.508430741727352142e-02 3.003993537276983261e-03 1.263971906155347824e-02 6.906742555656819604e-07
