8.171589342964580283e-07 5.061547653895104304e-06 5.571688234340399504e-06 1.663673401708365418e-06 0.000000000000000000e+00 4.871907322012702934e-09 5.955699634796474129e-06 5.521915227291174233e-06 5.147474894329207018e-06 5.060442163085099310e-06 2.284947271391501999e-07
7.951742736622691154e-05 0.000000000000000000e+00 5.728831291198730469e+00 0.000000000000000000e+00 5.269720077194506302e-06 0.000000000000000000e+00 0.000000000000000000e+00 0.000000000000000000e+00 0.000000000000000000e+00 0.000000000000000000e+00 0.000000000000000000e+00
1.216334462165832520e+00 8.615247726440429688e+00 0.000000000000000000e+00 0.000000000000000000e+00 6.343101995298638940e-05 2.768821477890014648e+00 4.227788448333740234e+00 0.000000000000000000e+00 2.327611446380615234e+00 4.032328128814697266e+00 0.000000000000000000e+00
7.959537506103515625e-01 2.641277933435048908e-05 1.401366444042650983e-05 0.000000000000000000e+00 2.312849283218383789e+00 1.829522371292114258e+00 4.312344753998331726e-05 6.275553460000082850e-05 8.954285383224487305e-01 2.254848003387451172e+00 0.000000000000000000e+00
3.009913052665069699e-05 5.635218622046522796e-05 1.201521536131622270e-05 7.878545147832483053e-05 0.000000000000000000e+00 7.870027184253558517e-05 5.621504169539548457e-05 1.095940933737438172e-05 5.784833047073334455e-05 6.189113628352060914e-05 1.392487611155956984e-04
0.000000000000000000e+00 5.892398767173290253e-04 7.997123757377266884e-04 6.792262429371476173e-04 4.834320498048327863e-05 1.841173856519162655e-03 7.970316801220178604e-04 6.011354271322488785e-04 7.927064434625208378e-04 7.694870000705122948e-04 2.041526837274432182e-03
8.140819409163668752e-05 0.000000000000000000e+00 1.619035899639129639e-01 5.921168485656380653e-05 0.000000000000000000e+00 9.496571146883070469e-05 4.736201286315917969e+00 4.860839544562622905e-05 2.295724868774414062e+00 1.611788570880889893e-01 3.441863775253295898e+00
0.000000000000000000e+00 2.165133953094482422e+00 1.469722337787970901e-04 4.934863227390451357e-06 4.988418368156999350e-05 5.193092147237621248e-05 3.015860784216783941e-06 0.000000000000000000e+00 9.364455342292785645e-01 0.000000000000000000e+00 1.712986230850219727e-01
4.920474748359993100e-05 1.222803712153108791e-05 0.000000000000000000e+00 6.933818804100155830e-05 0.000000000000000000e+00 0.000000000000000000e+00 1.317978262901306152e+00 1.614125669002532959e-01 0.000000000000000000e+00 0.000000000000000000e+00 2.983760595321655273e+00
7.519550126744434237e-05 0.000000000000000000e+00 1.174981662188656628e-04 0.000000000000000000e+00 3.551475763320922852e+00 0.000000000000000000e+00 0.000000000000000000e+00 0.000000000000000000e+00 1.553559413878247142e-04 0.000000000000000000e+00 3.642513230443000793e-02
0.000000000000000000e+00 4.116148311084089073e-09 1.506903686276928056e-06 5.478900533262276440e-08 1.219362729898421094e-06 0.000000000000000000e+00 2.609885427773406263e-07 1.154776555267744698e-06 5.508841383061735542e-09 6.964151566535292659e-07 0.000000000000000000e+00
