0.000000000000000000e+00 0.000000000000000000e+00 3.104564268141984940e-03 0.000000000000000000e+00 0.000000000000000000e+00 0.000000000000000000e+00 0.000000000000000000e+00 3.506915643811225891e-03 0.000000000000000000e+00 0.000000000000000000e+00 0.000000000000000000e+00
1.569683291018009186e-02 0.000000000000000000e+00 1.412351429462432861e-02 0.000000000000000000e+00 0.000000000000000000e+00 0.000000000000000000e+00 0.000000000000000000e+00 0.000000000000000000e+00 3.754904028028249741e-03 0.000000000000000000e+00 0.000000000000000000e+00
1.382276532240211964e-03 9.217725135385990143e-03 0.000000000000000000e+00 0.000000000000000000e+00 1.255124714225530624e-02 8.773514069616794586e-03 1.319665694609284401e-03 0.000000000000000000e+00 0.000000000000000000e+00 8.422328159213066101e-03 1.690488681197166443e-02
1.365122105926275253e-02 0.000000000000000000e+00 0.000000000000000000e+00 0.000000000000000000e+00 8.509180508553981781e-03 0.000000000000000000e+00 8.066667243838310242e-03 1.524813380092382431e-02 0.000000000000000000e+00 0.000000000000000000e+00 0.000000000000000000e+00
1.827733649406582117e-04 3.392673097550868988e-04 2.414072077954187989e-04 2.568732015788555145e-04 0.000000000000000000e+00 2.049225731752812862e-04 2.730898559093475342e-04 1.839472533902153373e-04 3.319723764434456825e-04 4.420068871695548296e-04 6.347696180455386639e-04
0.000000000000000000e+00 0.000000000000000000e+00 0.000000000000000000e+00 0.000000000000000000e+00 0.000000000000000000e+00 2.111967653036117554e-03 0.000000000000000000e+00 0.000000000000000000e+00 0.000000000000000000e+00 0.000000000000000000e+00 0.000000000000000000e+00
5.370756611227989197e-03 2.509482437744736671e-04 0.000000000000000000e+00 0.000000000000000000e+00 0.000000000000000000e+00 6.934037664905190468e-04 0.000000000000000000e+00 3.988680895417928696e-03 4.759746138006448746e-03 7.207508198916912079e-03 0.000000000000000000e+00
0.000000000000000000e+00 7.462297566235065460e-03 0.000000000000000000e+00 0.000000000000000000e+00 0.000000000000000000e+00 5.430357530713081360e-03 0.000000000000000000e+00 5.823791027069091797e-03 0.000000000000000000e+00 0.000000000000000000e+00 0.000000000000000000e+00
0.000000000000000000e+00 1.722743501886725426e-03 5.772915203124284744e-03 0.000000000000000000e+00 0.000000000000000000e+00 9.135469794273376465e-03 4.089836962521076202e-03 0.000000000000000000e+00 0.000000000000000000e+00 0.000000000000000000e+00 4.516400862485170364e-03
5.045488011091947556e-03 8.689152076840400696e-03 1.384053286164999008e-02 0.000000000000000000e+00 4.698964208364486694e-02 2.373670693486928940e-03 0.000000000000000000e+00 0.000000000000000000e+00 0.000000000000000000e+00 0.000000000000000000e+00 9.965325705707073212e-03
0.000000000000000000e+00 0.000000000000000000e+00 2.445601012368570082e-06 3.697419515447109006e-06 9.914449947245884687e-06 0.000000000000000000e+00 1.889006171040819027e-06 2.742150400081300177e-06 0.000000000000000000e+00 5.173445174477819819e-07 0.000000000000000000e+00
