0.000000000000000000e+00 0.000000000000000000e+00 1.931163715198636055e-04 0.000000000000000000e+00 0.000000000000000000e+00 0.000000000000000000e+00 9.742381051182746887e-03 5.335170309990644455e-03 0.000000000000000000e+00 0.000000000000000000e+00 0.000000000000000000e+00
1.540943793952465057e-02 0.000000000000000000e+00 8.963498286902904510e-03 1.295609027147293091e-02 0.000000000000000000e+00 3.040875075384974480e-03 0.000000000000000000e+00 0.000000000000000000e+00 0.000000000000000000e+00 0.000000000000000000e+00 0.000000000000000000e+00
4.249855410307645798e-03 1.274896413087844849e-02 8.416839875280857086e-03 1.163628045469522476e-02 1.002805307507514954e-02 2.362189814448356628e-03 0.000000000000000000e+00 0.000000000000000000e+00 0.000000000000000000e+00 1.414766535162925720e-02 8.269994519650936127e-03
1.232533436268568039e-02 0.000000000000000000e+00 0.000000000000000000e+00 5.912915337830781937e-03 0.000000000000000000e+00 2.712304238229990005e-03 3.838421544060111046e-04 0.000000000000000000e+00 0.000000000000000000e+00 7.906693965196609497e-03 0.000000000000000000e+00
1.151420219684951007e-04 6.813802174292504787e-04 3.711773024406284094e-04 5.156391416676342487e-04 0.000000000000000000e+00 5.536123644560575485e-04 5.751369171775877476e-04 4.753045795951038599e-04 2.773759479168802500e-04 9.313960326835513115e-04 1.368427183479070663e-03
0.000000000000000000e+00 0.000000000000000000e+00 0.000000000000000000e+00 0.000000000000000000e+00 0.000000000000000000e+00 0.000000000000000000e+00 0.000000000000000000e+00 0.000000000000000000e+00 0.000000000000000000e+00 0.000000000000000000e+00 0.000000000000000000e+00
1.016026642173528671e-02 0.000000000000000000e+00 0.000000000000000000e+00 0.000000000000000000e+00 2.120000775903463364e-03 1.360438484698534012e-02 0.000000000000000000e+00 1.300339493900537491e-02 2.510277368128299713e-02 0.000000000000000000e+00 0.000000000000000000e+00
0.000000000000000000e+00 6.640522275120019913e-03 0.000000000000000000e+00 0.000000000000000000e+00 9.801028296351432800e-03 0.000000000000000000e+00 0.000000000000000000e+00 1.656091422773897648e-03 6.577054504305124283e-03 0.000000000000000000e+00 0.000000000000000000e+00
2.255837200209498405e-03 2.231919439509510994e-03 9.039999917149543762e-03 0.000000000000000000e+00 0.000000000000000000e+00 0.000000000000000000e+00 5.973474588245153427e-03 0.000000000000000000e+00 2.004657435463741422e-04 3.620466217398643494e-03 5.720397457480430603e-04
1.043594162911176682e-02 1.104235555976629257e-02 1.295007579028606415e-02 0.000000000000000000e+00 4.464707896113395691e-02 6.063573528081178665e-03 0.000000000000000000e+00 0.000000000000000000e+00 6.907855160534381866e-03 7.265410851687192917e-03 8.316747844219207764e-03
0.000000000000000000e+00 0.000000000000000000e+00 5.347806563804624602e-06 1.552774193669392844e-07 1.202076236950233579e-05 0.000000000000000000e+00 1.577340867697785143e-06 3.305084419480408542e-06 0.000000000000000000e+00 2.029584265983430669e-06 6.036270860931836069e-08
