0.000000000000000000e+00 1.225680578500032425e-03 0.000000000000000000e+00 0.000000000000000000e+00 0.000000000000000000e+00 0.000000000000000000e+00 2.098149852827191353e-03 2.788144862279295921e-03 6.450426299124956131e-03 0.000000000000000000e+00 0.000000000000000000e+00
1.329253613948822021e-02 0.000000000000000000e+00 0.000000000000000000e+00 5.448943469673395157e-03 0.000000000000000000e+00 0.000000000000000000e+00 4.115379881113767624e-03 0.000000000000000000e+00 0.000000000000000000e+00 2.511583152227103710e-04 0.000000000000000000e+00
0.000000000000000000e+00 0.000000000000000000e+00 0.000000000000000000e+00 3.767848480492830276e-03 2.624992746859788895e-03 8.333066361956298351e-04 3.620088391471654177e-04 0.000000000000000000e+00 2.336368197575211525e-03 4.467158112674951553e-03 1.570726511999964714e-03
6.368394475430250168e-03 0.000000000000000000e+00 0.000000000000000000e+00 4.361906554549932480e-03 0.000000000000000000e+00 3.620567731559276581e-03 0.000000000000000000e+00 1.886242069303989410e-02 3.815929638221859932e-03 0.000000000000000000e+00 0.000000000000000000e+00
0.000000000000000000e+00 1.148058436228893697e-04 1.565348939038813114e-04 9.042779856827110052e-05 0.000000000000000000e+00 1.432668796041980386e-04 9.990853868657723069e-05 1.379881632601609454e-05 8.181370503734797239e-05 1.538216602057218552e-04 4.567965515889227390e-04
0.000000000000000000e+00 0.000000000000000000e+00 0.000000000000000000e+00 0.000000000000000000e+00 0.000000000000000000e+00 1.234374940395355225e-05 0.000000000000000000e+00 0.000000000000000000e+00 0.000000000000000000e+00 0.000000000000000000e+00 8.673617379884035472e-19
8.649222552776336670e-03 7.709230296313762665e-03 0.000000000000000000e+00 2.892894903197884560e-03 0.000000000000000000e+00 5.335449241101741791e-03 0.000000000000000000e+00 2.959368517622351646e-03 2.449446124956011772e-03 1.062847580760717392e-02 1.262664888054132462e-02
0.000000000000000000e+00 0.000000000000000000e+00 0.000000000000000000e+00 0.000000000000000000e+00 7.995840162038803101e-03 0.000000000000000000e+00 0.000000000000000000e+00 0.000000000000000000e+00 1.427176757715642452e-03 7.464265450835227966e-03 0.000000000000000000e+00
2.649961272254586220e-03 9.607977233827114105e-03 1.206988003104925156e-02 0.000000000000000000e+00 0.000000000000000000e+00 0.000000000000000000e+00 7.287488318979740143e-03 0.000000000000000000e+00 0.000000000000000000e+00 7.096329238265752792e-03 6.448324304074048996e-03
2.019441872835159302e-02 9.408780373632907867e-03 1.198714319616556168e-02 0.000000000000000000e+00 4.589991271495819092e-02 0.000000000000000000e+00 0.000000000000000000e+00 0.000000000000000000e+00 1.940031768754124641e-03 0.000000000000000000e+00 1.003658678382635117e-02
0.000000000000000000e+00 0.000000000000000000e+00 1.601440544618526474e-06 0.000000000000000000e+00 4.070759132446255535e-06 0.000000000000000000e+00 1.697441120995790698e-06 7.035297500124215730e-08 0.000000000000000000e+00 8.665941209073935170e-07 0.000000000000000000e+00
