0.000000000000000000e+00 3.953418927267193794e-04 4.974184557795524597e-03 0.000000000000000000e+00 0.000000000000000000e+00 0.000000000000000000e+00 5.495178629644215107e-04 1.080589089542627335e-02 0.000000000000000000e+00 0.000000000000000000e+00 0.000000000000000000e+00
6.363406311720609665e-03 0.000000000000000000e+00 2.137097995728254318e-03 2.212829422205686569e-03 0.000000000000000000e+00 0.000000000000000000e+00 0.000000000000000000e+00 8.262197487056255341e-03 5.094611085951328278e-03 1.759114675223827362e-03 0.000000000000000000e+00
0.000000000000000000e+00 9.836819022893905640e-03 0.000000000000000000e+00 0.000000000000000000e+00 0.000000000000000000e+00 8.427023887634277344e-03 0.000000000000000000e+00 0.000000000000000000e+00 1.291183056309819221e-03 7.647531572729349136e-03 0.000000000000000000e+00
5.156662315130233765e-03 0.000000000000000000e+00 0.000000000000000000e+00 0.000000000000000000e+00 6.831160746514797211e-03 6.844021379947662354e-03 2.633362542837858200e-03 6.738428026437759399e-03 0.000000000000000000e+00 0.000000000000000000e+00 1.760622020810842514e-03
0.000000000000000000e+00 1.176697478513233364e-04 0.000000000000000000e+00 1.608810125617310405e-04 0.000000000000000000e+00 1.247326872544363141e-04 7.075288885971531272e-05 0.000000000000000000e+00 5.517082172445952892e-06 2.078276011161506176e-04 2.672145201358944178e-04
0.000000000000000000e+00 0.000000000000000000e+00 0.000000000000000000e+00 0.000000000000000000e+00 0.000000000000000000e+00 1.483177766203880310e-04 0.000000000000000000e+00 0.000000000000000000e+00 0.000000000000000000e+00 0.000000000000000000e+00 0.000000000000000000e+00
6.249837111681699753e-03 4.859444219619035721e-03 0.000000000000000000e+00 0.000000000000000000e+00 0.000000000000000000e+00 0.000000000000000000e+00 4.959745798259973526e-03 5.540165584534406662e-03 2.360270591452717781e-03 5.185835994780063629e-03 1.231063064187765121e-02
0.000000000000000000e+00 5.409947596490383148e-03 0.000000000000000000e+00 0.000000000000000000e+00 0.000000000000000000e+00 0.000000000000000000e+00 0.000000000000000000e+00 1.150300493463873863e-03 1.121165603399276733e-02 0.000000000000000000e+00 6.078559439629316330e-03
0.000000000000000000e+00 6.595940794795751572e-03 0.000000000000000000e+00 0.000000000000000000e+00 0.000000000000000000e+00 3.061603289097547531e-03 0.000000000000000000e+00 5.901047494262456894e-03 0.000000000000000000e+00 0.000000000000000000e+00 3.020053263753652573e-03
5.059149116277694702e-03 0.000000000000000000e+00 5.310910288244485855e-03 0.000000000000000000e+00 2.943742834031581879e-02 8.251120336353778839e-03 0.000000000000000000e+00 1.115304650738835335e-03 4.366973415017127991e-03 0.000000000000000000e+00 6.187318824231624603e-03
0.000000000000000000e+00 5.444951511890394613e-07 2.111135245286277495e-06 0.000000000000000000e+00 5.746760507463477552e-06 0.000000000000000000e+00 9.577985338182770647e-07 5.905980060560978018e-07 9.101562170599208912e-08 8.947531000558228698e-07 0.000000000000000000e+00
