0.000000000000000000e+00 4.909690935164690018e-03 0.000000000000000000e+00 0.000000000000000000e+00 0.000000000000000000e+00 0.000000000000000000e+00 5.818149540573358536e-03 9.246630943380296230e-04 0.000000000000000000e+00 0.000000000000000000e+00 0.000000000000000000e+00
1.557207782752811909e-03 0.000000000000000000e+00 5.565225146710872650e-03 2.036934485659003258e-03 9.099778835661709309e-04 0.000000000000000000e+00 3.621548821683973074e-04 0.000000000000000000e+00 5.571521818637847900e-03 0.000000000000000000e+00 0.000000000000000000e+00
0.000000000000000000e+00 0.000000000000000000e+00 0.000000000000000000e+00 0.000000000000000000e+00 0.000000000000000000e+00 1.132180099375545979e-03 7.112494204193353653e-03 4.121291451156139374e-03 2.735139569267630577e-03 0.000000000000000000e+00 9.386055171489715576e-04
3.031974192708730698e-03 8.846368640661239624e-03 0.000000000000000000e+00 3.910300321877002716e-03 7.836291566491127014e-03 7.252983283251523972e-03 7.192042190581560135e-03 1.237571705132722855e-02 0.000000000000000000e+00 0.000000000000000000e+00 4.750216903630644083e-04
1.026590907713398337e-04 2.714786969590932131e-04 2.617292630020529032e-04 3.506347420625388622e-04 0.000000000000000000e+00 2.974473172798752785e-04 3.106973599642515182e-04 1.288335915887728333e-04 3.359313996043056250e-04 3.758007369469851255e-04 6.610515993088483810e-04
0.000000000000000000e+00 0.000000000000000000e+00 0.000000000000000000e+00 0.000000000000000000e+00 0.000000000000000000e+00 0.000000000000000000e+00 0.000000000000000000e+00 0.000000000000000000e+00 0.000000000000000000e+00 0.000000000000000000e+00 8.673617379884035472e-19
2.619513543322682381e-03 9.088045917451381683e-03 0.000000000000000000e+00 6.643083877861499786e-03 0.000000000000000000e+00 1.058104448020458221e-02 1.800530822947621346e-03 4.611276090145111084e-03 4.077973775565624237e-03 8.820302784442901611e-03 1.378098502755165100e-02
0.000000000000000000e+00 4.875490907579660416e-03 2.750236075371503830e-03 2.899095881730318069e-03 0.000000000000000000e+00 0.000000000000000000e+00 0.000000000000000000e+00 0.000000000000000000e+00 1.427151914685964584e-02 0.000000000000000000e+00 0.000000000000000000e+00
3.577169962227344513e-03 9.697075001895427704e-03 0.000000000000000000e+00 2.631159732118248940e-03 0.000000000000000000e+00 0.000000000000000000e+00 1.700364635325968266e-03 8.440212346613407135e-03 0.000000000000000000e+00 3.314956789836287498e-03 0.000000000000000000e+00
7.840473204851150513e-03 0.000000000000000000e+00 1.092817261815071106e-02 1.494869793532416224e-04 3.021305985748767853e-02 0.000000000000000000e+00 0.000000000000000000e+00 0.000000000000000000e+00 4.930460359901189804e-03 0.000000000000000000e+00 1.699405908584594727e-02
0.000000000000000000e+00 1.668685314371032291e-07 2.481145202182233334e-06 1.226576614499208517e-06 4.636441644834121689e-06 0.000000000000000000e+00 6.347827365971170366e-07 1.704459350548859220e-06 5.837449634782387875e-07 1.698197593213990331e-06 7.902323773123498540e-08
