0.000000000000000000e+00 1.369829289615154266e-03 2.908616943359375000e+02 0.000000000000000000e+00 0.000000000000000000e+00 0.000000000000000000e+00 1.279015312500000000e+05 9.274485937500000000e+04 8.266316413879394531e+00 3.887610626220703125e+01 0.000000000000000000e+00
6.550374609375000000e+04 2.870886230468750000e+01 2.543104687500000000e+04 3.004466015625000000e+04 1.048874296875000000e+05 5.201109695434570312e+01 2.030366361141204834e-01 1.932439062500000000e+04 8.057297468185424805e-01 1.730915222167968750e+02 5.985792187500000000e+04
1.806529541015625000e+02 6.484089843750000000e+04 7.896842285156250000e+03 1.750680312500000000e+05 9.407800000000000000e+04 5.205156250000000000e+02 1.779258125000000000e+05 2.592183589935302734e+00 2.464212799072265625e+01 1.409306250000000000e+05 9.058315306901931763e-03
1.880468750000000000e+04 2.723239453125000000e+04 7.075853347778320312e+00 1.300313867187500000e+04 4.983356323242187500e+02 4.088939428329467773e-01 2.068301562500000000e+04 2.735374804687500000e+04 2.482160546875000000e+04 1.059675788879394531e+01 6.271752929687500000e+01
1.801632285118103027e+00 8.247323036193847656e+00 2.429868698120117188e+00 1.537486127745069098e-06 0.000000000000000000e+00 7.587625384330749512e-01 3.592241406440734863e-01 4.560084044933319092e-01 0.000000000000000000e+00 1.586384963989257812e+01 3.821026611328125000e+01
0.000000000000000000e+00 0.000000000000000000e+00 0.000000000000000000e+00 0.000000000000000000e+00 0.000000000000000000e+00 0.000000000000000000e+00 0.000000000000000000e+00 0.000000000000000000e+00 0.000000000000000000e+00 0.000000000000000000e+00 1.067017568051609189e-14
3.736296321221743710e-06 9.660529174804687500e+02 0.000000000000000000e+00 1.949340625000000000e+04 1.444980740547180176e+00 1.927383542060852051e+00 2.473746948242187500e+02 5.280837535858154297e+00 8.463865234375000000e+03 2.437955859375000000e+04 1.868436914062500000e+04
3.794418945712862978e-10 3.923003125000000000e+04 8.073414062500000000e+04 6.491911411285400391e+00 2.413856250000000000e+04 5.416919531250000000e+04 3.636530163930729032e-05 2.317775146484375000e+03 9.854494140625000000e+03 3.236767578125000000e+01 5.764058828353881836e-01
0.000000000000000000e+00 3.545419311523437500e+02 2.645054931640625000e+02 1.346793457031250000e+04 1.823363876342773438e+01 3.923934375000000000e+04 3.656086718750000000e+04 2.373507031250000000e+04 2.337115631103515625e+02 3.898413467407226562e+01 7.533012500000000000e+04
0.000000000000000000e+00 0.000000000000000000e+00 8.398684440180659294e-05 0.000000000000000000e+00 4.550901794433593750e+01 0.000000000000000000e+00 0.000000000000000000e+00 0.000000000000000000e+00 0.000000000000000000e+00 0.000000000000000000e+00 1.910037875175476074e+00
0.000000000000000000e+00 6.303468346595764160e-02 1.153215914964675903e-01 4.213320091366767883e-02 2.824345231056213379e-01 0.000000000000000000e+00 1.389921829104423523e-02 1.078497469425201416e-01 2.859963290393352509e-02 2.027913331985473633e-01 0.000000000000000000e+00
