0.000000000000000000e+00 9.500057983398437500e+01 1.464842871093750000e+04 0.000000000000000000e+00 0.000000000000000000e+00 0.000000000000000000e+00 3.382329101562500000e+02 1.823739257812500000e+04 8.759688476562500000e+03 3.628017753362655640e-02 0.000000000000000000e+00
2.753349218750000000e+04 0.000000000000000000e+00 9.608873748779296875e+01 1.182968444824218750e+02 5.374681949615478516e+00 6.857058405876159668e-01 2.707712500000000000e+04 1.579738140106201172e+00 2.114873504638671875e+01 9.815410375595092773e-01 1.847689843750000000e+04
6.841785937500000000e+04 1.253554000854492188e+02 3.514504687500000000e+04 1.349204778671264648e+00 4.862510156250000000e+04 7.400957519531250000e+03 7.935516406250000000e+04 1.325178906250000000e+04 3.973171875000000000e+04 6.590356250000000000e+04 2.018068554687500000e+04
1.471978906250000000e+04 4.602894592285156250e+01 1.286239624023437500e+00 5.421485900878906250e+01 3.149385742187500000e+03 1.279833984375000000e+02 1.093896289062500000e+04 1.151561230468750000e+04 1.296218872070312500e+02 2.443619155883789062e+01 4.205698013305664062e+00
5.450086593627929688e+00 8.821394920349121094e+00 4.535180568695068359e+00 1.010259628295898438e+00 1.869892400918615749e-07 6.066292524337768555e-01 6.061514019966125488e-01 6.209006309509277344e-01 4.375121090561151505e-03 7.830318927764892578e+00 2.260074615478515625e+01
0.000000000000000000e+00 0.000000000000000000e+00 0.000000000000000000e+00 0.000000000000000000e+00 0.000000000000000000e+00 0.000000000000000000e+00 0.000000000000000000e+00 0.000000000000000000e+00 0.000000000000000000e+00 0.000000000000000000e+00 0.000000000000000000e+00
1.401668261718750000e+04 5.208738281250000000e+04 0.000000000000000000e+00 1.103590312500000000e+05 9.621699899435043335e-02 2.475539062500000000e+04 2.958427148437500000e+04 2.103897949218750000e+03 3.350386718750000000e+04 8.454840625000000000e+04 9.870086669921875000e+01
0.000000000000000000e+00 3.434635877609252930e+00 1.941271875000000000e+05 4.281092697056010365e-05 7.769033593750000000e+04 4.033143050037324429e-04 4.873796093750000000e+04 1.709914687500000000e+05 4.712358093261718750e+01 1.034265468750000000e+05 1.929012537002563477e-01
6.073291297070682049e-05 1.231772460937500000e+04 1.110121536254882812e+02 1.311366601562500000e+04 4.150923156738281250e+01 1.000503808593750000e+04 3.900891876220703125e+01 4.879900360107421875e+01 1.134919586181640625e+02 2.385582421875000000e+04 8.567192077636718750e+01
0.000000000000000000e+00 0.000000000000000000e+00 1.442051870981231332e-05 0.000000000000000000e+00 1.491892051696777344e+01 0.000000000000000000e+00 0.000000000000000000e+00 0.000000000000000000e+00 0.000000000000000000e+00 0.000000000000000000e+00 0.000000000000000000e+00
0.000000000000000000e+00 0.000000000000000000e+00 9.148975461721420288e-02 2.642616969694699947e-08 1.948456168174743652e-01 0.000000000000000000e+00 4.808536544442176819e-02 6.948368251323699951e-02 1.609407809155527502e-05 5.943403020501136780e-02 0.000000000000000000e+00
