0.000000000000000000e+00 2.019679248332977295e-01 1.937605000000000000e+05 0.000000000000000000e+00 0.000000000000000000e+00 0.000000000000000000e+00 5.388356323242187500e+02 1.255176562500000000e+05 6.085288281250000000e+04 4.505553906250000000e+04 0.000000000000000000e+00
1.867838085937500000e+04 0.000000000000000000e+00 6.002658691406250000e+02 3.421864929199218750e+02 2.536828041076660156e+00 1.449251556396484375e+02 3.966925659179687500e+02 2.596637573242187500e+02 1.154055078125000000e+04 8.486053710937500000e+03 6.040591796875000000e+03
1.725504687500000000e+05 1.926574843750000000e+05 6.598243489861488342e-03 7.576745312500000000e+04 3.223832226562500000e+04 3.419524062500000000e+05 2.440492968750000000e+05 1.906189422607421875e+02 5.849941406250000000e+04 8.668432812500000000e+04 2.682532556354999542e-02
6.668123437500000000e+04 3.670472900390625000e+03 1.676051171875000000e+04 1.236830566406250000e+04 7.115418090820312500e+02 3.735521972656250000e+03 2.526985546875000000e+04 1.412707812500000000e+04 4.560092578125000000e+04 4.736288281250000000e+04 1.840966644287109375e+02
2.304960489273071289e+00 2.517522811889648438e+01 2.729147672653198242e+00 1.277397677768021822e-04 7.159119377320166677e-06 2.754770976025611162e-04 2.994074821472167969e-01 7.809496670961380005e-02 7.896704971790313721e-02 2.388309097290039062e+01 4.866480255126953125e+01
0.000000000000000000e+00 0.000000000000000000e+00 0.000000000000000000e+00 0.000000000000000000e+00 0.000000000000000000e+00 0.000000000000000000e+00 0.000000000000000000e+00 0.000000000000000000e+00 0.000000000000000000e+00 0.000000000000000000e+00 3.129788095357355360e-14
3.767112500000000000e+04 1.919350341796875000e+03 1.807653461582958698e-04 1.419226757812500000e+04 7.960906250000000000e+03 7.744236755371093750e+01 2.101811132812500000e+04 4.225884437561035156e+00 4.985946289062500000e+03 2.730504492187500000e+04 5.375422363281250000e+02
8.269726485013961792e-02 3.636490722656250000e+03 7.066932812500000000e+04 1.120008544921875000e+02 1.625850524902343750e+02 5.238653906250000000e+04 2.842879333496093750e+02 3.477734765625000000e+04 3.293581250000000000e+04 2.228013992309570312e+01 4.935370683670043945e-01
0.000000000000000000e+00 3.386751953125000000e+03 5.832480468750000000e+03 4.731296081542968750e+02 1.729080810546875000e+02 6.783104248046875000e+02 8.035248413085937500e+02 1.834161376953125000e+02 5.688820800781250000e+02 9.770182617187500000e+03 1.978334960937500000e+02
0.000000000000000000e+00 0.000000000000000000e+00 0.000000000000000000e+00 0.000000000000000000e+00 4.981901931762695312e+01 0.000000000000000000e+00 0.000000000000000000e+00 0.000000000000000000e+00 0.000000000000000000e+00 0.000000000000000000e+00 1.339466325589455664e-05
0.000000000000000000e+00 4.915560130029916763e-03 1.758189499378204346e-01 8.331054414156824350e-05 4.879381656646728516e-01 0.000000000000000000e+00 2.307564485818147659e-03 1.312156394124031067e-02 0.000000000000000000e+00 2.386554889380931854e-02 5.791701482849020977e-07
