0.000000000000000000e+00 6.021927692927420139e-04 1.266150065930560231e-04 0.000000000000000000e+00 0.000000000000000000e+00 0.000000000000000000e+00 5.105049815028905869e-03 0.000000000000000000e+00 1.971413148567080498e-03 0.000000000000000000e+00 0.000000000000000000e+00
7.124478463083505630e-03 0.000000000000000000e+00 6.641452200710773468e-03 2.212546532973647118e-03 3.752732649445533752e-03 0.000000000000000000e+00 7.084108656272292137e-04 2.797850174829363823e-04 0.000000000000000000e+00 0.000000000000000000e+00 0.000000000000000000e+00
0.000000000000000000e+00 4.619943443685770035e-03 0.000000000000000000e+00 8.197381161153316498e-03 3.870142390951514244e-04 6.277197971940040588e-04 4.775881301611661911e-03 0.000000000000000000e+00 0.000000000000000000e+00 4.790963139384984970e-03 3.689818782731890678e-03
7.025791797786951065e-03 0.000000000000000000e+00 2.181298099458217621e-03 8.871412719599902630e-04 0.000000000000000000e+00 3.660484682768583298e-03 0.000000000000000000e+00 4.257678519934415817e-03 1.670634141191840172e-03 9.567995439283549786e-04 0.000000000000000000e+00
0.000000000000000000e+00 1.199052567244507372e-04 1.048975100275129080e-04 1.910739229060709476e-04 0.000000000000000000e+00 1.677526452112942934e-04 1.935793115990236402e-04 1.146902941400185227e-04 1.234704250236973166e-04 1.711925870040431619e-04 4.398085002321749926e-04
0.000000000000000000e+00 0.000000000000000000e+00 5.011296365410089493e-03 0.000000000000000000e+00 0.000000000000000000e+00 1.638217829167842865e-02 0.000000000000000000e+00 0.000000000000000000e+00 8.978915866464376450e-04 3.257876262068748474e-03 2.153083495795726776e-02
3.283869940787553787e-03 1.793210860341787338e-03 0.000000000000000000e+00 0.000000000000000000e+00 0.000000000000000000e+00 5.393496714532375336e-03 0.000000000000000000e+00 3.242906881496310234e-03 9.268962778151035309e-03 5.534657975658774376e-04 3.724481444805860519e-03
0.000000000000000000e+00 2.761652460321784019e-03 0.000000000000000000e+00 0.000000000000000000e+00 0.000000000000000000e+00 0.000000000000000000e+00 0.000000000000000000e+00 0.000000000000000000e+00 1.577896415255963802e-03 0.000000000000000000e+00 0.000000000000000000e+00
0.000000000000000000e+00 2.790143946185708046e-03 2.943371422588825226e-03 0.000000000000000000e+00 0.000000000000000000e+00 6.240968359634280205e-04 7.876389427110552788e-04 0.000000000000000000e+00 1.149406889453530312e-03 0.000000000000000000e+00 2.560904249548912048e-03
0.000000000000000000e+00 3.539891331456601620e-04 8.125689812004566193e-03 7.828382658772170544e-04 1.633434742689132690e-02 0.000000000000000000e+00 0.000000000000000000e+00 0.000000000000000000e+00 7.360087707638740540e-03 0.000000000000000000e+00 4.175472538918256760e-03
0.000000000000000000e+00 0.000000000000000000e+00 2.248448936370550655e-06 0.000000000000000000e+00 8.190535481844563037e-06 0.000000000000000000e+00 1.802108045012573712e-06 5.248201887297909707e-06 8.929288242143229581e-07 1.220185367856174707e-06 0.000000000000000000e+00
