0.000000000000000000e+00 5.535920715332031250e+01 1.043052520751953125e+02 0.000000000000000000e+00 0.000000000000000000e+00 0.000000000000000000e+00 2.304003662109375000e+03 2.914311523437500000e+02 2.306344970703125000e+03 6.591301441192626953e+00 0.000000000000000000e+00
1.139462988281250000e+04 0.000000000000000000e+00 4.279812500000000000e+03 1.169822460937500000e+04 5.703605957031250000e+03 6.456685546875000000e+03 1.283728417968750000e+04 1.071160808205604553e-01 5.497713378906250000e+03 4.825389099121093750e+01 1.635986914062500000e+04
1.542291137695312500e+03 1.758776000976562500e+03 3.544659667968750000e+03 6.054993164062500000e+03 1.874958007812500000e+03 2.236260253906250000e+03 1.309132080078125000e+02 1.806710449218750000e+03 1.834737304687500000e+03 4.483449218750000000e+03 2.395814453125000000e+03
1.023930358886718750e+03 6.287885480560362339e-04 3.796173259615898132e-02 9.729460144042968750e+01 5.722628402709960938e+01 9.585060424804687500e+02 1.116059570312500000e+02 1.829992675781250000e+03 8.597424316406250000e+01 1.697415893554687500e+03 2.150958299636840820e+00
2.572247505187988281e+00 5.133539676666259766e+00 2.886277198791503906e+00 3.627481698989868164e+00 0.000000000000000000e+00 7.202253937721252441e-01 3.899823427200317383e+00 3.136100292205810547e+00 7.663412094116210938e-01 3.132330417633056641e+00 1.349036312103271484e+01
0.000000000000000000e+00 0.000000000000000000e+00 0.000000000000000000e+00 0.000000000000000000e+00 0.000000000000000000e+00 7.340560913085937500e+00 0.000000000000000000e+00 0.000000000000000000e+00 0.000000000000000000e+00 0.000000000000000000e+00 3.384300041943788528e-03
2.310999755859375000e+03 2.391987792968750000e+03 1.309052458964288235e-04 2.814675781250000000e+03 0.000000000000000000e+00 1.357917938232421875e+02 9.637625813484191895e-01 3.876152420043945312e+01 1.432225341796875000e+03 1.894436523437500000e+03 9.696180725097656250e+01
0.000000000000000000e+00 7.249014062500000000e+04 7.249630468750000000e+04 4.336670041084289551e-01 5.842957031250000000e+04 2.342969335937500000e+04 1.346702343750000000e+04 7.861321875000000000e+04 9.566076660156250000e+01 6.413833593750000000e+04 6.795019656419754028e-02
3.053468162761419080e-07 7.115441406250000000e+03 7.236059570312500000e+03 9.401915283203125000e+02 3.521126694977283478e-03 4.290223632812500000e+03 1.527962402343750000e+03 6.247371784411370754e-04 5.070230484008789062e+01 9.735723266601562500e+02 6.645701599121093750e+01
1.942886970937252045e-02 0.000000000000000000e+00 4.428516700863838196e-02 0.000000000000000000e+00 2.384532094001770020e-01 6.305086426436901093e-04 2.492116764187812805e-03 6.901387195057395729e-08 0.000000000000000000e+00 0.000000000000000000e+00 1.192791014909744263e-02
0.000000000000000000e+00 3.485369379632174969e-04 5.127508565783500671e-02 4.305424567974114325e-07 1.706141531467437744e-01 0.000000000000000000e+00 1.727005001157522202e-03 3.800252825021743774e-02 0.000000000000000000e+00 2.157314680516719818e-02 1.054844815939759428e-07
