0.000000000000000000e+00 0.000000000000000000e+00 4.287803545594215393e-03 0.000000000000000000e+00 0.000000000000000000e+00 0.000000000000000000e+00 2.816185820847749710e-03 0.000000000000000000e+00 1.064446259988471866e-04 0.000000000000000000e+00 0.000000000000000000e+00
1.009172876365482807e-03 0.000000000000000000e+00 5.073711741715669632e-03 6.804978940635919571e-03 2.500947332009673119e-03 0.000000000000000000e+00 3.776881610974669456e-03 0.000000000000000000e+00 0.000000000000000000e+00 0.000000000000000000e+00 2.623741514980792999e-03
0.000000000000000000e+00 6.971627939492464066e-03 0.000000000000000000e+00 3.995078615844249725e-03 0.000000000000000000e+00 6.119277328252792358e-03 7.205185946077108383e-03 0.000000000000000000e+00 7.896338589489459991e-03 1.041148207150399685e-03 0.000000000000000000e+00
9.593859314918518066e-03 2.301280852407217026e-03 0.000000000000000000e+00 0.000000000000000000e+00 2.499172231182456017e-03 1.455800025723874569e-03 0.000000000000000000e+00 1.024157460778951645e-02 9.931302629411220551e-04 0.000000000000000000e+00 0.000000000000000000e+00
0.000000000000000000e+00 3.080177339143119752e-05 2.205602650064975023e-04 3.626493935371399857e-06 0.000000000000000000e+00 0.000000000000000000e+00 6.533954729093238711e-05 1.351422906736843288e-05 9.372250133310444653e-06 2.503774012438952923e-04 4.230376798659563065e-04
0.000000000000000000e+00 0.000000000000000000e+00 0.000000000000000000e+00 0.000000000000000000e+00 0.000000000000000000e+00 0.000000000000000000e+00 0.000000000000000000e+00 0.000000000000000000e+00 0.000000000000000000e+00 0.000000000000000000e+00 0.000000000000000000e+00
0.000000000000000000e+00 2.909982809796929359e-03 0.000000000000000000e+00 1.183161512017250061e-03 0.000000000000000000e+00 0.000000000000000000e+00 1.844732178142294288e-04 4.455981310456991196e-03 4.046773537993431091e-03 3.771363757550716400e-03 0.000000000000000000e+00
0.000000000000000000e+00 0.000000000000000000e+00 0.000000000000000000e+00 7.356760906986892223e-04 0.000000000000000000e+00 0.000000000000000000e+00 0.000000000000000000e+00 9.949269704520702362e-03 2.846342977136373520e-03 0.000000000000000000e+00 0.000000000000000000e+00
0.000000000000000000e+00 7.554048206657171249e-04 2.002396387979388237e-03 0.000000000000000000e+00 0.000000000000000000e+00 0.000000000000000000e+00 7.202378474175930023e-03 0.000000000000000000e+00 0.000000000000000000e+00 2.430509543046355247e-03 1.205502048833295703e-04
6.538914516568183899e-03 6.842686329036951065e-03 6.268245168030261993e-03 0.000000000000000000e+00 2.634685300290584564e-02 0.000000000000000000e+00 3.155977698042988777e-03 0.000000000000000000e+00 6.643003318458795547e-03 0.000000000000000000e+00 1.076327636837959290e-02
0.000000000000000000e+00 0.000000000000000000e+00 2.060065298792324029e-06 2.705922668155835709e-07 3.683102022478124127e-06 0.000000000000000000e+00 7.599438589522833354e-08 1.545919189993583132e-06 0.000000000000000000e+00 2.550541182699817000e-07 0.000000000000000000e+00
