0.000000000000000000e+00 0.000000000000000000e+00 0.000000000000000000e+00 0.000000000000000000e+00 0.000000000000000000e+00 0.000000000000000000e+00 1.363940100418403745e-04 3.937110304832458496e-03 1.563373487442731857e-03 0.000000000000000000e+00 0.000000000000000000e+00
8.794658817350864410e-03 0.000000000000000000e+00 2.531198784708976746e-03 1.214119256474077702e-03 0.000000000000000000e+00 0.000000000000000000e+00 0.000000000000000000e+00 0.000000000000000000e+00 2.243842231109738350e-03 0.000000000000000000e+00 0.000000000000000000e+00
0.000000000000000000e+00 4.769871942698955536e-03 5.487643065862357616e-04 0.000000000000000000e+00 5.595775321125984192e-03 8.663674816489219666e-03 1.504569896496832371e-03 0.000000000000000000e+00 0.000000000000000000e+00 6.142070982605218887e-03 0.000000000000000000e+00
5.932211875915527344e-03 0.000000000000000000e+00 0.000000000000000000e+00 0.000000000000000000e+00 0.000000000000000000e+00 0.000000000000000000e+00 0.000000000000000000e+00 3.231731709092855453e-03 0.000000000000000000e+00 6.007310468703508377e-03 0.000000000000000000e+00
1.162605403806082904e-04 2.311105490662157536e-04 1.275333197554573417e-04 1.072866070899181068e-04 0.000000000000000000e+00 1.253597729373723269e-04 1.260871649719774723e-04 7.903864025138318539e-05 1.692408841336145997e-04 2.662142214830964804e-04 4.206676094327121973e-04
0.000000000000000000e+00 5.628207232803106308e-03 3.194452030584216118e-03 0.000000000000000000e+00 0.000000000000000000e+00 1.998045295476913452e-02 0.000000000000000000e+00 3.770672483369708061e-03 0.000000000000000000e+00 1.993000973016023636e-03 2.869472838938236237e-02
4.759676754474639893e-03 0.000000000000000000e+00 0.000000000000000000e+00 4.976101219654083252e-03 1.890735118649899960e-03 1.319241011515259743e-03 5.268896929919719696e-03 4.568982869386672974e-03 5.493017844855785370e-03 0.000000000000000000e+00 0.000000000000000000e+00
0.000000000000000000e+00 1.793745323084294796e-03 0.000000000000000000e+00 0.000000000000000000e+00 1.376038184389472008e-03 7.087337784469127655e-03 0.000000000000000000e+00 0.000000000000000000e+00 2.054952783510088921e-03 0.000000000000000000e+00 2.660048194229602814e-03
0.000000000000000000e+00 5.013062153011560440e-03 4.210488870739936829e-03 1.064314157702028751e-03 0.000000000000000000e+00 0.000000000000000000e+00 1.684374292381107807e-03 0.000000000000000000e+00 0.000000000000000000e+00 2.582487184554338455e-03 0.000000000000000000e+00
3.377411281690001488e-03 0.000000000000000000e+00 9.132839739322662354e-03 0.000000000000000000e+00 2.659536339342594147e-02 0.000000000000000000e+00 0.000000000000000000e+00 0.000000000000000000e+00 1.381434965878725052e-03 0.000000000000000000e+00 1.247149799019098282e-02
0.000000000000000000e+00 0.000000000000000000e+00 1.429174631084606517e-06 1.207888544740853831e-08 3.087909362875507213e-06 0.000000000000000000e+00 0.000000000000000000e+00 0.000000000000000000e+00 0.000000000000000000e+00 3.609857799347082619e-07 0.000000000000000000e+00
