0.000000000000000000e+00 0.000000000000000000e+00 6.619115010835230350e-04 0.000000000000000000e+00 0.000000000000000000e+00 0.000000000000000000e+00 3.831680165603756905e-03 8.920180611312389374e-03 1.354916859418153763e-02 0.000000000000000000e+00 0.000000000000000000e+00
9.059363976120948792e-03 0.000000000000000000e+00 0.000000000000000000e+00 0.000000000000000000e+00 0.000000000000000000e+00 0.000000000000000000e+00 3.926328383386135101e-03 0.000000000000000000e+00 0.000000000000000000e+00 0.000000000000000000e+00 1.567017054185271263e-03
0.000000000000000000e+00 1.016665063798427582e-02 5.007997155189514160e-03 0.000000000000000000e+00 8.921753615140914917e-03 6.230392493307590485e-03 0.000000000000000000e+00 0.000000000000000000e+00 0.000000000000000000e+00 6.026931107044219971e-03 1.428502146154642105e-03
6.511215120553970337e-03 0.000000000000000000e+00 0.000000000000000000e+00 5.700540728867053986e-03 0.000000000000000000e+00 1.998268999159336090e-03 0.000000000000000000e+00 0.000000000000000000e+00 8.741105557419359684e-04 5.325286183506250381e-03 0.000000000000000000e+00
2.070239715976640582e-04 3.843012091238051653e-04 1.736490230541676283e-04 2.329587150597944856e-04 0.000000000000000000e+00 2.744044177234172821e-04 2.122298610629513860e-04 0.000000000000000000e+00 2.292121789650991559e-04 2.770386636257171631e-04 5.868702428415417671e-04
0.000000000000000000e+00 0.000000000000000000e+00 0.000000000000000000e+00 0.000000000000000000e+00 0.000000000000000000e+00 0.000000000000000000e+00 0.000000000000000000e+00 0.000000000000000000e+00 0.000000000000000000e+00 0.000000000000000000e+00 0.000000000000000000e+00
8.720338344573974609e-03 7.080311886966228485e-03 0.000000000000000000e+00 1.091406447812914848e-03 0.000000000000000000e+00 4.218257032334804535e-03 6.171149201691150665e-03 0.000000000000000000e+00 7.290094159543514252e-03 2.030679490417242050e-03 9.314452297985553741e-03
0.000000000000000000e+00 8.176715113222599030e-03 0.000000000000000000e+00 0.000000000000000000e+00 2.067909575998783112e-03 5.783026572316884995e-03 0.000000000000000000e+00 0.000000000000000000e+00 0.000000000000000000e+00 0.000000000000000000e+00 0.000000000000000000e+00
0.000000000000000000e+00 0.000000000000000000e+00 9.849107824265956879e-03 0.000000000000000000e+00 0.000000000000000000e+00 7.565016392618417740e-03 6.704506464302539825e-03 0.000000000000000000e+00 0.000000000000000000e+00 6.608934141695499420e-03 1.403161004418507218e-04
1.013446785509586334e-02 8.148784749209880829e-03 1.397255691699683666e-03 0.000000000000000000e+00 4.354410246014595032e-02 0.000000000000000000e+00 0.000000000000000000e+00 0.000000000000000000e+00 4.599894862622022629e-03 1.750928640831261873e-04 7.368991617113351822e-03
0.000000000000000000e+00 0.000000000000000000e+00 7.618999461556086317e-06 0.000000000000000000e+00 7.750448276055976748e-06 0.000000000000000000e+00 1.028550968840136193e-06 1.347669808637874667e-06 0.000000000000000000e+00 2.824104967658058740e-06 0.000000000000000000e+00
