0.000000000000000000e+00 1.256158808246254921e-03 0.000000000000000000e+00 0.000000000000000000e+00 0.000000000000000000e+00 0.000000000000000000e+00 1.415658183395862579e-02 4.445773083716630936e-04 2.912315540015697479e-03 0.000000000000000000e+00 0.000000000000000000e+00
1.518235541880130768e-02 0.000000000000000000e+00 1.558266859501600266e-02 1.348552759736776352e-02 0.000000000000000000e+00 0.000000000000000000e+00 0.000000000000000000e+00 0.000000000000000000e+00 2.971430541947484016e-03 0.000000000000000000e+00 1.603958895429968834e-03
1.686570118181407452e-03 4.989412147551774979e-03 1.188834314234554768e-03 6.703564897179603577e-03 0.000000000000000000e+00 0.000000000000000000e+00 9.712208993732929230e-03 0.000000000000000000e+00 1.328654354438185692e-03 4.514790605753660202e-03 6.717766169458627701e-03
1.105205249041318893e-02 0.000000000000000000e+00 0.000000000000000000e+00 7.202546577900648117e-03 0.000000000000000000e+00 1.194945722818374634e-02 1.391605706885457039e-03 1.640065573155879974e-02 0.000000000000000000e+00 2.109470777213573456e-03 0.000000000000000000e+00
6.295694765867665410e-05 1.974268525373190641e-04 2.080179838230833411e-04 1.804227504180744290e-04 0.000000000000000000e+00 2.070489426841959357e-04 2.425300044706091285e-04 1.024406883516348898e-04 1.003621946438215673e-04 1.179874161607585847e-04 7.406540680676698685e-04
0.000000000000000000e+00 0.000000000000000000e+00 0.000000000000000000e+00 0.000000000000000000e+00 0.000000000000000000e+00 1.493446907261386514e-04 0.000000000000000000e+00 0.000000000000000000e+00 0.000000000000000000e+00 0.000000000000000000e+00 0.000000000000000000e+00
2.271304605528712273e-03 9.592914022505283356e-03 0.000000000000000000e+00 6.755803711712360382e-03 0.000000000000000000e+00 6.701172329485416412e-03 5.142416805028915405e-03 3.245091647841036320e-04 5.848331376910209656e-03 1.734599121846258640e-03 7.579610217362642288e-03
0.000000000000000000e+00 3.626507474109530449e-03 7.088850252330303192e-03 4.853955470025539398e-04 0.000000000000000000e+00 0.000000000000000000e+00 0.000000000000000000e+00 1.984886359423398972e-03 9.443318471312522888e-03 0.000000000000000000e+00 0.000000000000000000e+00
0.000000000000000000e+00 1.158454082906246185e-02 1.041170861572027206e-02 0.000000000000000000e+00 1.128641422837972641e-03 0.000000000000000000e+00 7.384561002254486084e-03 7.988089695572853088e-03 2.278342843055725098e-03 1.052579097449779510e-02 3.758362028747797012e-03
1.005611848086118698e-02 6.430129520595073700e-03 1.770464517176151276e-02 2.257987856864929199e-03 3.876860067248344421e-02 0.000000000000000000e+00 0.000000000000000000e+00 0.000000000000000000e+00 1.415517274290323257e-02 0.000000000000000000e+00 9.345862083137035370e-03
0.000000000000000000e+00 5.847672355230315588e-07 5.891400178370531648e-06 1.281934487451508176e-06 7.902818651928100735e-06 0.000000000000000000e+00 2.513605750209535472e-06 3.196131274307845160e-06 3.180969997629290447e-06 3.273994934716029093e-06 0.000000000000000000e+00
