0.000000000000000000e+00 4.451756286621093750e+02 4.020862579345703125e+01 0.000000000000000000e+00 0.000000000000000000e+00 0.000000000000000000e+00 1.508730712890625000e+03 1.781864135742187500e+03 1.101510742187500000e+03 4.396098632812500000e+02 0.000000000000000000e+00
8.111750793457031250e+01 0.000000000000000000e+00 7.436852455139160156e+00 1.093012390136718750e+02 4.093954467773437500e+02 3.865610504150390625e+01 5.184323501586914062e+01 3.299001693725585938e+01 3.615935668945312500e+02 4.961553961038589478e-02 1.683119049072265625e+02
2.413525199890136719e+01 1.010504722595214844e+01 1.702679634094238281e+01 1.642910385131835938e+01 1.824525070190429688e+01 3.124534606933593750e+02 5.590369224548339844e+00 2.830810308456420898e+00 2.030343246459960938e+01 3.305339050292968750e+01 2.633737182617187500e+01
8.845793151855468750e+01 8.049526977539062500e+01 5.058072209358215332e-01 1.363945007324218750e+02 2.888141632080078125e+01 8.141531608998775482e-03 1.532936763763427734e+01 1.719182586669921875e+01 4.086215209960937500e+01 6.454087066650390625e+01 1.419937286376953125e+02
1.689259260892868042e-01 1.688156425952911377e-01 2.599866986274719238e-01 1.054573953151702881e-01 0.000000000000000000e+00 9.372186660766601562e-02 1.451622545719146729e-01 1.329110860824584961e-01 1.824143528938293457e-01 5.979429483413696289e-01 1.327402114868164062e+00
0.000000000000000000e+00 0.000000000000000000e+00 0.000000000000000000e+00 0.000000000000000000e+00 0.000000000000000000e+00 3.028202801942825317e-02 0.000000000000000000e+00 0.000000000000000000e+00 0.000000000000000000e+00 0.000000000000000000e+00 1.604580029379576445e-05
9.169290161132812500e+01 1.248722076416015625e+01 7.082947529852390289e-03 6.051019287109375000e+02 3.350567579269409180e+00 3.613384094238281250e+02 1.157303924560546875e+02 4.233001708984375000e+02 4.452446594238281250e+02 2.509632263183593750e+02 5.451378784179687500e+02
8.321873610839247704e-04 1.017868957519531250e+02 3.999141845703125000e+02 1.410415053367614746e+00 5.715109634399414062e+01 4.032053351402282715e-01 1.271251320838928223e+00 3.843830108642578125e+01 2.029603958129882812e+01 1.855190694332122803e-01 9.879237413406372070e-02
2.776804208755493164e+00 8.598770141601562500e+00 2.837610778808593750e+02 1.184985580444335938e+02 1.846841430664062500e+02 7.963843994140625000e+02 1.252356033325195312e+02 1.383155250549316406e+01 3.292157592773437500e+02 1.655654449462890625e+02 5.435755615234375000e+02
0.000000000000000000e+00 0.000000000000000000e+00 0.000000000000000000e+00 0.000000000000000000e+00 2.267662286758422852e-01 0.000000000000000000e+00 6.153513677418231964e-04 0.000000000000000000e+00 5.260165780782699585e-04 0.000000000000000000e+00 1.599754206836223602e-03
0.000000000000000000e+00 3.672605453175492585e-05 3.570057451725006104e-03 8.205305784940719604e-04 9.843274950981140137e-03 0.000000000000000000e+00 2.014512894675135612e-03 3.361276583746075630e-03 1.377680121095181676e-07 8.795565925538539886e-03 1.064623647835105658e-04
