6.156393140554428101e-02 1.383094042539596558e-01 1.715744137763977051e-01 7.923807203769683838e-02 0.000000000000000000e+00 4.461573809385299683e-02 1.605232059955596924e-01 1.997449994087219238e-01 1.506226360797882080e-01 1.188080459833145142e-01 4.642972350120544434e-02
3.769932314753532410e-02 0.000000000000000000e+00 6.203056871891021729e-02 4.041124600917100906e-03 0.000000000000000000e+00 0.000000000000000000e+00 2.785104326903820038e-03 8.510347455739974976e-03 3.380084037780761719e-02 0.000000000000000000e+00 2.124975621700286865e-02
7.101697381585836411e-03 2.491496130824089050e-02 0.000000000000000000e+00 7.623632252216339111e-02 0.000000000000000000e+00 2.178660407662391663e-02 1.373667642474174500e-02 7.380634080618619919e-03 1.822366146370768547e-03 1.357468366622924805e-01 0.000000000000000000e+00
3.626069426536560059e-02 0.000000000000000000e+00 0.000000000000000000e+00 8.415541052818298340e-02 2.618785947561264038e-03 4.912327975034713745e-03 1.475898083299398422e-03 6.810236722230911255e-03 4.215611517429351807e-02 5.746468741563148797e-05 0.000000000000000000e+00
1.473275915486738086e-05 3.087305522058159113e-04 4.047209222335368395e-05 3.044275217689573765e-04 0.000000000000000000e+00 3.007917548529803753e-04 9.389948536409065127e-05 0.000000000000000000e+00 2.044150460278615355e-05 4.354514530859887600e-04 5.604172474704682827e-04
0.000000000000000000e+00 0.000000000000000000e+00 0.000000000000000000e+00 0.000000000000000000e+00 0.000000000000000000e+00 5.152720041223801672e-05 0.000000000000000000e+00 0.000000000000000000e+00 0.000000000000000000e+00 0.000000000000000000e+00 4.396263075800987963e-10
3.251421079039573669e-02 0.000000000000000000e+00 0.000000000000000000e+00 2.199922502040863037e-02 0.000000000000000000e+00 2.062648162245750427e-02 1.310346275568008423e-02 9.628367610275745392e-03 5.521693825721740723e-02 3.643188253045082092e-02 4.492795839905738831e-02
0.000000000000000000e+00 6.128771975636482239e-02 1.983339935541152954e-01 2.948555909097194672e-02 1.125934571027755737e-01 5.297417938709259033e-02 5.047829821705818176e-03 1.534052640199661255e-01 3.710037097334861755e-02 5.565442517399787903e-02 5.332943052053451538e-03
1.476499255659291521e-05 0.000000000000000000e+00 6.090544909238815308e-02 0.000000000000000000e+00 1.742339693009853363e-03 2.417694218456745148e-02 6.069185584783554077e-02 1.151468022726476192e-03 3.623371012508869171e-03 3.492059884592890739e-03 1.052978914231061935e-02
0.000000000000000000e+00 0.000000000000000000e+00 0.000000000000000000e+00 0.000000000000000000e+00 9.982411283999681473e-04 0.000000000000000000e+00 0.000000000000000000e+00 0.000000000000000000e+00 0.000000000000000000e+00 0.000000000000000000e+00 0.000000000000000000e+00
0.000000000000000000e+00 1.744027599670516793e-06 2.071573362627532333e-06 1.662442059569002595e-07 4.126754902245011181e-06 0.000000000000000000e+00 1.168068934020993765e-06 1.487863187321636360e-06 0.000000000000000000e+00 8.692172173141443636e-07 0.000000000000000000e+00
