0.000000000000000000e+00 1.612114379882812500e+03 2.174994049072265625e+02 0.000000000000000000e+00 0.000000000000000000e+00 0.000000000000000000e+00 4.786501464843750000e+03 3.371105468750000000e+03 1.834696655273437500e+03 2.404830551147460938e+01 0.000000000000000000e+00
1.576564979553222656e+01 0.000000000000000000e+00 6.927534667968750000e+03 1.289177734375000000e+04 1.703523366813897155e-06 1.489252539062500000e+04 2.799019335937500000e+04 1.156203746795654297e+01 5.486104202270507812e+01 4.253907501697540283e-02 1.339053222656250000e+04
2.325177154541015625e+02 6.521393554687500000e+03 2.776304244995117188e+01 2.744918701171875000e+03 5.667536544799804688e+01 5.049503173828125000e+02 3.229984741210937500e+02 1.052073860168457031e+01 3.630953369140625000e+02 1.600878906250000000e+02 3.571974945068359375e+01
9.519128417968750000e+02 9.404506683349609375e+00 1.164484070613980293e-03 3.756370544433593750e+02 9.860491943359375000e+01 5.519825683593750000e+03 1.958491699218750000e+03 1.562598266601562500e+03 5.105655273437500000e+03 3.381470703125000000e+03 2.424453277587890625e+02
1.696697711944580078e+00 2.302295923233032227e+00 7.370153665542602539e-01 6.931953430175781250e-01 0.000000000000000000e+00 5.224684476852416992e-01 1.184980154037475586e+00 5.347462892532348633e-01 3.165093362331390381e-01 1.339879751205444336e+00 1.280060482025146484e+01
0.000000000000000000e+00 0.000000000000000000e+00 0.000000000000000000e+00 0.000000000000000000e+00 0.000000000000000000e+00 1.216161996126174927e-01 0.000000000000000000e+00 0.000000000000000000e+00 0.000000000000000000e+00 0.000000000000000000e+00 1.752988100633956492e-05
3.984206054687500000e+03 2.421644897460937500e+02 7.588333915919065475e-03 2.379203338623046875e+02 0.000000000000000000e+00 9.985085576772689819e-03 5.787316131591796875e+01 2.055807495117187500e+02 7.471902343750000000e+03 1.285480041503906250e+02 3.187312500000000000e+03
3.160971857596450718e-07 5.247212500000000000e+04 2.100550390625000000e+04 1.493317794799804688e+01 2.743960546875000000e+04 3.897050781250000000e+04 4.901083374023437500e+01 3.908071484375000000e+04 4.357041168212890625e+01 6.534725980600342155e-05 6.505637764930725098e-01
2.279272302985191345e-04 1.675466766357421875e+02 6.339425048828125000e+02 2.846078109741210938e+01 4.497161865234375000e+01 9.220875976562500000e+03 5.480312500000000000e+03 1.435399017333984375e+02 9.408131408691406250e+01 8.916793823242187500e+01 9.703221321105957031e+00
0.000000000000000000e+00 0.000000000000000000e+00 0.000000000000000000e+00 0.000000000000000000e+00 1.827149391174316406e+01 0.000000000000000000e+00 0.000000000000000000e+00 0.000000000000000000e+00 0.000000000000000000e+00 0.000000000000000000e+00 0.000000000000000000e+00
0.000000000000000000e+00 2.669456414878368378e-03 9.240155667066574097e-02 1.907812664285302162e-03 2.384314835071563721e-01 0.000000000000000000e+00 5.092142615467309952e-03 3.455958515405654907e-02 1.614837092347443104e-03 1.707631349563598633e-02 3.547325277963864210e-08
