0.000000000000000000e+00 2.424978156341239810e-04 2.355370204895734787e-03 0.000000000000000000e+00 0.000000000000000000e+00 0.000000000000000000e+00 1.328860595822334290e-02 1.275749038904905319e-02 7.435425184667110443e-03 0.000000000000000000e+00 0.000000000000000000e+00
0.000000000000000000e+00 0.000000000000000000e+00 4.586023744195699692e-03 0.000000000000000000e+00 7.217859092634171247e-05 2.245923504233360291e-03 0.000000000000000000e+00 0.000000000000000000e+00 7.096425979398190975e-04 0.000000000000000000e+00 0.000000000000000000e+00
0.000000000000000000e+00 6.603433284908533096e-04 0.000000000000000000e+00 1.551661698613315821e-04 1.758749713189899921e-03 7.196154911071062088e-03 0.000000000000000000e+00 7.872967980802059174e-04 0.000000000000000000e+00 0.000000000000000000e+00 0.000000000000000000e+00
1.875385409221053123e-03 0.000000000000000000e+00 0.000000000000000000e+00 6.238935515284538269e-03 1.127368304878473282e-02 0.000000000000000000e+00 6.971816997975111008e-03 5.491291172802448273e-03 1.473312964662909508e-03 0.000000000000000000e+00 0.000000000000000000e+00
9.714179759612306952e-05 1.703017042018473148e-04 4.260915011400356889e-05 1.451825810363516212e-04 0.000000000000000000e+00 5.863049227627925575e-05 1.877861941466107965e-04 5.431586032500490546e-05 9.586063970346003771e-05 1.931625010911375284e-04 3.454034740570932627e-04
0.000000000000000000e+00 0.000000000000000000e+00 0.000000000000000000e+00 0.000000000000000000e+00 0.000000000000000000e+00 0.000000000000000000e+00 0.000000000000000000e+00 0.000000000000000000e+00 0.000000000000000000e+00 0.000000000000000000e+00 1.241713180206716061e-03
2.133467001840472221e-03 1.192233874462544918e-03 0.000000000000000000e+00 2.454181900247931480e-03 0.000000000000000000e+00 5.123396869748830795e-03 0.000000000000000000e+00 5.869867745786905289e-04 1.311978092417120934e-03 1.118729263544082642e-02 4.721928387880325317e-03
0.000000000000000000e+00 7.242229767143726349e-03 0.000000000000000000e+00 0.000000000000000000e+00 1.294611836783587933e-03 3.329417435452342033e-03 4.696856718510389328e-03 0.000000000000000000e+00 1.490074675530195236e-03 0.000000000000000000e+00 2.040338004007935524e-03
0.000000000000000000e+00 0.000000000000000000e+00 0.000000000000000000e+00 2.686949446797370911e-03 0.000000000000000000e+00 2.796806860715150833e-03 4.001715220510959625e-03 0.000000000000000000e+00 4.036867467220872641e-04 0.000000000000000000e+00 2.006626687943935394e-03
6.237944122403860092e-03 6.150123663246631622e-03 6.297312211245298386e-03 7.559903897345066071e-04 2.466206438839435577e-02 0.000000000000000000e+00 1.479349681176245213e-03 0.000000000000000000e+00 1.980397151783108711e-03 0.000000000000000000e+00 5.472471937537193298e-03
0.000000000000000000e+00 0.000000000000000000e+00 8.511601095051446464e-07 3.019091820988251129e-07 6.877380656078457832e-07 0.000000000000000000e+00 3.903561491824802943e-07 2.629884647831204347e-07 0.000000000000000000e+00 3.806568429354229011e-07 1.336480295321962330e-07
