0.000000000000000000e+00 1.444812631234526634e-03 0.000000000000000000e+00 0.000000000000000000e+00 0.000000000000000000e+00 0.000000000000000000e+00 8.000571280717849731e-03 8.312990539707243443e-04 5.597476847469806671e-03 0.000000000000000000e+00 0.000000000000000000e+00
2.706061350181698799e-03 0.000000000000000000e+00 2.522223396226763725e-03 3.828018670901656151e-04 1.060097361914813519e-03 0.000000000000000000e+00 0.000000000000000000e+00 0.000000000000000000e+00 8.632602402940392494e-04 0.000000000000000000e+00 0.000000000000000000e+00
0.000000000000000000e+00 3.950952304876409471e-05 2.651853021234273911e-03 3.711463883519172668e-03 1.247508334927260876e-04 4.833225160837173462e-03 4.414321854710578918e-03 0.000000000000000000e+00 0.000000000000000000e+00 4.032698459923267365e-03 0.000000000000000000e+00
4.486287944018840790e-03 2.896509366109967232e-03 0.000000000000000000e+00 3.530143294483423233e-03 0.000000000000000000e+00 0.000000000000000000e+00 0.000000000000000000e+00 0.000000000000000000e+00 1.702690031379461288e-03 6.333747878670692444e-03 0.000000000000000000e+00
0.000000000000000000e+00 1.249729248229414225e-04 1.307155180256813765e-04 8.780018833931535482e-05 0.000000000000000000e+00 1.428839896107092500e-04 1.360486785415560007e-04 6.277972715906798840e-05 1.775559067027643323e-04 1.747131173033267260e-04 4.304322646930813789e-04
0.000000000000000000e+00 5.708171520382165909e-03 3.777084406465291977e-03 0.000000000000000000e+00 0.000000000000000000e+00 1.724396646022796631e-02 0.000000000000000000e+00 0.000000000000000000e+00 0.000000000000000000e+00 3.481581108644604683e-03 2.414505928754806519e-02
5.963922478258609772e-03 2.371675102040171623e-03 0.000000000000000000e+00 2.738541923463344574e-03 0.000000000000000000e+00 4.440093412995338440e-03 0.000000000000000000e+00 3.111963393166661263e-03 1.675629289820790291e-03 8.979606209322810173e-04 0.000000000000000000e+00
0.000000000000000000e+00 0.000000000000000000e+00 0.000000000000000000e+00 0.000000000000000000e+00 1.060789800249040127e-03 1.644141622819006443e-03 0.000000000000000000e+00 0.000000000000000000e+00 2.180506009608507156e-03 0.000000000000000000e+00 0.000000000000000000e+00
0.000000000000000000e+00 2.681144396774470806e-04 5.350166466087102890e-03 0.000000000000000000e+00 4.264044109731912613e-04 0.000000000000000000e+00 1.285544945858418941e-03 0.000000000000000000e+00 0.000000000000000000e+00 1.567431958392262459e-03 0.000000000000000000e+00
3.453104058280587196e-03 3.948802128434181213e-03 9.088336490094661713e-03 0.000000000000000000e+00 2.087488211691379547e-02 0.000000000000000000e+00 0.000000000000000000e+00 0.000000000000000000e+00 4.985239356756210327e-03 0.000000000000000000e+00 6.300938315689563751e-03
0.000000000000000000e+00 0.000000000000000000e+00 3.003713572979904711e-06 1.976623707378166728e-06 6.847837084933416918e-06 0.000000000000000000e+00 1.228590463142609224e-06 4.010294105682987720e-06 0.000000000000000000e+00 2.381857257205410860e-06 0.000000000000000000e+00
