0.000000000000000000e+00 0.000000000000000000e+00 1.107424311339855194e-02 0.000000000000000000e+00 0.000000000000000000e+00 0.000000000000000000e+00 0.000000000000000000e+00 5.732365418225526810e-03 0.000000000000000000e+00 0.000000000000000000e+00 0.000000000000000000e+00
1.093652378767728806e-02 0.000000000000000000e+00 1.476337574422359467e-02 8.934108540415763855e-03 0.000000000000000000e+00 0.000000000000000000e+00 7.430253550410270691e-03 2.095442730933427811e-03 0.000000000000000000e+00 0.000000000000000000e+00 3.306173603050410748e-04
0.000000000000000000e+00 1.117768348194658756e-03 0.000000000000000000e+00 0.000000000000000000e+00 0.000000000000000000e+00 0.000000000000000000e+00 0.000000000000000000e+00 0.000000000000000000e+00 2.752619795501232147e-03 1.197190862149000168e-02 4.508302081376314163e-03
1.499970536679029465e-02 0.000000000000000000e+00 0.000000000000000000e+00 0.000000000000000000e+00 1.561266463249921799e-02 1.727399998344480991e-03 6.390575785189867020e-03 1.466496102511882782e-02 0.000000000000000000e+00 0.000000000000000000e+00 0.000000000000000000e+00
0.000000000000000000e+00 1.516106422059237957e-04 2.443132398184388876e-04 3.640347131295129657e-05 0.000000000000000000e+00 7.808632653905078769e-05 1.285141479456797242e-04 0.000000000000000000e+00 1.480665523558855057e-04 3.585907688830047846e-04 6.692175520583987236e-04
0.000000000000000000e+00 0.000000000000000000e+00 0.000000000000000000e+00 0.000000000000000000e+00 0.000000000000000000e+00 6.529812817461788654e-04 0.000000000000000000e+00 0.000000000000000000e+00 0.000000000000000000e+00 0.000000000000000000e+00 0.000000000000000000e+00
0.000000000000000000e+00 1.060784794390201569e-02 0.000000000000000000e+00 0.000000000000000000e+00 0.000000000000000000e+00 4.304416943341493607e-03 5.153300240635871887e-03 3.886856371536850929e-03 7.437909021973609924e-03 1.993166841566562653e-02 0.000000000000000000e+00
0.000000000000000000e+00 0.000000000000000000e+00 0.000000000000000000e+00 3.096459200605750084e-03 3.813708666712045670e-03 3.965205047279596329e-03 0.000000000000000000e+00 4.510204307734966278e-03 3.404180984944105148e-03 0.000000000000000000e+00 0.000000000000000000e+00
0.000000000000000000e+00 0.000000000000000000e+00 0.000000000000000000e+00 5.239872843958437443e-04 0.000000000000000000e+00 0.000000000000000000e+00 6.284299772232770920e-03 8.613556274212896824e-04 6.087234942242503166e-04 2.265645656734704971e-03 3.794315969571471214e-03
2.537990920245647430e-03 1.119476743042469025e-02 9.071704000234603882e-03 0.000000000000000000e+00 4.517653584480285645e-02 0.000000000000000000e+00 0.000000000000000000e+00 6.594630889594554901e-03 1.342997513711452484e-02 0.000000000000000000e+00 8.562413044273853302e-03
0.000000000000000000e+00 0.000000000000000000e+00 5.351806976250372827e-06 3.656483386293984950e-06 7.854132491047494113e-06 0.000000000000000000e+00 4.372210241854190826e-06 3.205901975888991728e-06 1.665988179411215242e-06 4.582144356390926987e-06 0.000000000000000000e+00
