0.000000000000000000e+00 3.610779996961355209e-03 0.000000000000000000e+00 0.000000000000000000e+00 0.000000000000000000e+00 0.000000000000000000e+00 2.743309596553444862e-03 0.000000000000000000e+00 0.000000000000000000e+00 0.000000000000000000e+00 0.000000000000000000e+00
1.878326758742332458e-02 0.000000000000000000e+00 1.467105466872453690e-02 7.300648139789700508e-04 0.000000000000000000e+00 0.000000000000000000e+00 9.264116524718701839e-04 5.089861340820789337e-03 5.291356937959790230e-04 0.000000000000000000e+00 0.000000000000000000e+00
0.000000000000000000e+00 1.004829164594411850e-02 0.000000000000000000e+00 4.387628287076950073e-03 0.000000000000000000e+00 7.701801601797342300e-03 1.395490858703851700e-02 0.000000000000000000e+00 3.227896522730588913e-03 1.446311175823211670e-02 0.000000000000000000e+00
7.434475235641002655e-03 0.000000000000000000e+00 0.000000000000000000e+00 0.000000000000000000e+00 9.102169424295425415e-03 0.000000000000000000e+00 0.000000000000000000e+00 1.305485703051090240e-02 1.153714765678159893e-04 0.000000000000000000e+00 0.000000000000000000e+00
0.000000000000000000e+00 8.800462092040106654e-05 1.290522341150790453e-04 1.205773369292728603e-04 0.000000000000000000e+00 9.378299000672996044e-05 1.022438955260440707e-04 2.878355644497787580e-06 3.872119850711897016e-05 2.157845156034454703e-04 3.811781643889844418e-04
0.000000000000000000e+00 0.000000000000000000e+00 0.000000000000000000e+00 0.000000000000000000e+00 0.000000000000000000e+00 0.000000000000000000e+00 0.000000000000000000e+00 0.000000000000000000e+00 0.000000000000000000e+00 0.000000000000000000e+00 0.000000000000000000e+00
1.802006177604198456e-02 0.000000000000000000e+00 0.000000000000000000e+00 0.000000000000000000e+00 0.000000000000000000e+00 1.668659970164299011e-03 3.319426206871867180e-03 6.853154394775629044e-03 1.334125921130180359e-02 9.351060725748538971e-03 4.497951362282037735e-03
0.000000000000000000e+00 1.753950840793550014e-03 0.000000000000000000e+00 0.000000000000000000e+00 0.000000000000000000e+00 0.000000000000000000e+00 0.000000000000000000e+00 2.924724947661161423e-03 1.191242504864931107e-02 0.000000000000000000e+00 0.000000000000000000e+00
0.000000000000000000e+00 9.924919344484806061e-03 3.636281937360763550e-03 0.000000000000000000e+00 0.000000000000000000e+00 0.000000000000000000e+00 5.960077513009309769e-03 0.000000000000000000e+00 2.536179730668663979e-03 1.728008734062314034e-03 5.042084958404302597e-03
0.000000000000000000e+00 0.000000000000000000e+00 1.212830375880002975e-02 0.000000000000000000e+00 5.894502624869346619e-02 0.000000000000000000e+00 0.000000000000000000e+00 1.275849179364740849e-03 7.904548197984695435e-03 0.000000000000000000e+00 1.532305963337421417e-02
0.000000000000000000e+00 0.000000000000000000e+00 2.485975301169673912e-06 3.848726919386535883e-07 3.885569185513304546e-06 0.000000000000000000e+00 1.446910005142854061e-06 1.966255467777955346e-06 3.763390168387559243e-07 1.883777713374001905e-06 0.000000000000000000e+00
