0.000000000000000000e+00 0.000000000000000000e+00 7.251219358295202255e-04 0.000000000000000000e+00 0.000000000000000000e+00 0.000000000000000000e+00 2.608344657346606255e-03 2.804218791425228119e-03 0.000000000000000000e+00 0.000000000000000000e+00 0.000000000000000000e+00
1.104672905057668686e-03 0.000000000000000000e+00 4.798771813511848450e-03 0.000000000000000000e+00 3.430149052292108536e-03 0.000000000000000000e+00 0.000000000000000000e+00 0.000000000000000000e+00 7.062224321998655796e-04 9.900992736220359802e-04 0.000000000000000000e+00
0.000000000000000000e+00 4.121832898817956448e-05 1.281332457438111305e-03 0.000000000000000000e+00 0.000000000000000000e+00 4.932186100631952286e-03 6.707880645990371704e-03 0.000000000000000000e+00 0.000000000000000000e+00 1.495395321398973465e-03 3.352902363985776901e-03
1.174498908221721649e-02 0.000000000000000000e+00 0.000000000000000000e+00 2.001669956371188164e-03 5.690108519047498703e-03 3.379240399226546288e-03 1.218623830936849117e-03 4.937874618917703629e-03 7.762031746096909046e-04 0.000000000000000000e+00 0.000000000000000000e+00
0.000000000000000000e+00 6.732629844918847084e-05 4.271043508197180927e-05 1.582193508511409163e-04 0.000000000000000000e+00 1.920123468153178692e-04 1.952931634150445461e-04 0.000000000000000000e+00 0.000000000000000000e+00 1.740210718708112836e-04 6.111017428338527679e-04
0.000000000000000000e+00 8.683513733558356762e-04 7.364052813500165939e-03 1.148868817836046219e-03 0.000000000000000000e+00 1.887624338269233704e-02 2.240117406472563744e-03 0.000000000000000000e+00 0.000000000000000000e+00 9.194985032081604004e-03 2.472696267068386078e-02
0.000000000000000000e+00 0.000000000000000000e+00 1.011069281958043575e-03 3.078863024711608887e-03 0.000000000000000000e+00 9.193954989314079285e-03 1.863123383373022079e-03 3.646410768851637840e-03 1.298028044402599335e-03 1.168283168226480484e-02 6.940221879631280899e-03
0.000000000000000000e+00 9.263940155506134033e-04 0.000000000000000000e+00 0.000000000000000000e+00 2.241060137748718262e-03 0.000000000000000000e+00 0.000000000000000000e+00 0.000000000000000000e+00 2.657891483977437019e-03 6.410897476598620415e-04 0.000000000000000000e+00
0.000000000000000000e+00 4.680993966758251190e-03 0.000000000000000000e+00 3.301197197288274765e-03 0.000000000000000000e+00 1.823333790525794029e-03 2.789571182802319527e-03 3.577295225113630295e-03 2.340499311685562134e-03 0.000000000000000000e+00 3.595802932977676392e-03
4.253974184393882751e-03 0.000000000000000000e+00 7.613500114530324936e-03 0.000000000000000000e+00 2.181774936616420746e-02 0.000000000000000000e+00 0.000000000000000000e+00 0.000000000000000000e+00 4.669193178415298462e-03 0.000000000000000000e+00 6.642946973443031311e-03
0.000000000000000000e+00 3.769444674617261626e-06 1.383720518788322806e-05 6.446477982535725459e-06 1.954847721208352596e-05 0.000000000000000000e+00 1.258040265383897349e-05 8.540599083062261343e-06 1.436940920029883273e-06 4.510176950134336948e-06 0.000000000000000000e+00
