0.000000000000000000e+00 2.813890686035156250e+02 7.268553161621093750e+01 0.000000000000000000e+00 0.000000000000000000e+00 0.000000000000000000e+00 4.248534851074218750e+02 8.909246093750000000e+03 2.313960449218750000e+03 4.394833984375000000e+03 0.000000000000000000e+00
3.095904492187500000e+04 6.519979980468750000e+03 4.060800781250000000e+04 1.970619812011718750e+02 2.025860937500000000e+04 5.237354687500000000e+04 5.169058593750000000e+04 2.709728320312500000e+04 3.603802734375000000e+04 4.500644042968750000e+03 7.668610156250000000e+04
1.292195739746093750e+02 1.546253320312500000e+04 1.806134960937500000e+04 9.099766601562500000e+03 1.907911300659179688e+00 1.385674218750000000e+04 2.415407714843750000e+03 1.385372924804687500e+02 4.720659179687500000e+03 2.590799414062500000e+04 1.040123939514160156e+01
1.206667022705078125e+02 2.471339263916015625e+02 2.467590332031250000e+00 6.202255371093750000e+03 5.191448974609375000e+02 9.019878906250000000e+03 5.025541015625000000e+03 4.515332641601562500e+02 5.318061523437500000e+03 8.609332084655761719e+00 2.565036010742187500e+02
7.225587368011474609e+00 9.771491050720214844e+00 5.021957874298095703e+00 8.817411422729492188e+00 0.000000000000000000e+00 5.371891498565673828e+00 6.938918113708496094e+00 3.659285604953765869e-02 2.943879365921020508e+00 1.291681098937988281e+01 2.302989578247070312e+01
0.000000000000000000e+00 0.000000000000000000e+00 0.000000000000000000e+00 0.000000000000000000e+00 0.000000000000000000e+00 0.000000000000000000e+00 0.000000000000000000e+00 0.000000000000000000e+00 0.000000000000000000e+00 0.000000000000000000e+00 0.000000000000000000e+00
9.890914916992187500e+01 1.254237442016601562e+02 0.000000000000000000e+00 1.978719177246093750e+02 9.456105232238769531e+00 5.197600555419921875e+01 7.425889160156250000e+03 1.231424102783203125e+02 5.122978515625000000e+03 9.983322265625000000e+03 6.980611816406250000e+03
0.000000000000000000e+00 2.123136718750000000e+03 8.317861938476562500e+01 6.131927734375000000e+03 1.361291015625000000e+04 5.082994628906250000e+03 1.329835937500000000e+03 1.224383697509765625e+02 1.265078320312500000e+04 5.529824733734130859e+00 1.104099609375000000e+04
0.000000000000000000e+00 1.245151977539062500e+03 6.107644042968750000e+03 3.393407714843750000e+03 5.024125000000000000e+03 1.396947998046875000e+03 1.196128808593750000e+04 1.557618164062500000e+03 9.765156250000000000e+03 2.725444335937500000e+02 3.203610229492187500e+02
0.000000000000000000e+00 0.000000000000000000e+00 2.676995791262015700e-06 0.000000000000000000e+00 3.249011278152465820e+00 0.000000000000000000e+00 0.000000000000000000e+00 0.000000000000000000e+00 0.000000000000000000e+00 0.000000000000000000e+00 2.549031004309654236e-02
0.000000000000000000e+00 2.658687159419059753e-02 2.021114230155944824e-01 1.627063192427158356e-02 1.730680465698242188e-01 0.000000000000000000e+00 6.706300377845764160e-02 2.935261279344558716e-02 4.142749123275279999e-03 1.040892601013183594e-01 0.000000000000000000e+00
