0.000000000000000000e+00 0.000000000000000000e+00 0.000000000000000000e+00 0.000000000000000000e+00 0.000000000000000000e+00 0.000000000000000000e+00 5.790894501842558384e-04 6.335083395242691040e-03 0.000000000000000000e+00 0.000000000000000000e+00 0.000000000000000000e+00
6.469022482633590698e-03 0.000000000000000000e+00 3.023568540811538696e-03 0.000000000000000000e+00 0.000000000000000000e+00 7.212715572677552700e-04 0.000000000000000000e+00 6.954402197152376175e-04 1.527392305433750153e-03 3.083910327404737473e-03 0.000000000000000000e+00
0.000000000000000000e+00 1.789213391020894051e-03 0.000000000000000000e+00 0.000000000000000000e+00 6.271251942962408066e-03 1.648735371418297291e-03 0.000000000000000000e+00 1.151800737716257572e-03 0.000000000000000000e+00 6.411556154489517212e-03 0.000000000000000000e+00
1.039393804967403412e-02 0.000000000000000000e+00 0.000000000000000000e+00 0.000000000000000000e+00 4.697649739682674408e-03 0.000000000000000000e+00 0.000000000000000000e+00 2.085478510707616806e-03 2.310983836650848389e-03 0.000000000000000000e+00 0.000000000000000000e+00
1.747262285789474845e-04 3.073102270718663931e-04 3.925767086911946535e-04 3.739729290828108788e-04 0.000000000000000000e+00 3.809862537309527397e-04 3.167298855260014534e-04 9.301946556661278009e-05 1.991903554880991578e-04 4.747482307720929384e-04 8.308725082315504551e-04
0.000000000000000000e+00 0.000000000000000000e+00 0.000000000000000000e+00 0.000000000000000000e+00 0.000000000000000000e+00 8.187947794795036316e-03 0.000000000000000000e+00 0.000000000000000000e+00 0.000000000000000000e+00 0.000000000000000000e+00 0.000000000000000000e+00
3.807404311373829842e-03 4.240472335368394852e-03 9.714846964925527573e-04 0.000000000000000000e+00 0.000000000000000000e+00 1.011820696294307709e-02 2.387486398220062256e-03 1.175118959508836269e-03 1.151775126345455647e-03 1.274360995739698410e-02 1.332695689052343369e-02
0.000000000000000000e+00 0.000000000000000000e+00 0.000000000000000000e+00 6.746673490852117538e-03 6.650294177234172821e-03 2.372347982600331306e-03 0.000000000000000000e+00 0.000000000000000000e+00 4.457370378077030182e-03 0.000000000000000000e+00 0.000000000000000000e+00
1.461510662920773029e-03 1.359299011528491974e-02 5.585334729403257370e-03 0.000000000000000000e+00 0.000000000000000000e+00 5.450480617582798004e-03 3.440795931965112686e-03 0.000000000000000000e+00 2.445936901494860649e-03 3.963939379900693893e-03 1.023863162845373154e-02
5.688697565346956253e-03 1.650523743592202663e-03 6.284406408667564392e-03 0.000000000000000000e+00 3.257942199707031250e-02 0.000000000000000000e+00 0.000000000000000000e+00 0.000000000000000000e+00 8.933510631322860718e-03 0.000000000000000000e+00 5.365646444261074066e-03
0.000000000000000000e+00 0.000000000000000000e+00 1.273145358027250040e-06 2.281652541569201276e-06 8.024162525543943048e-06 0.000000000000000000e+00 3.456499371168320067e-06 3.856750367958738934e-07 0.000000000000000000e+00 4.876449111179681495e-07 0.000000000000000000e+00
