0.000000000000000000e+00 5.401634611189365387e-03 0.000000000000000000e+00 0.000000000000000000e+00 0.000000000000000000e+00 0.000000000000000000e+00 7.331925444304943085e-03 0.000000000000000000e+00 0.000000000000000000e+00 0.000000000000000000e+00 0.000000000000000000e+00
5.312951281666755676e-03 0.000000000000000000e+00 4.430763889104127884e-03 2.946310210973024368e-03 0.000000000000000000e+00 6.678880658000707626e-03 0.000000000000000000e+00 0.000000000000000000e+00 7.508491631597280502e-03 0.000000000000000000e+00 0.000000000000000000e+00
0.000000000000000000e+00 2.006605826318264008e-02 0.000000000000000000e+00 0.000000000000000000e+00 0.000000000000000000e+00 1.515372283756732941e-02 5.028333980590105057e-03 0.000000000000000000e+00 1.690817298367619514e-03 3.718643914908170700e-03 7.603690493851900101e-03
0.000000000000000000e+00 0.000000000000000000e+00 0.000000000000000000e+00 0.000000000000000000e+00 0.000000000000000000e+00 7.770537864416837692e-03 0.000000000000000000e+00 1.958459056913852692e-02 0.000000000000000000e+00 0.000000000000000000e+00 0.000000000000000000e+00
0.000000000000000000e+00 1.774406700860708952e-04 0.000000000000000000e+00 3.041810996364802122e-04 0.000000000000000000e+00 0.000000000000000000e+00 1.250031491508707404e-04 9.645551472203806043e-05 1.678668486420065165e-04 1.234700612258166075e-04 3.529765817802399397e-04
0.000000000000000000e+00 0.000000000000000000e+00 0.000000000000000000e+00 0.000000000000000000e+00 0.000000000000000000e+00 0.000000000000000000e+00 0.000000000000000000e+00 0.000000000000000000e+00 0.000000000000000000e+00 0.000000000000000000e+00 0.000000000000000000e+00
4.310584161430597305e-03 6.523054558783769608e-03 0.000000000000000000e+00 4.251086153090000153e-03 0.000000000000000000e+00 3.279170021414756775e-03 4.067495465278625488e-03 0.000000000000000000e+00 8.906207047402858734e-03 7.212682627141475677e-03 1.346019003540277481e-02
0.000000000000000000e+00 9.505450725555419922e-03 0.000000000000000000e+00 0.000000000000000000e+00 0.000000000000000000e+00 0.000000000000000000e+00 0.000000000000000000e+00 9.591327398084104061e-04 7.101066410541534424e-03 0.000000000000000000e+00 8.338475599884986877e-03
0.000000000000000000e+00 0.000000000000000000e+00 0.000000000000000000e+00 0.000000000000000000e+00 0.000000000000000000e+00 0.000000000000000000e+00 0.000000000000000000e+00 3.263324731960892677e-03 0.000000000000000000e+00 0.000000000000000000e+00 4.500181879848241806e-03
8.612698875367641449e-03 0.000000000000000000e+00 1.274147350341081619e-02 2.711841836571693420e-03 4.186551645398139954e-02 3.770193550735712051e-03 0.000000000000000000e+00 0.000000000000000000e+00 0.000000000000000000e+00 0.000000000000000000e+00 1.000738609582185745e-02
0.000000000000000000e+00 0.000000000000000000e+00 4.952494236931670457e-06 9.335108188679441810e-07 7.413134426315082237e-06 0.000000000000000000e+00 2.130563871105550788e-06 2.587323251646012068e-06 4.804876425623660907e-07 1.904917212414147798e-06 0.000000000000000000e+00
