0.000000000000000000e+00 0.000000000000000000e+00 0.000000000000000000e+00 0.000000000000000000e+00 0.000000000000000000e+00 0.000000000000000000e+00 1.160274143330752850e-03 5.498484708368778229e-03 3.163646208122372627e-03 0.000000000000000000e+00 0.000000000000000000e+00
1.430718810297548771e-03 0.000000000000000000e+00 0.000000000000000000e+00 0.000000000000000000e+00 4.341864027082920074e-03 0.000000000000000000e+00 0.000000000000000000e+00 0.000000000000000000e+00 0.000000000000000000e+00 5.699113535229116678e-05 9.039780125021934509e-04
0.000000000000000000e+00 5.411071237176656723e-03 0.000000000000000000e+00 0.000000000000000000e+00 4.980402532964944839e-03 0.000000000000000000e+00 3.787220222875475883e-03 0.000000000000000000e+00 0.000000000000000000e+00 7.093502208590507507e-03 0.000000000000000000e+00
0.000000000000000000e+00 0.000000000000000000e+00 0.000000000000000000e+00 0.000000000000000000e+00 0.000000000000000000e+00 0.000000000000000000e+00 0.000000000000000000e+00 0.000000000000000000e+00 5.335943307727575302e-03 5.975657259114086628e-04 0.000000000000000000e+00
0.000000000000000000e+00 1.053621090250089765e-04 9.503744513494893909e-05 1.357774453936144710e-05 0.000000000000000000e+00 1.055060929502360523e-04 1.833893038565292954e-04 0.000000000000000000e+00 7.103183452272787690e-05 1.747905480442568660e-04 3.339786198921501637e-04
0.000000000000000000e+00 0.000000000000000000e+00 4.724876955151557922e-03 0.000000000000000000e+00 0.000000000000000000e+00 1.845157891511917114e-02 0.000000000000000000e+00 0.000000000000000000e+00 0.000000000000000000e+00 2.115182345733046532e-03 2.728882431983947754e-02
1.995782367885112762e-03 0.000000000000000000e+00 0.000000000000000000e+00 6.649753078818321228e-03 0.000000000000000000e+00 7.891278364695608616e-04 2.116931369528174400e-03 6.836312822997570038e-04 8.160872384905815125e-03 4.834010265767574310e-03 6.480719894170761108e-03
0.000000000000000000e+00 5.515938624739646912e-03 1.832182169891893864e-03 0.000000000000000000e+00 2.893999917432665825e-03 2.338188700377941132e-03 0.000000000000000000e+00 0.000000000000000000e+00 0.000000000000000000e+00 8.230972453020513058e-04 0.000000000000000000e+00
0.000000000000000000e+00 2.526183961890637875e-04 0.000000000000000000e+00 0.000000000000000000e+00 0.000000000000000000e+00 2.775145694613456726e-03 6.994350114837288857e-04 4.408197128213942051e-04 2.552590332925319672e-03 0.000000000000000000e+00 0.000000000000000000e+00
5.364230833947658539e-03 3.305326099507510662e-04 4.305463284254074097e-03 0.000000000000000000e+00 2.260217815637588501e-02 0.000000000000000000e+00 0.000000000000000000e+00 0.000000000000000000e+00 3.831702284514904022e-03 0.000000000000000000e+00 1.229759864509105682e-02
0.000000000000000000e+00 2.813208652696630452e-07 3.675365178423817270e-06 0.000000000000000000e+00 3.981978807132691145e-06 0.000000000000000000e+00 1.967626531040878035e-06 2.107802856698981486e-06 0.000000000000000000e+00 2.704162398003973067e-06 0.000000000000000000e+00
