0.000000000000000000e+00 0.000000000000000000e+00 0.000000000000000000e+00 0.000000000000000000e+00 0.000000000000000000e+00 0.000000000000000000e+00 3.594544949010014534e-03 5.126613192260265350e-03 3.401164198294281960e-03 0.000000000000000000e+00 0.000000000000000000e+00
6.997171323746442795e-03 0.000000000000000000e+00 1.141935493797063828e-02 2.211505547165870667e-03 0.000000000000000000e+00 0.000000000000000000e+00 0.000000000000000000e+00 0.000000000000000000e+00 0.000000000000000000e+00 0.000000000000000000e+00 0.000000000000000000e+00
0.000000000000000000e+00 2.110947156324982643e-03 6.721478421241044998e-04 7.124831317923963070e-04 2.352789510041475296e-03 1.615643122931942344e-05 2.615483244881033897e-03 0.000000000000000000e+00 0.000000000000000000e+00 6.569794844835996628e-03 2.927223918959498405e-03
2.320968080312013626e-03 0.000000000000000000e+00 0.000000000000000000e+00 2.556062303483486176e-03 2.118541626259684563e-03 0.000000000000000000e+00 6.464199163019657135e-03 6.231203209608793259e-03 3.826656844466924667e-03 1.611890620552003384e-03 0.000000000000000000e+00
0.000000000000000000e+00 1.357487053610384464e-04 2.643510924826841801e-05 0.000000000000000000e+00 0.000000000000000000e+00 5.383043026085942984e-05 1.553694164613261819e-04 5.192275057197548449e-05 1.056004621204920113e-04 1.364381896564736962e-04 3.818951954599469900e-04
0.000000000000000000e+00 2.236150670796632767e-03 9.109752252697944641e-03 0.000000000000000000e+00 0.000000000000000000e+00 1.841087639331817627e-02 4.898484796285629272e-03 0.000000000000000000e+00 0.000000000000000000e+00 5.570015404373407364e-03 2.812140993773937225e-02
4.737655632197856903e-03 0.000000000000000000e+00 0.000000000000000000e+00 2.088637556880712509e-03 0.000000000000000000e+00 8.843364194035530090e-04 0.000000000000000000e+00 2.211361657828092575e-03 6.780395749956369400e-03 7.572968024760484695e-03 4.890460404567420483e-04
0.000000000000000000e+00 0.000000000000000000e+00 0.000000000000000000e+00 0.000000000000000000e+00 0.000000000000000000e+00 0.000000000000000000e+00 1.223301282152533531e-03 0.000000000000000000e+00 1.768063055351376534e-03 0.000000000000000000e+00 1.539726159535348415e-03
0.000000000000000000e+00 0.000000000000000000e+00 4.193192813545465469e-03 8.418184588663280010e-04 4.722598532680422068e-05 0.000000000000000000e+00 1.862618490122258663e-03 0.000000000000000000e+00 3.735384671017527580e-03 0.000000000000000000e+00 4.658091347664594650e-03
5.071759223937988281e-03 0.000000000000000000e+00 1.291692070662975311e-02 0.000000000000000000e+00 2.569754607975482941e-02 0.000000000000000000e+00 0.000000000000000000e+00 0.000000000000000000e+00 1.932080020196735859e-03 0.000000000000000000e+00 5.425747018307447433e-03
0.000000000000000000e+00 0.000000000000000000e+00 6.897190814925124869e-06 1.538596620775933843e-06 8.833411811792757362e-06 0.000000000000000000e+00 3.941664090234553441e-06 2.921640316344564781e-06 0.000000000000000000e+00 4.982167865819064900e-06 0.000000000000000000e+00
