2.706933021545410156e+01 8.464336395263671875e+01 8.333329010009765625e+01 1.285997962951660156e+01 0.000000000000000000e+00 3.290256857872009277e-01 7.452957916259765625e+01 1.082656555175781250e+02 7.483574676513671875e+01 6.940996551513671875e+01 2.542496204376220703e+00
5.938101562500000000e+04 0.000000000000000000e+00 5.217523828125000000e+04 6.918676562500000000e+04 7.342128295898437500e+02 7.951602539062500000e+03 3.758490625000000000e+04 9.365112304687500000e+02 6.603654785156250000e+03 6.489344024658203125e+01 5.214576562500000000e+04
8.166726684570312500e+01 4.715821838378906250e+02 2.696992754936218262e-01 2.941013183593750000e+02 4.214392700195312500e+02 1.529689941406250000e+03 1.566644238281250000e+04 5.056727294921875000e+02 4.705448730468750000e+03 1.882276611328125000e+03 6.180665039062500000e+03
1.350925781250000000e+04 2.969757653772830963e-02 0.000000000000000000e+00 3.965325439453125000e+03 1.759159057617187500e+03 6.082315463572740555e-03 1.533398730468750000e+04 1.303924609375000000e+04 1.366905273437500000e+03 8.324476562500000000e+03 2.088526010513305664e+00
2.660410881042480469e+01 6.586540222167968750e+01 6.844116210937500000e+00 3.625117874145507812e+01 1.165528738056309521e-05 2.600768470764160156e+01 3.873374557495117188e+01 4.757309436798095703e+00 2.759956932067871094e+01 5.718945693969726562e+01 1.709509124755859375e+02
0.000000000000000000e+00 0.000000000000000000e+00 0.000000000000000000e+00 0.000000000000000000e+00 0.000000000000000000e+00 0.000000000000000000e+00 0.000000000000000000e+00 0.000000000000000000e+00 0.000000000000000000e+00 0.000000000000000000e+00 6.515549468994140625e+01
4.200474609375000000e+03 4.078261718750000000e+03 6.522733154296875000e+02 1.814728906250000000e+04 0.000000000000000000e+00 1.814563964843750000e+03 3.712181152343750000e+03 8.175327301025390625e+00 6.789659179687500000e+03 9.425074218750000000e+03 2.692914550781250000e+03
8.790848937678674702e-08 1.517837988281250000e+04 2.986609863281250000e+03 1.482147276401519775e-01 2.623828613281250000e+03 3.765997558593750000e+03 7.762368164062500000e+03 5.973651367187500000e+03 9.246128906250000000e+03 3.257430307712638751e-06 1.750563671875000000e+04
0.000000000000000000e+00 7.650009765625000000e+03 1.872731835937500000e+04 9.515759765625000000e+03 1.834001617431640625e+02 1.578807031250000000e+04 1.067097070312500000e+04 1.378435668945312500e+03 1.550904083251953125e+01 1.102808024734258652e-02 4.325259704589843750e+02
0.000000000000000000e+00 0.000000000000000000e+00 0.000000000000000000e+00 0.000000000000000000e+00 1.821346588134765625e+02 0.000000000000000000e+00 0.000000000000000000e+00 0.000000000000000000e+00 0.000000000000000000e+00 0.000000000000000000e+00 3.625802397727966309e-01
0.000000000000000000e+00 1.853925734758377075e-02 4.787293672561645508e-01 0.000000000000000000e+00 5.888282656669616699e-01 0.000000000000000000e+00 7.076753303408622742e-03 2.760140895843505859e-01 1.270301254407968372e-06 3.037919104099273682e-01 1.278181076049804688e-01
