0.000000000000000000e+00 0.000000000000000000e+00 1.560232951305806637e-03 0.000000000000000000e+00 0.000000000000000000e+00 0.000000000000000000e+00 7.644153200089931488e-03 0.000000000000000000e+00 2.562891691923141479e-03 0.000000000000000000e+00 0.000000000000000000e+00
5.983451846987009048e-04 0.000000000000000000e+00 3.046001773327589035e-03 0.000000000000000000e+00 0.000000000000000000e+00 0.000000000000000000e+00 2.783537376672029495e-03 1.435982761904597282e-03 0.000000000000000000e+00 7.294960087165236473e-04 0.000000000000000000e+00
0.000000000000000000e+00 8.478559553623199463e-03 3.277053125202655792e-03 1.528754713945090771e-03 0.000000000000000000e+00 5.554386414587497711e-03 3.547763684764504433e-03 0.000000000000000000e+00 5.786871188320219517e-04 4.239453934133052826e-03 0.000000000000000000e+00
5.068411119282245636e-03 0.000000000000000000e+00 4.346192814409732819e-03 0.000000000000000000e+00 2.566926646977663040e-03 3.831117879599332809e-03 0.000000000000000000e+00 5.935512017458677292e-03 4.478166345506906509e-03 5.162630695849657059e-03 0.000000000000000000e+00
0.000000000000000000e+00 1.406861701980233192e-04 1.496597396908327937e-04 1.196187440655194223e-04 0.000000000000000000e+00 2.557413245085626841e-05 1.048176200129091740e-04 1.328474900219589472e-04 1.523213577456772327e-04 1.813643466448411345e-04 4.982938407920300961e-04
0.000000000000000000e+00 0.000000000000000000e+00 2.456598682329058647e-03 3.463337663561105728e-03 0.000000000000000000e+00 1.884255185723304749e-02 0.000000000000000000e+00 5.113428924232721329e-03 1.507011009380221367e-03 4.473378881812095642e-03 2.938819304108619690e-02
6.977459881454706192e-03 0.000000000000000000e+00 0.000000000000000000e+00 0.000000000000000000e+00 0.000000000000000000e+00 2.615912817418575287e-03 8.210804662667214870e-05 1.201337086968123913e-03 6.283960770815610886e-03 0.000000000000000000e+00 1.570068299770355225e-03
0.000000000000000000e+00 1.700785243883728981e-03 0.000000000000000000e+00 0.000000000000000000e+00 1.803463324904441833e-03 0.000000000000000000e+00 5.615825648419559002e-05 1.796512049622833729e-03 5.056614987552165985e-03 0.000000000000000000e+00 0.000000000000000000e+00
0.000000000000000000e+00 1.873712986707687378e-03 2.521626185625791550e-03 0.000000000000000000e+00 0.000000000000000000e+00 0.000000000000000000e+00 0.000000000000000000e+00 0.000000000000000000e+00 2.028532559052109718e-03 0.000000000000000000e+00 4.961912054568529129e-04
0.000000000000000000e+00 0.000000000000000000e+00 5.861946381628513336e-03 0.000000000000000000e+00 2.271615341305732727e-02 1.916507142595946789e-03 0.000000000000000000e+00 0.000000000000000000e+00 4.384252242743968964e-03 0.000000000000000000e+00 1.146558765321969986e-02
0.000000000000000000e+00 0.000000000000000000e+00 1.226915173901943490e-06 0.000000000000000000e+00 5.012402198190102354e-06 0.000000000000000000e+00 0.000000000000000000e+00 1.773722146936052013e-06 0.000000000000000000e+00 3.500285856716800481e-07 0.000000000000000000e+00
