0.000000000000000000e+00 2.724526530073489994e-05 7.908168481662869453e-04 0.000000000000000000e+00 0.000000000000000000e+00 0.000000000000000000e+00 4.650720860809087753e-03 6.885750335641205311e-04 1.501656253822147846e-03 0.000000000000000000e+00 0.000000000000000000e+00
2.928765956312417984e-03 0.000000000000000000e+00 3.638929629232734442e-04 0.000000000000000000e+00 0.000000000000000000e+00 0.000000000000000000e+00 0.000000000000000000e+00 0.000000000000000000e+00 0.000000000000000000e+00 0.000000000000000000e+00 0.000000000000000000e+00
0.000000000000000000e+00 4.420867655426263809e-03 2.839792752638459206e-03 0.000000000000000000e+00 0.000000000000000000e+00 5.718223750591278076e-03 6.447086576372385025e-03 0.000000000000000000e+00 0.000000000000000000e+00 2.747209218796342611e-04 0.000000000000000000e+00
5.290949251502752304e-03 0.000000000000000000e+00 0.000000000000000000e+00 2.628420013934373856e-03 1.078921486623585224e-03 0.000000000000000000e+00 0.000000000000000000e+00 0.000000000000000000e+00 9.478487772867083549e-04 2.699826145544648170e-03 0.000000000000000000e+00
5.105467789690010250e-05 4.715954128187149763e-04 1.483304513385519385e-04 1.664828596403822303e-04 0.000000000000000000e+00 2.406973362667486072e-04 2.234634448541328311e-04 1.274499518331140280e-04 3.676076448755338788e-05 1.067161138053052127e-04 7.936684996820986271e-04
0.000000000000000000e+00 1.373798586428165436e-03 3.157438943162560463e-03 1.731459487928077579e-04 0.000000000000000000e+00 1.512383203953504562e-02 0.000000000000000000e+00 0.000000000000000000e+00 0.000000000000000000e+00 4.958949517458677292e-03 2.373708225786685944e-02
4.774716682732105255e-03 0.000000000000000000e+00 0.000000000000000000e+00 4.742662888020277023e-03 0.000000000000000000e+00 2.022354397922754288e-03 9.504740592092275620e-04 1.271352957701310515e-04 1.812365255318582058e-03 2.248536329716444016e-03 1.565433805808424950e-03
0.000000000000000000e+00 4.174650181084871292e-03 7.862581405788660049e-04 0.000000000000000000e+00 0.000000000000000000e+00 2.560188295319676399e-04 0.000000000000000000e+00 0.000000000000000000e+00 0.000000000000000000e+00 0.000000000000000000e+00 0.000000000000000000e+00
0.000000000000000000e+00 3.749297466129064560e-03 0.000000000000000000e+00 0.000000000000000000e+00 0.000000000000000000e+00 2.964245388284325600e-03 0.000000000000000000e+00 0.000000000000000000e+00 0.000000000000000000e+00 1.372027763864025474e-04 3.227504901587963104e-03
3.279850934632122517e-04 0.000000000000000000e+00 5.608730018138885498e-03 0.000000000000000000e+00 1.914327219128608704e-02 1.903746044263243675e-03 1.072273124009370804e-03 0.000000000000000000e+00 4.364413674920797348e-03 0.000000000000000000e+00 5.740951281040906906e-03
0.000000000000000000e+00 0.000000000000000000e+00 1.026616246235789731e-05 0.000000000000000000e+00 2.457315713400021195e-05 0.000000000000000000e+00 8.342494766111485660e-07 9.439908353670034558e-06 0.000000000000000000e+00 4.352998075773939490e-06 0.000000000000000000e+00
