0.000000000000000000e+00 0.000000000000000000e+00 0.000000000000000000e+00 0.000000000000000000e+00 0.000000000000000000e+00 0.000000000000000000e+00 1.867326092906296253e-03 2.229175996035337448e-03 0.000000000000000000e+00 0.000000000000000000e+00 0.000000000000000000e+00
3.205024404451251030e-03 0.000000000000000000e+00 0.000000000000000000e+00 0.000000000000000000e+00 0.000000000000000000e+00 2.158449031412601471e-03 0.000000000000000000e+00 0.000000000000000000e+00 2.678460441529750824e-03 0.000000000000000000e+00 0.000000000000000000e+00
5.309508182108402252e-03 1.194096519611775875e-03 0.000000000000000000e+00 0.000000000000000000e+00 1.126094721257686615e-03 4.781836178153753281e-03 3.280649892985820770e-03 0.000000000000000000e+00 0.000000000000000000e+00 3.824228188022971153e-03 1.902832183986902237e-03
3.839940065518021584e-03 6.700408412143588066e-04 0.000000000000000000e+00 0.000000000000000000e+00 0.000000000000000000e+00 3.642028605099767447e-04 0.000000000000000000e+00 5.581464152783155441e-03 0.000000000000000000e+00 3.212993266060948372e-03 0.000000000000000000e+00
1.136728460551239550e-04 2.052292111329734325e-04 2.287947572767734528e-04 2.882797853089869022e-04 0.000000000000000000e+00 9.058140130946412683e-05 2.338153135497123003e-04 1.896068133646622300e-04 2.518593391869217157e-04 3.378095861990004778e-04 5.287886015139520168e-04
0.000000000000000000e+00 0.000000000000000000e+00 0.000000000000000000e+00 0.000000000000000000e+00 0.000000000000000000e+00 2.354491502046585083e-03 0.000000000000000000e+00 0.000000000000000000e+00 0.000000000000000000e+00 0.000000000000000000e+00 0.000000000000000000e+00
5.336934118531644344e-04 0.000000000000000000e+00 0.000000000000000000e+00 1.077959313988685608e-03 0.000000000000000000e+00 0.000000000000000000e+00 0.000000000000000000e+00 5.351881263777613640e-04 0.000000000000000000e+00 0.000000000000000000e+00 2.912440104410052299e-03
0.000000000000000000e+00 0.000000000000000000e+00 3.826078493148088455e-03 0.000000000000000000e+00 0.000000000000000000e+00 0.000000000000000000e+00 0.000000000000000000e+00 4.993858747184276581e-03 4.159378353506326675e-03 2.447440056130290031e-03 8.922629640437662601e-04
1.144683337770402431e-03 2.674482995644211769e-03 5.396354477852582932e-03 1.746204361552372575e-04 0.000000000000000000e+00 3.942713141441345215e-03 1.352508203126490116e-03 0.000000000000000000e+00 1.523964892840012908e-04 0.000000000000000000e+00 7.346729282289743423e-03
9.422139264643192291e-03 0.000000000000000000e+00 8.234710432589054108e-03 0.000000000000000000e+00 2.633285336196422577e-02 0.000000000000000000e+00 0.000000000000000000e+00 0.000000000000000000e+00 9.310025052400305867e-05 0.000000000000000000e+00 1.126893050968647003e-02
0.000000000000000000e+00 0.000000000000000000e+00 1.121306922868825495e-06 7.688733489885635208e-07 6.184841367939952761e-06 0.000000000000000000e+00 0.000000000000000000e+00 0.000000000000000000e+00 0.000000000000000000e+00 1.136046762439946178e-06 0.000000000000000000e+00
