0.000000000000000000e+00 8.947837632149457932e-04 0.000000000000000000e+00 0.000000000000000000e+00 0.000000000000000000e+00 0.000000000000000000e+00 8.047273731790482998e-04 0.000000000000000000e+00 0.000000000000000000e+00 0.000000000000000000e+00 0.000000000000000000e+00
2.597988583147525787e-03 0.000000000000000000e+00 0.000000000000000000e+00 2.776992914732545614e-04 0.000000000000000000e+00 0.000000000000000000e+00 1.065656688297167420e-04 6.715034833177924156e-04 2.409467473626136780e-03 0.000000000000000000e+00 0.000000000000000000e+00
1.896609785035252571e-03 1.534885144792497158e-03 1.896907488116994500e-04 9.103349293582141399e-04 0.000000000000000000e+00 3.832383314147591591e-03 3.020295174792408943e-03 0.000000000000000000e+00 9.889013745123520494e-05 3.123322268947958946e-03 2.429637825116515160e-03
3.965955227613449097e-03 0.000000000000000000e+00 0.000000000000000000e+00 0.000000000000000000e+00 0.000000000000000000e+00 1.168388916994445026e-04 0.000000000000000000e+00 1.063403207808732986e-03 1.430910895578563213e-03 5.694282008334994316e-04 0.000000000000000000e+00
1.121848836191929877e-04 2.139911666745319963e-04 1.121942623285576701e-04 3.151719865854829550e-04 0.000000000000000000e+00 2.367420820519328117e-04 1.881514472188428044e-04 1.346606150036677718e-04 2.496368542779237032e-04 3.201536019332706928e-04 4.632290219888091087e-04
0.000000000000000000e+00 2.554216654971241951e-03 2.400042023509740829e-03 4.064227978233247995e-04 0.000000000000000000e+00 8.336912840604782104e-03 1.308075617998838425e-03 1.833816058933734894e-03 1.946631004102528095e-03 1.491369795985519886e-03 1.062272675335407257e-02
1.017452799715101719e-03 0.000000000000000000e+00 0.000000000000000000e+00 9.494139812886714935e-04 0.000000000000000000e+00 1.814379240386188030e-03 3.600515774451196194e-04 1.419802720192819834e-04 1.519590732641518116e-03 1.709506614133715630e-03 4.669854242820292711e-04
0.000000000000000000e+00 8.692087139934301376e-04 1.753125397954136133e-04 0.000000000000000000e+00 7.465581875294446945e-04 0.000000000000000000e+00 0.000000000000000000e+00 0.000000000000000000e+00 1.594368950463831425e-03 0.000000000000000000e+00 1.137967105023562908e-03
0.000000000000000000e+00 5.784884560853242874e-04 0.000000000000000000e+00 3.765818473766557872e-05 0.000000000000000000e+00 0.000000000000000000e+00 0.000000000000000000e+00 0.000000000000000000e+00 0.000000000000000000e+00 0.000000000000000000e+00 1.760645885951817036e-03
1.621742383576929569e-03 0.000000000000000000e+00 4.388874862343072891e-03 0.000000000000000000e+00 9.312015958130359650e-03 1.210383023135364056e-03 0.000000000000000000e+00 0.000000000000000000e+00 3.876033704727888107e-03 5.258503733784891665e-05 2.496621571481227875e-03
0.000000000000000000e+00 3.649937298177974299e-06 1.505869840912055224e-05 9.873053386399988085e-06 1.854729453043546528e-05 0.000000000000000000e+00 1.281777713302290067e-05 1.117948340834118426e-05 2.684934315766440704e-06 9.799441613722592592e-06 4.832039394386811182e-06
