0.000000000000000000e+00 4.103967666625976562e+00 4.438906192779541016e+00 0.000000000000000000e+00 0.000000000000000000e+00 0.000000000000000000e+00 6.530065155029296875e+01 1.600049609375000000e+04 2.656705664062500000e+04 1.023271636962890625e+02 0.000000000000000000e+00
2.193864062500000000e+04 0.000000000000000000e+00 2.318038818359375000e+03 6.599183654785156250e+01 1.075307655334472656e+01 4.790538787841796875e+00 9.185225585937500000e+03 4.740132812500000000e+03 1.344066467285156250e+02 5.132794189453125000e+01 2.276887890625000000e+04
2.555933892726898193e-01 1.011497192382812500e+02 1.836756515502929688e+01 1.650045013427734375e+01 0.000000000000000000e+00 1.070974511718750000e+04 1.352533398437500000e+04 3.709205245971679688e+01 7.893564605712890625e+01 4.986776855468750000e+03 7.691740036010742188e+00
8.505265625000000000e+03 0.000000000000000000e+00 0.000000000000000000e+00 1.779915313720703125e+02 8.177220153808593750e+01 1.149884490966796875e+02 4.547219726562500000e+03 3.490894042968750000e+03 1.244892456054687500e+03 1.029719188809394836e-01 1.044630859375000000e+03
2.059262752532958984e+00 8.601713180541992188e+00 5.136565208435058594e+00 1.820626020431518555e+00 4.022896246169693768e-05 4.224126815795898438e+00 3.771122694015502930e+00 5.880749225616455078e+00 8.320643424987792969e+00 8.376062393188476562e+00 1.795933341979980469e+01
0.000000000000000000e+00 0.000000000000000000e+00 0.000000000000000000e+00 0.000000000000000000e+00 0.000000000000000000e+00 1.332821702817454934e-04 0.000000000000000000e+00 0.000000000000000000e+00 0.000000000000000000e+00 0.000000000000000000e+00 2.006466966122388840e-04
1.715193164062500000e+04 1.352657348632812500e+03 0.000000000000000000e+00 2.059372265625000000e+04 1.387613679071364459e-06 1.150483369827270508e+00 5.353228027343750000e+03 4.473641747608780861e-04 1.703812890625000000e+04 2.352959960937500000e+04 1.920137786865234375e+02
7.154777050018310547e-01 1.495363426208496094e+01 1.196424121093750000e+04 8.251916015625000000e+03 1.756408007812500000e+04 2.610766992187500000e+04 1.499038410186767578e+01 1.991265014648437500e+03 1.301469268798828125e+02 2.577349853515625000e+01 2.144885546875000000e+04
0.000000000000000000e+00 1.209757995605468750e+02 1.941892187500000000e+04 1.666751056909561157e-01 2.852568626403808594e-01 1.390881738281250000e+04 1.451769042968750000e+03 3.063875770568847656e+01 7.880999755859375000e+01 2.137003421783447266e+00 1.085583691406250000e+04
0.000000000000000000e+00 0.000000000000000000e+00 0.000000000000000000e+00 0.000000000000000000e+00 2.015161895751953125e+01 0.000000000000000000e+00 0.000000000000000000e+00 0.000000000000000000e+00 0.000000000000000000e+00 0.000000000000000000e+00 0.000000000000000000e+00
0.000000000000000000e+00 2.944787032902240753e-03 8.481945097446441650e-02 8.756034076213836670e-03 3.071512579917907715e-01 0.000000000000000000e+00 1.205602195113897324e-03 1.845583901740610600e-04 1.039969967678189278e-03 8.478895574808120728e-02 1.886201425804756582e-05
