0.000000000000000000e+00 0.000000000000000000e+00 0.000000000000000000e+00 0.000000000000000000e+00 0.000000000000000000e+00 0.000000000000000000e+00 3.635152941569685936e-03 7.692111656069755554e-03 0.000000000000000000e+00 0.000000000000000000e+00 0.000000000000000000e+00
6.976282689720392227e-03 0.000000000000000000e+00 4.681322723627090454e-03 3.062008763663470745e-04 3.105329815298318863e-03 0.000000000000000000e+00 0.000000000000000000e+00 0.000000000000000000e+00 0.000000000000000000e+00 0.000000000000000000e+00 0.000000000000000000e+00
1.800406425900291651e-05 0.000000000000000000e+00 5.871438421308994293e-03 4.640992265194654465e-03 0.000000000000000000e+00 1.612830907106399536e-03 8.755824528634548187e-03 0.000000000000000000e+00 0.000000000000000000e+00 7.426540367305278778e-03 0.000000000000000000e+00
7.909948006272315979e-03 0.000000000000000000e+00 0.000000000000000000e+00 4.163835663348436356e-03 0.000000000000000000e+00 0.000000000000000000e+00 2.719723386690020561e-03 1.050646649673581123e-03 4.778312053531408310e-03 0.000000000000000000e+00 0.000000000000000000e+00
0.000000000000000000e+00 7.577928772661834955e-05 0.000000000000000000e+00 0.000000000000000000e+00 0.000000000000000000e+00 5.945441807853057981e-05 1.061815491993911564e-04 4.447901574167190120e-06 1.261883426195709035e-05 1.800674544938374311e-05 3.389859048184007406e-04
0.000000000000000000e+00 0.000000000000000000e+00 2.638829173520207405e-03 0.000000000000000000e+00 0.000000000000000000e+00 2.921753935515880585e-02 1.497655524872243404e-03 0.000000000000000000e+00 0.000000000000000000e+00 7.378401234745979309e-03 3.627900406718254089e-02
3.755195531994104385e-03 0.000000000000000000e+00 0.000000000000000000e+00 3.903998993337154388e-03 0.000000000000000000e+00 1.746459398418664932e-03 0.000000000000000000e+00 0.000000000000000000e+00 2.413198584690690041e-03 4.440317396074533463e-03 4.088977817445993423e-03
0.000000000000000000e+00 3.952279221266508102e-03 2.842116169631481171e-03 2.651833929121494293e-04 0.000000000000000000e+00 0.000000000000000000e+00 0.000000000000000000e+00 0.000000000000000000e+00 1.633411855436861515e-03 0.000000000000000000e+00 0.000000000000000000e+00
0.000000000000000000e+00 0.000000000000000000e+00 3.169667616020888090e-04 0.000000000000000000e+00 0.000000000000000000e+00 3.291681408882141113e-03 5.180516745895147324e-03 0.000000000000000000e+00 0.000000000000000000e+00 0.000000000000000000e+00 2.565419526945333928e-05
6.461831741034984589e-03 1.816076925024390221e-03 8.995115756988525391e-03 0.000000000000000000e+00 2.443451434373855591e-02 0.000000000000000000e+00 0.000000000000000000e+00 0.000000000000000000e+00 1.162763591855764389e-02 0.000000000000000000e+00 1.374462805688381195e-02
0.000000000000000000e+00 0.000000000000000000e+00 3.067879561058362015e-06 5.561007014875940513e-07 4.272680598660372198e-06 0.000000000000000000e+00 3.466320777079090476e-06 2.733404699029051699e-06 0.000000000000000000e+00 2.628413540151086636e-06 0.000000000000000000e+00
