0.000000000000000000e+00 6.941582541912794113e-04 7.440393674187362194e-04 0.000000000000000000e+00 0.000000000000000000e+00 0.000000000000000000e+00 2.331108553335070610e-03 0.000000000000000000e+00 0.000000000000000000e+00 0.000000000000000000e+00 0.000000000000000000e+00
2.496478380635380745e-03 0.000000000000000000e+00 1.845342805609107018e-03 5.009722895920276642e-03 0.000000000000000000e+00 1.907202415168285370e-03 4.967796616256237030e-03 2.393234055489301682e-03 3.439118852838873863e-03 0.000000000000000000e+00 0.000000000000000000e+00
0.000000000000000000e+00 1.124264765530824661e-02 1.206374727189540863e-03 1.814965275116264820e-03 2.822247566655278206e-03 9.959906339645385742e-03 0.000000000000000000e+00 0.000000000000000000e+00 0.000000000000000000e+00 5.511168390512466431e-03 0.000000000000000000e+00
1.059102546423673630e-02 0.000000000000000000e+00 0.000000000000000000e+00 0.000000000000000000e+00 3.800459206104278564e-03 0.000000000000000000e+00 3.848478198051452637e-03 1.099572330713272095e-02 0.000000000000000000e+00 0.000000000000000000e+00 0.000000000000000000e+00
4.246136450092308223e-05 1.976965140784159303e-04 2.788948186207562685e-04 2.205264900112524629e-04 0.000000000000000000e+00 1.579398376634344459e-04 1.662111899349838495e-04 0.000000000000000000e+00 1.662737922742962837e-04 4.463884106371551752e-04 6.546308868564665318e-04
0.000000000000000000e+00 0.000000000000000000e+00 0.000000000000000000e+00 0.000000000000000000e+00 0.000000000000000000e+00 0.000000000000000000e+00 0.000000000000000000e+00 0.000000000000000000e+00 0.000000000000000000e+00 0.000000000000000000e+00 0.000000000000000000e+00
1.096798293292522430e-02 7.942933589220046997e-03 0.000000000000000000e+00 5.550722707994282246e-04 0.000000000000000000e+00 3.489495487883687019e-03 2.907869173213839531e-03 3.444330999627709389e-03 0.000000000000000000e+00 5.308330524712800980e-03 1.141154114156961441e-02
0.000000000000000000e+00 6.351684220135211945e-03 0.000000000000000000e+00 0.000000000000000000e+00 3.623861819505691528e-03 2.230473561212420464e-03 0.000000000000000000e+00 8.876083884388208389e-04 3.737334161996841431e-03 2.162488643079996109e-03 2.970091300085186958e-03
4.472333006560802460e-03 5.115395877510309219e-03 0.000000000000000000e+00 2.642241015564650297e-04 0.000000000000000000e+00 2.067995723336935043e-03 4.267186857759952545e-03 5.404988303780555725e-03 0.000000000000000000e+00 2.571496879681944847e-03 0.000000000000000000e+00
1.194616220891475677e-02 4.081101622432470322e-03 1.388478744775056839e-02 0.000000000000000000e+00 3.762583434581756592e-02 1.047827245201915503e-04 0.000000000000000000e+00 2.966030733659863472e-04 0.000000000000000000e+00 0.000000000000000000e+00 6.489531137049198151e-03
0.000000000000000000e+00 0.000000000000000000e+00 2.684432274691062048e-06 3.613930630308459513e-07 6.419243163691135123e-06 0.000000000000000000e+00 1.698181449683033861e-06 2.740946683843503706e-06 0.000000000000000000e+00 7.973197284627531189e-07 0.000000000000000000e+00
