0.000000000000000000e+00 1.705583801269531250e+02 1.367429565429687500e+03 0.000000000000000000e+00 0.000000000000000000e+00 0.000000000000000000e+00 5.112140625000000000e+03 5.276655273437500000e+03 1.587290525436401367e+00 2.304726600646972656e+01 0.000000000000000000e+00
5.929634765625000000e+03 2.648504394531250000e+03 7.215763183593750000e+03 1.888306732177734375e+02 5.246450752019882202e-02 8.685446166992187500e+01 1.722994148731231689e-01 2.095087051391601562e+00 1.279116439819335938e+02 1.075207519531250000e+01 1.054286035156250000e+04
5.531551269531250000e+03 3.588112592697143555e+00 1.950899314880371094e+01 2.241902343750000000e+04 2.078007568359375000e+03 2.649318237304687500e+02 1.013230859375000000e+04 3.815319061279296875e+01 5.831074523925781250e+01 1.482086132812500000e+04 4.083570556640625000e+03
7.508490234375000000e+03 9.357774734497070312e+00 3.371840808540582657e-03 3.832469482421875000e+02 2.387860107421875000e+02 1.394678192138671875e+02 4.319191284179687500e+02 3.051984863281250000e+03 3.187493652343750000e+03 1.380818939208984375e+02 4.290167236328125000e+02
4.927811622619628906e+00 3.167139768600463867e+00 6.257555007934570312e+00 1.374216079711914062e+00 2.703241534618427977e-06 1.595836758613586426e+00 2.942766189575195312e+00 1.921663522720336914e+00 1.449619293212890625e+00 7.976933956146240234e+00 2.318060302734375000e+01
0.000000000000000000e+00 0.000000000000000000e+00 0.000000000000000000e+00 0.000000000000000000e+00 0.000000000000000000e+00 1.021835487335920334e-06 0.000000000000000000e+00 0.000000000000000000e+00 0.000000000000000000e+00 0.000000000000000000e+00 7.337441765287167073e-11
3.857568359375000000e+01 1.807600781250000000e+04 7.095059204101562500e+01 1.414038848876953125e+02 1.433688157703727484e-04 1.038267288208007812e+02 4.120893478393554688e-01 1.132087097167968750e+02 2.048445281982421875e+02 9.274726562500000000e+03 1.732339324951171875e+02
4.181600615993374959e-06 8.434568359375000000e+03 6.879843139648437500e+01 3.764179564313963056e-05 9.577622222900390625e+01 3.850489257812500000e+03 1.128188228607177734e+01 1.334595336914062500e+02 6.680384765625000000e+03 1.216267089843750000e+02 1.254992382812500000e+04
0.000000000000000000e+00 1.721394195556640625e+02 7.763991210937500000e+03 3.102367675781250000e+03 2.061587333679199219e+01 3.279158691406250000e+03 1.173690722656250000e+04 5.643123626708984375e+01 5.492880859375000000e+03 2.132623291015625000e+01 2.024909820556640625e+02
0.000000000000000000e+00 0.000000000000000000e+00 0.000000000000000000e+00 0.000000000000000000e+00 2.129006385803222656e+01 0.000000000000000000e+00 0.000000000000000000e+00 0.000000000000000000e+00 0.000000000000000000e+00 0.000000000000000000e+00 5.243030682322569191e-05
0.000000000000000000e+00 8.443927392363548279e-03 6.585714221000671387e-02 1.778990961611270905e-02 1.895285844802856445e-01 0.000000000000000000e+00 4.460066556930541992e-02 3.950934112071990967e-02 2.604964538477361202e-05 9.358401596546173096e-02 8.164468454197049141e-05
