0.000000000000000000e+00 0.000000000000000000e+00 0.000000000000000000e+00 0.000000000000000000e+00 0.000000000000000000e+00 0.000000000000000000e+00 6.674517062492668629e-04 0.000000000000000000e+00 0.000000000000000000e+00 0.000000000000000000e+00 0.000000000000000000e+00
1.150653604418039322e-02 0.000000000000000000e+00 4.332160111516714096e-03 0.000000000000000000e+00 1.595592009834945202e-03 0.000000000000000000e+00 0.000000000000000000e+00 0.000000000000000000e+00 3.462071297690272331e-03 0.000000000000000000e+00 0.000000000000000000e+00
0.000000000000000000e+00 7.160417735576629639e-03 2.572886587586253881e-04 0.000000000000000000e+00 0.000000000000000000e+00 0.000000000000000000e+00 1.977151259779930115e-04 0.000000000000000000e+00 4.254647996276617050e-03 1.328238844871520996e-02 2.339139813557267189e-03
5.672629922628402710e-03 0.000000000000000000e+00 0.000000000000000000e+00 0.000000000000000000e+00 9.667338803410530090e-03 4.603764507919549942e-03 3.139919135719537735e-03 3.830882953479886055e-03 3.806121880188584328e-03 0.000000000000000000e+00 0.000000000000000000e+00
0.000000000000000000e+00 9.576730371918529272e-05 2.841363893821835518e-04 3.519328311085700989e-04 0.000000000000000000e+00 3.124437353108078241e-04 3.084401832893490791e-04 1.243729639099910855e-04 1.341787428827956319e-04 3.334248613100498915e-04 7.383238989859819412e-04
0.000000000000000000e+00 0.000000000000000000e+00 0.000000000000000000e+00 0.000000000000000000e+00 0.000000000000000000e+00 3.695338964462280273e-04 0.000000000000000000e+00 0.000000000000000000e+00 0.000000000000000000e+00 0.000000000000000000e+00 0.000000000000000000e+00
2.298909006640315056e-03 2.256134757772088051e-03 0.000000000000000000e+00 0.000000000000000000e+00 0.000000000000000000e+00 6.089959759265184402e-03 6.283436086960136890e-04 1.517134346067905426e-02 6.538926623761653900e-03 6.487420760095119476e-03 1.610990613698959351e-02
0.000000000000000000e+00 7.244976703077554703e-03 0.000000000000000000e+00 5.191874224692583084e-03 4.790843464434146881e-03 1.951622776687145233e-03 0.000000000000000000e+00 0.000000000000000000e+00 9.600440040230751038e-03 0.000000000000000000e+00 0.000000000000000000e+00
8.007616735994815826e-03 6.841944530606269836e-03 0.000000000000000000e+00 0.000000000000000000e+00 0.000000000000000000e+00 0.000000000000000000e+00 1.172614376991987228e-02 0.000000000000000000e+00 8.191852830350399017e-03 0.000000000000000000e+00 5.191991105675697327e-03
6.378717720508575439e-03 0.000000000000000000e+00 9.655119851231575012e-03 0.000000000000000000e+00 4.612315818667411804e-02 0.000000000000000000e+00 0.000000000000000000e+00 0.000000000000000000e+00 6.900448352098464966e-03 0.000000000000000000e+00 1.794072240591049194e-02
0.000000000000000000e+00 0.000000000000000000e+00 2.822321448547882028e-06 3.067869869255446247e-08 7.431532139889895916e-06 0.000000000000000000e+00 6.683226843051670585e-07 1.112261088564991951e-06 0.000000000000000000e+00 0.000000000000000000e+00 0.000000000000000000e+00
