0.000000000000000000e+00 6.614284357056021690e-04 2.014901256188750267e-04 0.000000000000000000e+00 0.000000000000000000e+00 0.000000000000000000e+00 6.346393493004143238e-04 8.940101834014058113e-04 0.000000000000000000e+00 0.000000000000000000e+00 0.000000000000000000e+00
1.769972499459981918e-03 0.000000000000000000e+00 2.040512394160032272e-03 9.610296110622584820e-04 0.000000000000000000e+00 3.608132246881723404e-04 0.000000000000000000e+00 0.000000000000000000e+00 1.594155764905735850e-04 0.000000000000000000e+00 0.000000000000000000e+00
5.606382619589567184e-04 7.717584230704233050e-05 0.000000000000000000e+00 0.000000000000000000e+00 5.958768306300044060e-04 8.538675610907375813e-04 2.565745031461119652e-03 0.000000000000000000e+00 0.000000000000000000e+00 2.250917255878448486e-03 0.000000000000000000e+00
3.815399017184972763e-03 0.000000000000000000e+00 0.000000000000000000e+00 0.000000000000000000e+00 0.000000000000000000e+00 4.485011959332041442e-05 2.039065817371010780e-03 0.000000000000000000e+00 0.000000000000000000e+00 2.549248456489294767e-04 0.000000000000000000e+00
1.878404691524337977e-05 7.341097807511687279e-05 8.531554340152069926e-05 4.806656215805560350e-05 0.000000000000000000e+00 1.240070414496585727e-04 1.261638681171461940e-04 2.414831214991863817e-05 1.029023187584243715e-04 1.194962314912118018e-04 2.353765012230724096e-04
0.000000000000000000e+00 0.000000000000000000e+00 2.527248347178101540e-03 0.000000000000000000e+00 0.000000000000000000e+00 7.053520996123552322e-03 2.279531181557103992e-04 0.000000000000000000e+00 0.000000000000000000e+00 2.435186877846717834e-03 1.146697252988815308e-02
0.000000000000000000e+00 0.000000000000000000e+00 0.000000000000000000e+00 8.824932156130671501e-04 0.000000000000000000e+00 1.524407882243394852e-03 0.000000000000000000e+00 1.810358138754963875e-03 1.484292559325695038e-03 2.839250490069389343e-03 8.400134975090622902e-04
0.000000000000000000e+00 1.463741064071655273e-03 8.340694475919008255e-04 0.000000000000000000e+00 0.000000000000000000e+00 0.000000000000000000e+00 0.000000000000000000e+00 0.000000000000000000e+00 6.324037094600498676e-04 0.000000000000000000e+00 0.000000000000000000e+00
0.000000000000000000e+00 1.241014921106398106e-03 0.000000000000000000e+00 0.000000000000000000e+00 0.000000000000000000e+00 1.316899782977998257e-03 3.119870380032807589e-04 0.000000000000000000e+00 0.000000000000000000e+00 0.000000000000000000e+00 2.120185090461745858e-04
7.391740800812840462e-04 1.410862198099493980e-03 4.088929388672113419e-03 0.000000000000000000e+00 8.300607092678546906e-03 0.000000000000000000e+00 0.000000000000000000e+00 0.000000000000000000e+00 8.450815803371369839e-04 0.000000000000000000e+00 3.360272385179996490e-03
0.000000000000000000e+00 7.419123448926256970e-08 1.925391643453622237e-06 1.386375970469089225e-06 4.666610948333982378e-06 0.000000000000000000e+00 1.647280555516772438e-06 1.992247916859923862e-06 0.000000000000000000e+00 2.916330458901938982e-06 1.750659492927297833e-07
