0.000000000000000000e+00 3.067586105316877365e-03 0.000000000000000000e+00 0.000000000000000000e+00 0.000000000000000000e+00 0.000000000000000000e+00 7.634965237230062485e-03 0.000000000000000000e+00 3.378532128408551216e-04 0.000000000000000000e+00 0.000000000000000000e+00
1.445166580379009247e-02 0.000000000000000000e+00 3.484701504930853844e-03 1.492436975240707397e-03 1.252914080396294594e-03 0.000000000000000000e+00 2.636207966133952141e-03 2.345127286389470100e-03 0.000000000000000000e+00 0.000000000000000000e+00 0.000000000000000000e+00
0.000000000000000000e+00 7.291893009096384048e-03 0.000000000000000000e+00 1.200390420854091644e-02 0.000000000000000000e+00 1.002086140215396881e-02 1.490861736238002777e-02 0.000000000000000000e+00 9.641543030738830566e-03 8.148525841534137726e-03 0.000000000000000000e+00
1.245932839810848236e-02 0.000000000000000000e+00 0.000000000000000000e+00 4.727327032014727592e-04 3.430454526096582413e-03 0.000000000000000000e+00 0.000000000000000000e+00 9.176703169941902161e-03 1.597789698280394077e-03 4.355207551270723343e-03 0.000000000000000000e+00
0.000000000000000000e+00 3.918748188880272210e-05 1.722025481285527349e-04 1.115974300773814321e-04 0.000000000000000000e+00 1.240730780409649014e-04 5.343591328710317612e-05 7.180536340456455946e-05 4.259209890733473003e-05 1.582193799549713731e-04 4.150208551436662674e-04
0.000000000000000000e+00 0.000000000000000000e+00 0.000000000000000000e+00 0.000000000000000000e+00 0.000000000000000000e+00 0.000000000000000000e+00 0.000000000000000000e+00 0.000000000000000000e+00 0.000000000000000000e+00 0.000000000000000000e+00 0.000000000000000000e+00
1.059790514409542084e-02 9.049106389284133911e-03 0.000000000000000000e+00 0.000000000000000000e+00 0.000000000000000000e+00 5.857246462255716324e-03 0.000000000000000000e+00 9.171525947749614716e-03 3.865026228595525026e-04 5.620178300887346268e-03 6.854406092315912247e-04
0.000000000000000000e+00 0.000000000000000000e+00 2.977073192596435547e-03 0.000000000000000000e+00 9.497103746980428696e-04 0.000000000000000000e+00 0.000000000000000000e+00 6.356477388180792332e-04 1.622805744409561157e-02 0.000000000000000000e+00 0.000000000000000000e+00
0.000000000000000000e+00 2.399641554802656174e-03 9.558516321703791618e-04 0.000000000000000000e+00 0.000000000000000000e+00 0.000000000000000000e+00 0.000000000000000000e+00 9.198611369356513023e-04 0.000000000000000000e+00 2.701916033402085304e-03 1.418421044945716858e-03
5.728498101234436035e-03 6.497036200016736984e-03 1.650166511535644531e-02 0.000000000000000000e+00 3.627865016460418701e-02 3.942029550671577454e-03 0.000000000000000000e+00 0.000000000000000000e+00 1.973411440849304199e-02 0.000000000000000000e+00 1.081406045705080032e-02
0.000000000000000000e+00 0.000000000000000000e+00 3.170787749695591629e-06 1.254286416951799765e-06 5.666134711646009237e-06 0.000000000000000000e+00 2.073963514703791589e-06 2.011118567679659463e-06 0.000000000000000000e+00 2.450947476972942241e-06 0.000000000000000000e+00
