0.000000000000000000e+00 2.657825825735926628e-03 8.772507309913635254e-03 0.000000000000000000e+00 0.000000000000000000e+00 0.000000000000000000e+00 2.386112319072708488e-04 2.368080196902155876e-03 9.200332715408876538e-05 0.000000000000000000e+00 0.000000000000000000e+00
1.654283516108989716e-02 0.000000000000000000e+00 7.986181415617465973e-03 7.079352624714374542e-03 0.000000000000000000e+00 0.000000000000000000e+00 6.153770256787538528e-03 0.000000000000000000e+00 1.738141523674130440e-03 0.000000000000000000e+00 0.000000000000000000e+00
0.000000000000000000e+00 0.000000000000000000e+00 2.472652122378349304e-03 1.956633292138576508e-03 7.815252058207988739e-03 0.000000000000000000e+00 0.000000000000000000e+00 0.000000000000000000e+00 0.000000000000000000e+00 8.487189188599586487e-03 4.293359816074371338e-03
7.230919320136308670e-03 5.186115391552448273e-03 0.000000000000000000e+00 0.000000000000000000e+00 0.000000000000000000e+00 0.000000000000000000e+00 5.148989614099264145e-03 1.235537696629762650e-02 5.070051178336143494e-03 0.000000000000000000e+00 0.000000000000000000e+00
0.000000000000000000e+00 5.841916936333291233e-05 3.074248161283321679e-05 4.779565642820671201e-05 0.000000000000000000e+00 8.118659025058150291e-05 4.979364166501909494e-05 3.381273927516303957e-05 7.199309766292572021e-05 7.327853381866589189e-05 2.109851193381473422e-04
0.000000000000000000e+00 0.000000000000000000e+00 0.000000000000000000e+00 0.000000000000000000e+00 0.000000000000000000e+00 1.834359019994735718e-03 0.000000000000000000e+00 0.000000000000000000e+00 0.000000000000000000e+00 0.000000000000000000e+00 1.734723475976807094e-18
5.811107810586690903e-03 8.010550402104854584e-03 0.000000000000000000e+00 0.000000000000000000e+00 0.000000000000000000e+00 0.000000000000000000e+00 1.001696102321147919e-02 1.371682388707995415e-03 1.496313023380935192e-03 0.000000000000000000e+00 8.234578999690711498e-04
0.000000000000000000e+00 0.000000000000000000e+00 0.000000000000000000e+00 0.000000000000000000e+00 4.187596961855888367e-03 3.901527030393481255e-03 0.000000000000000000e+00 0.000000000000000000e+00 1.988937845453619957e-03 0.000000000000000000e+00 0.000000000000000000e+00
0.000000000000000000e+00 7.468812167644500732e-03 5.435248371213674545e-03 0.000000000000000000e+00 0.000000000000000000e+00 0.000000000000000000e+00 5.994002334773540497e-03 4.076229408383369446e-03 0.000000000000000000e+00 1.010105828754603863e-03 9.874312672764062881e-04
9.393845684826374054e-04 4.010016564279794693e-03 1.399813499301671982e-02 0.000000000000000000e+00 3.100191988050937653e-02 1.962509471923112869e-03 0.000000000000000000e+00 0.000000000000000000e+00 3.231382230296730995e-03 0.000000000000000000e+00 1.211682427674531937e-02
0.000000000000000000e+00 0.000000000000000000e+00 1.625386857995181344e-06 7.946392202029528562e-07 3.304259507785900496e-06 0.000000000000000000e+00 5.329710575097124092e-07 4.309791634682369477e-08 1.664844546667154646e-07 1.762808892635803204e-06 0.000000000000000000e+00
