0.000000000000000000e+00 2.775249304249882698e-04 0.000000000000000000e+00 0.000000000000000000e+00 0.000000000000000000e+00 0.000000000000000000e+00 8.143182494677603245e-04 1.579644158482551575e-02 0.000000000000000000e+00 0.000000000000000000e+00 0.000000000000000000e+00
4.680445883423089981e-03 0.000000000000000000e+00 5.572366062551736832e-03 1.329406048171222210e-03 0.000000000000000000e+00 0.000000000000000000e+00 1.803723629564046860e-03 0.000000000000000000e+00 4.945838591083884239e-04 0.000000000000000000e+00 0.000000000000000000e+00
2.295609330758452415e-03 1.187174115329980850e-02 1.718243038340006024e-05 0.000000000000000000e+00 3.374945838004350662e-03 1.046930532902479172e-02 0.000000000000000000e+00 0.000000000000000000e+00 6.390500348061323166e-03 8.837844245135784149e-03 4.453069996088743210e-03
6.982885301113128662e-03 0.000000000000000000e+00 0.000000000000000000e+00 0.000000000000000000e+00 6.386590655893087387e-03 0.000000000000000000e+00 0.000000000000000000e+00 5.817664787173271179e-03 0.000000000000000000e+00 1.490813121199607849e-02 0.000000000000000000e+00
2.030416944762691855e-04 3.763755958061665297e-04 2.250059333164244890e-04 1.956369524123147130e-04 0.000000000000000000e+00 2.275675506098195910e-04 2.302545035490766168e-04 3.699622902786359191e-05 1.719453430268913507e-04 3.694034821819514036e-04 7.143688853830099106e-04
0.000000000000000000e+00 0.000000000000000000e+00 0.000000000000000000e+00 0.000000000000000000e+00 0.000000000000000000e+00 9.455718100070953369e-04 0.000000000000000000e+00 0.000000000000000000e+00 0.000000000000000000e+00 0.000000000000000000e+00 0.000000000000000000e+00
4.741949494928121567e-03 0.000000000000000000e+00 0.000000000000000000e+00 0.000000000000000000e+00 0.000000000000000000e+00 0.000000000000000000e+00 6.870794575661420822e-03 1.254604198038578033e-03 3.037535352632403374e-03 9.476459585130214691e-03 3.306536702439188957e-03
0.000000000000000000e+00 1.936928485520184040e-03 0.000000000000000000e+00 0.000000000000000000e+00 0.000000000000000000e+00 0.000000000000000000e+00 0.000000000000000000e+00 1.649409532546997070e-04 5.695924162864685059e-03 1.984826987609267235e-03 0.000000000000000000e+00
0.000000000000000000e+00 6.422958802431821823e-03 0.000000000000000000e+00 1.254100003279745579e-03 0.000000000000000000e+00 0.000000000000000000e+00 0.000000000000000000e+00 0.000000000000000000e+00 0.000000000000000000e+00 1.934362691827118397e-03 6.265682259254390374e-06
1.522586029022932053e-02 9.438010863959789276e-03 1.402113866060972214e-02 0.000000000000000000e+00 4.632776603102684021e-02 7.321928627789020538e-03 0.000000000000000000e+00 0.000000000000000000e+00 0.000000000000000000e+00 0.000000000000000000e+00 1.114479731768369675e-02
0.000000000000000000e+00 0.000000000000000000e+00 7.230808932945365086e-06 0.000000000000000000e+00 1.081528625945793465e-05 0.000000000000000000e+00 0.000000000000000000e+00 3.293029294582083821e-06 0.000000000000000000e+00 2.299264139082879410e-07 0.000000000000000000e+00
